1900000 113.4
1900010 113.3
1900020 113.4
1900030 113.4
1900040 113.4
1900050 113.5
1900060 113.5
1900070 113.5
1900080 113.4
1900090 113.4
1900100 113.4
1900110 113.4
1900120 113.4
1900130 113.4
1900140 113.5
1900150 113.5
1900160 113.5
1900170 113.7
1900180 113.7
1900190 113.4
1900200 113.4
1900210 113.4
1900220 113.4
1900230 113.5
1900240 113.5
1900250 113.5
1900260 113.4
1900270 113.4
1900280 113.4
1900290 113.4
1900300 113.4
1900310 113.5
1900320 113.4
1900330 113.4
1900340 113.3
1900350 113.4
1900360 113.4
1900370 113.5
1900380 113.4
1900390 113.4
1900400 113.4
1900410 113.5
1900420 113.5
1900430 113.7
1900440 113.8
1900450 113.9
1900460 113.9
1900470 113.9
1900480 114.0
1900490 114.0
1900500 113.7
1900510 113.8
1900520 113.8
1900530 113.8
1900540 113.8
1900550 113.8
1900560 113.9
1900570 113.9
1900580 113.9
1900590 113.9
1900600 113.9
1900610 113.9
1900620 113.8
1900630 113.7
1900640 113.7
1900650 113.6
1900800 113.8
1900810 113.7
1900820 113.7
1900830 113.7
1900840 113.7
1900850 113.7
1900860 113.7
1900870 113.6
1900880 113.6
1900890 113.5
1900900 113.7
1900910 113.7
1900920 113.6
1900930 113.8
1900940 113.9
1900950 113.9
1900960 113.5
1900970 113.4
1900980 113.4
1900990 113.4
1901000 113.3
1901010 113.3
