1900000 113.8
1900010 113.8
1900020 113.8
1900030 113.8
1900040 113.8
1900050 113.7
1900060 113.7
1900070 113.7
1900080 113.7
1900090 113.6
1900100 113.6
1900110 113.6
1900120 113.6
1900130 113.6
1900140 113.5
1900150 113.5
1900160 113.5
1900170 113.5
1900180 113.6
1900190 113.6
1900200 113.6
1900210 113.5
1900220 113.5
1900230 113.6
1900240 113.5
1900250 113.5
1900260 113.5
1900270 113.4
1900280 113.4
1900290 113.4
1900300 113.4
1900310 113.4
1900320 113.4
1900330 113.4
1900340 113.4
1900350 113.4
1900360 113.4
1900370 113.4
1900380 113.3
1900390 113.4
1900400 113.4
1900410 113.3
1900420 113.3
1900430 113.3
1900440 113.3
1900450 113.3
1900460 113.3
1900470 113.3
1900480 113.2
1900490 113.2
1900500 113.2
1900510 113.1
1900520 113.1
1900530 113.1
1900540 113.2
1900550 113.2
1900560 113.2
1900570 113.3
1900580 113.4
1900590 113.4
1900600 113.4
1900610 113.5
1900620 113.5
1900630 113.5
1900640 113.5
1900650 113.5
1900660 113.3
1900670 113.3
1900680 113.3
1900690 113.3
1900700 113.6
1900710 113.6
1900720 113.5
1900730 113.4
1900740 113.4
1900750 113.3
1900760 113.5
1900770 113.5
1900780 113.6
1900790 113.7
1900800 113.7
1900810 113.4
1900820 113.2
1900830 113.2
1900840 113.3
1900850 113.6
1900860 113.6
1900870 113.6
1900880 113.9
1900890 113.9
1900900 114.0
1900910 114.1
1900920 114.1
1900930 114.2
1900940 114.1
1900950 114.1
1900960 113.9
1900970 113.9
1900980 113.9
1900990 113.9
1901000 113.7
1901010 113.7
1901020 113.6
1901030 113.5
1901040 113.5
1901050 113.5
1901060 113.4
1901070 113.5
1901080 113.5
1901090 113.5
1901100 113.6
1901110 113.6
1901120 113.6
1901130 113.5
1901140 113.5
1901150 113.5
1901160 113.4
1901170 113.4
1901180 113.4
1901190 113.6
1901200 113.6
1901210 113.6
1901220 113.5
1901230 113.5
1901240 113.5
1901250 113.5
1901260 113.5
1901270 113.3
1901280 113.3
1901290 113.3
1901300 113.3
1901310 113.4
1901320 113.4
1901330 113.5
1901340 113.6
1901350 113.6
1901360 113.5
1901370 113.4
1901380 113.4
1901390 113.3
1901400 113.2
1901410 113.2
1901420 113.2
1901430 113.4
1901440 113.4
1901450 113.3
1901460 113.3
1901470 113.3
1901480 113.3
1901490 113.4
1901500 113.4
1901510 113.3
1901520 113.4
1901530 113.4
1901540 113.4
1901550 113.3
1901560 113.3
1901570 113.3
1901580 113.3
1901590 113.2
1901600 113.2
1901610 113.2
1901620 113.1
1901630 113.1
1901640 113.1
1901650 113.0
1901660 113.0
1901670 113.0
1901680 113.2
1901690 113.2
1901700 113.2
1901710 113.2
1901720 113.2
1901730 113.1
1901740 113.0
1901750 113.0
1901760 113.0
1901770 112.9
1901780 112.9
1901790 113.0
1901800 113.0
1901810 113.0
1901820 113.0
1901830 112.9
1901840 112.9
1901850 113.0
1901860 113.1
1901870 113.1
1901880 113.0
1901890 112.9
1901900 112.9
1901910 113.0
1901920 113.0
1901930 113.0
1901940 113.0
1901950 113.1
1901960 113.1
1901970 113.1
1901980 113.0
1901990 113.0
1902000 113.0
1902010 113.1
1902020 113.1
1902030 113.1
1902040 113.1
1902050 113.1
1902060 113.1
1902070 113.1
1902080 113.0
1902090 113.0
1902100 112.9
1902110 112.9
1902120 112.9
1902130 112.9
1902140 112.9
1902150 112.9
1902160 112.9
1902170 112.8
1902180 112.8
1902190 112.9
1902200 113.1
1902210 113.1
1902220 113.4
1902230 113.0
1902240 113.0
1902250 113.3
1902260 113.0
1902270 113.0
1902280 112.9
1902290 113.1
1902300 113.1
1902310 113.0
1902320 113.0
1902330 113.0
1902340 112.9
1902350 112.9
1902360 112.9
1902370 113.1
1902380 113.1
1902390 113.1
1902400 113.0
1902410 112.9
1902420 112.9
1902430 113.0
1902440 112.9
1902450 112.9
1902460 112.9
1902470 112.9
1902480 112.9
1902490 112.9
1902500 112.9
1902510 112.9
1902520 113.0
1902530 113.0
1902540 113.0
1902550 113.0
1902560 112.9
1902570 112.9
1902580 112.9
1902590 112.9
1902600 113.0
1902610 113.0
1902620 113.0
1902630 113.0
1902640 113.0
1902650 112.9
1902660 112.9
1902670 112.9
1902680 113.0
1902690 113.0
1902700 113.0
1902710 113.1
1902720 113.1
1902730 113.1
1902740 113.0
1902750 113.1
1902760 113.1
1902770 113.1
1902780 113.1
1902790 113.1
1902800 113.2
1902810 113.0
1902820 113.0
1902830 113.1
1902840 113.0
1902850 113.0
1902860 113.0
1902870 113.1
1902880 113.1
1902890 113.0
1902900 113.0
1902910 113.0
1902920 113.0
1902930 113.1
1902940 113.1
1902950 113.1
1902960 113.1
1902970 113.1
1902980 113.1
1902990 113.1
1903000 113.1
1903010 113.1
1903020 113.1
1903030 113.1
1903040 113.1
1903050 113.1
1903060 113.1
1903070 113.1
1903080 113.1
1903090 113.1
1903100 113.1
1903110 113.1
1903120 113.1
1903130 113.1
1903140 113.3
1903150 113.0
1903160 113.0
1903170 113.1
1903180 113.1
1903190 113.1
1903200 113.1
1903210 113.1
1903220 113.1
1903230 113.1
1903240 112.6
1903250 112.6
1903260 113.3
1903270 113.6
1903280 113.6
1903290 113.3
1903300 113.2
1903310 113.2
1903320 113.1
1903330 113.1
1903340 113.1
1903350 113.2
1903360 113.2
1903370 113.2
1903380 113.2
1903390 113.3
1903400 113.3
1903410 112.8
1903420 112.8
1903430 112.8
1903440 112.9
