1900000 113.2
1900010 113.2
1900020 113.3
1900030 113.3
1900040 113.3
1900050 113.3
1900060 113.5
1900070 113.5
1900080 113.6
1900090 113.6
1900100 113.6
1900110 113.4
1900120 113.5
1900130 113.5
1900140 113.5
1900150 113.4
1900160 113.4
1900170 113.3
1900180 113.3
1900190 113.3
1900200 113.3
1900210 113.3
1900220 113.3
1900230 113.3
1900240 113.3
1900250 113.3
1900260 113.4
1900270 113.4
1900280 113.4
1900290 113.5
1900300 113.6
1900310 113.7
1900320 113.7
1900330 113.7
1900340 113.7
1900350 113.7
1900360 113.7
1900370 113.8
1900380 113.8
1900390 113.9
1900400 113.9
1900410 113.9
1900420 114.0
1900430 114.0
1900440 114.0
1900450 113.8
1900460 113.7
1900470 113.7
1900480 113.7
1900490 113.8
1900500 113.8
1900510 113.8
1900520 113.7
1900530 113.7
1900540 113.7
1900550 113.8
1900560 113.8
1900570 113.8
1900580 113.8
1900590 113.8
1900600 113.8
1900610 113.9
1900620 113.9
1900630 113.9
1900640 113.9
1900650 113.9
1900660 113.9
1900670 113.8
1900680 113.8
1900690 113.8
1900700 113.8
1900710 113.8
1900720 113.8
1900730 113.8
1900740 113.8
1900750 113.9
1900760 113.8
1900770 113.8
1900780 113.7
1900790 113.7
1900800 113.7
1900810 113.7
1900820 113.6
1900830 113.3
1900840 113.3
1900850 113.4
1900860 113.5
1900870 113.5
1900880 113.5
1900890 113.5
1900900 113.5
1900910 113.5
1900920 113.4
1900930 113.4
1900940 113.3
1900950 113.2
1900960 113.2
1900970 113.2
1900980 113.1
1900990 113.1
1901000 113.1
1901010 113.2
1901020 113.2
1901030 113.3
1901040 113.3
1901050 113.3
1901060 113.4
1901070 113.4
1901080 113.4
1901090 113.2
1901100 113.3
1901110 113.3
1901120 113.3
1901130 113.3
1901140 113.3
1901150 113.4
1901160 113.3
1901170 113.3
1901180 113.3
1901190 113.2
1901200 113.2
1901210 113.2
1901220 113.2
1901230 113.2
1901240 113.2
1901250 113.1
1901260 113.1
1901270 113.1
1901280 113.1
1901290 113.1
1901300 113.1
1901310 113.2
1901320 113.1
1901330 113.1
1901340 113.1
1901350 113.2
1901360 113.2
1901370 113.2
1901380 113.3
1901390 113.3
1901400 113.2
1901410 113.2
1901420 113.2
1901430 113.2
1901440 113.2
1901450 113.2
1901460 113.3
1901470 113.2
1901480 113.2
1901490 113.2
1901500 113.3
1901510 113.3
1901520 113.2
1901530 113.2
1901540 113.2
