1900000 113.2
1900010 113.3
1900020 113.3
1900030 113.3
1900040 113.4
1900050 113.5
1900060 113.5
1900070 113.6
1900080 113.5
1900090 113.5
1900100 113.5
1900110 113.6
1900120 113.6
1900130 113.5
1900140 113.5
1900150 113.5
1900160 113.5
1900170 113.6
1900180 113.6
1900190 113.7
1900200 113.5
1900210 113.5
1900220 113.4
1900380 113.6
1900390 113.6
1900400 113.6
1900410 113.5
1900820 113.7
1900830 113.7
1900840 113.7
1900850 113.6
1900860 113.6
1900870 113.7
1900880 113.6
1900890 113.6
1900900 113.8
1900910 114.0
1900920 114.0
