1900000 113.5
1900010 113.5
1900020 113.5
1900030 113.4
1900040 113.5
1900050 113.4
1900060 113.4
1900070 113.3
1900080 113.3
1900090 113.3
1900100 113.3
1900110 113.3
1900120 113.2
1900130 113.2
1900140 113.2
1900150 113.3
1900160 113.3
1900170 113.3
1900180 113.3
1900190 113.3
1900200 113.3
1900210 113.2
1900220 113.2
1900230 113.3
1900240 113.3
1900250 113.3
1900260 113.3
1900270 113.5
1900280 113.5
1900290 113.6
1900300 113.3
1900310 113.3
1900320 113.5
1900330 113.3
1900340 113.2
1900350 113.2
1900360 113.4
1900370 113.4
1900380 113.4
1900390 113.4
1900400 113.4
1900410 113.3
1900420 113.3
1900430 113.3
1900440 113.2
1900450 113.2
1900460 113.2
1900470 113.1
1900480 113.1
1900490 113.1
1900500 113.1
1900510 113.1
1900520 113.1
1900530 113.1
1900540 113.1
1900550 113.1
1900560 113.1
1900570 113.1
1900580 113.1
1900590 113.1
1900600 113.1
1900610 113.0
1900620 113.0
1900630 113.0
1900640 113.1
1900650 113.1
1900660 113.0
1900670 113.0
1900680 113.0
1900690 112.9
1900700 112.9
1900710 112.9
1900720 113.2
1900730 113.4
1900740 113.4
1900750 113.3
1900760 113.2
1900770 113.2
1900780 113.2
1900790 113.2
1900800 113.2
1900810 113.2
1900820 113.3
1900830 113.3
1900840 113.4
1900850 113.4
1900860 113.4
1900870 113.7
1900880 113.8
1900890 113.8
1900900 114.1
1900910 114.3
1900920 114.3
1900930 114.6
1900940 114.8
1900950 114.3
1900960 114.4
1900970 114.0
1900980 114.0
1900990 113.8
1901000 113.7
1901010 113.7
1901020 113.9
1901030 114.3
1901040 114.3
1901050 114.7
1901060 114.8
1901070 114.8
1901080 114.9
1901090 115.2
1901100 115.2
1901110 115.2
1901120 115.4
1901130 115.5
1901140 115.5
1901150 115.3
1901160 115.2
1901170 115.2
1901180 115.1
1901190 115.0
1901200 115.0
1901210 114.9
1901220 114.5
1901230 114.5
1901240 114.4
1901250 114.4
1901260 115.3
1901270 115.2
1901280 115.0
1901290 115.0
1901300 114.7
1901310 114.4
1901320 114.4
1901330 114.3
1901340 114.1
1901350 114.1
1901360 114.0
1901370 114.0
1901380 114.0
1901390 114.0
1901400 114.0
1901410 114.0
1901420 114.0
1901430 114.0
1901440 114.0
1901450 114.0
1901460 114.0
1901470 114.0
1901480 113.8
1901490 113.6
1901500 113.6
1901510 113.6
1901520 113.3
1901530 113.3
1901540 112.8
1901550 112.6
1901560 112.6
1901570 113.9
1901580 113.5
1901590 113.5
1901600 113.3
1901610 113.2
1901620 113.2
1901630 112.9
1901640 112.9
1901650 112.3
1901660 112.3
1901670 112.1
1901680 112.1
1901690 112.1
1901700 112.1
1901710 112.1
1901720 112.1
1901730 112.0
1901740 112.1
1901750 112.1
1901760 112.1
1901770 112.1
1901780 112.1
1901790 112.1
1901800 112.6
1901810 112.6
1901820 112.5
1901830 112.8
1901840 112.8
1901850 113.0
1901860 113.3
1901870 113.3
1901880 112.2
1901890 112.2
1901900 112.2
1901910 112.7
1901920 112.8
1901930 112.8
1901940 112.9
1901950 113.0
1901960 113.0
1901970 113.1
1901980 113.5
1901990 113.5
1902000 113.5
1902010 113.5
1902020 113.5
1902030 113.4
1902040 113.4
1902050 113.4
1902060 113.4
1902070 113.4
1902080 113.4
1902090 113.5
1902100 113.5
1902110 113.5
1902120 113.7
1902130 114.1
1902140 114.1
1902150 114.0
1902160 114.5
1902170 114.8
1902180 114.8
1902190 113.6
1902200 114.0
1902210 114.0
1902220 114.1
1902230 114.6
1902240 114.6
1902250 114.9
1902260 114.8
1902270 114.8
1902280 115.0
1902290 114.9
1902300 114.9
1902310 114.7
1902320 114.5
1902330 114.5
1902340 114.2
1902350 113.9
1902360 113.9
1902370 114.0
1902380 113.6
1902390 113.6
1902400 113.6
1902410 113.5
1902420 113.5
1902430 113.4
1902440 113.3
1902450 113.3
1902460 113.3
1902470 113.2
1902480 113.2
1902490 113.3
1902500 113.3
1902510 113.3
1902520 113.3
1902530 113.3
1902540 113.3
1902550 113.2
1902560 113.3
1902570 113.3
1902580 113.2
1902590 113.1
1902600 113.1
1902610 113.2
1902620 113.2
1902630 113.2
1902640 113.2
1902650 113.2
1902660 113.2
1902670 113.2
1902680 113.2
1902690 113.1
1902700 113.1
1902710 113.1
1902720 113.2
1902730 113.2
1902740 113.2
1902750 113.2
1902760 113.2
1902770 113.2
1902780 113.2
1902790 113.2
1902800 113.2
1902810 113.2
1902820 113.2
1902830 113.2
1902840 113.3
1902850 113.3
1902860 113.3
1902870 113.3
1902880 113.3
1902890 113.4
1902900 113.4
1902910 113.4
1902920 113.4
1902930 113.4
1902940 113.4
1902950 113.4
1902960 113.4
1902970 113.4
1902980 113.0
1902990 112.9
1903000 112.9
1903010 113.7
1903020 113.4
1903030 113.4
1903040 113.4
1903050 113.4
1903060 113.4
1903070 113.4
1903080 113.4
1903090 113.4
1903100 113.4
1903110 113.3
1903120 113.3
1903130 113.4
1903140 113.4
1903150 113.4
1903160 113.5
1903170 113.4
1903180 113.4
1903190 113.4
1903200 113.4
1903210 113.4
1903220 113.4
1903230 113.3
1903240 113.3
1903250 113.3
1903260 113.3
1903270 113.3
1903280 113.3
1903290 113.4
1903300 113.4
1903310 113.4
1903320 113.4
1903330 113.4
1903340 113.4
1903350 113.4
1903360 113.4
1903370 113.4
1903380 113.4
1903390 113.4
1903400 113.4
1903410 113.5
1903420 113.5
1903430 113.5
1903440 113.4
1903450 113.5
1903460 113.5
1903470 113.5
1903480 113.5
1903490 113.5
1903500 113.4
1903510 113.3
1903520 113.3
1903530 113.3
1903540 113.2
1903550 113.2
1903560 113.2
1903570 113.1
1903580 113.1
1903590 113.1
1903600 113.2
1903610 113.2
1903620 113.2
1903630 113.1
1903640 113.1
1903650 113.1
1903660 113.3
1903670 113.3
1903680 113.3
1903690 113.4
1903700 113.3
1903710 113.3
1903720 113.2
1903730 113.2
1903740 113.2
1903750 113.3
1903760 113.2
1903770 113.2
1903780 113.2
1903790 113.2
1903800 113.2
1903810 113.2
1903820 113.3
1903830 113.3
1903840 113.3
1903850 113.3
1903860 113.3
1903870 113.2
1903880 113.2
1903890 113.2
1903900 113.3
1903910 113.3
1903920 113.3
1903930 113.2
1903940 113.2
1903950 113.2
1903960 113.2
1903970 113.2
1903980 113.2
1903990 113.2
1904000 113.2
1904010 113.2
1904020 113.2
1904030 113.2
1904040 113.2
1904050 113.1
1904060 113.1
1904070 113.1
1904080 113.1
1904090 113.1
1904100 113.1
1904110 113.1
1904120 113.2
1904130 113.2
1904140 113.2
1904150 113.2
1904160 113.2
1904170 113.2
1904180 113.1
1904190 113.1
1904200 113.2
1904210 113.1
1904220 113.1
1904230 113.1
1904240 113.1
1904250 113.1
1904260 113.1
1904270 113.3
