1900000 113.4
1900010 113.4
1900020 113.4
1900030 113.4
1900040 113.3
1900050 113.3
1900060 113.3
1900070 113.3
1900080 113.3
1900090 113.3
1900100 113.3
1900110 113.3
1900120 113.3
1900130 113.3
1900140 113.2
1900150 113.2
1900160 113.3
1900170 113.5
1900180 113.5
1900190 113.5
1900200 113.3
1900210 113.3
1900220 113.5
1900230 113.4
1900240 113.4
1900250 113.2
1900260 113.2
1900270 113.2
1900280 113.2
1900290 113.3
1900300 113.3
1900310 113.3
1900320 113.3
1900330 113.3
1900340 113.3
1900350 113.2
1900360 113.2
1900370 113.2
1900380 113.1
1900390 113.1
1900400 113.1
1900410 113.1
1900420 113.1
1900430 113.1
1900440 113.2
1900450 113.2
1900460 113.2
1900470 113.2
1900480 113.2
1900490 113.2
1900500 113.2
1900510 113.2
1900520 113.2
1900530 113.2
1900540 113.2
1900550 113.2
1900560 113.2
1900570 113.1
1900580 113.1
1900590 113.1
1900600 113.1
1900610 113.1
1900620 113.1
1900630 113.1
1900640 113.1
1900650 113.1
1900660 113.1
1900670 113.1
1900680 113.1
1900690 113.1
1900700 113.1
1900710 113.2
1900720 113.2
1900730 113.2
1900740 113.2
1900750 113.2
1900760 113.2
1900770 113.3
1900780 113.3
1900790 113.3
1900800 113.4
1900810 113.4
1900820 113.4
1900830 113.4
1900840 113.4
1900850 113.4
1900860 113.4
1900870 113.4
1900880 113.4
1900890 113.6
1900900 114.1
1900910 114.1
1900920 113.9
1900930 113.5
1900940 113.4
1900950 113.4
1900960 113.4
1900970 113.4
1900980 113.4
1900990 113.4
1901000 113.4
1901010 113.4
1901020 113.4
1901030 113.4
1901040 113.4
1901050 113.4
1901060 113.3
1901070 113.3
1901080 113.4
1901090 113.5
1901100 113.5
1901110 113.5
1901120 113.4
1901130 113.4
1901140 113.3
1901150 113.3
1901160 113.3
1901170 113.2
1901180 113.2
1901190 113.2
1901200 113.1
1901210 113.1
1901220 113.1
1901230 113.2
1901240 113.2
1901250 113.1
1901260 113.2
1901270 113.2
1901280 113.2
1901290 113.3
1901300 113.2
1901310 113.2
1901320 113.2
1901330 113.3
1901340 113.3
1901350 113.2
1901360 113.2
1901370 113.2
1901380 113.4
1901390 113.4
1901400 113.4
1901410 113.4
1901420 113.4
1901430 113.4
1901440 113.4
1901450 113.4
1901460 113.4
1901470 113.4
1901480 113.5
1901490 113.5
1901500 113.4
1901510 113.4
1901520 113.4
1901530 113.3
1901540 113.3
1901550 113.3
1901560 113.2
1901570 113.2
1901580 113.3
1901590 113.3
1901600 113.3
1901610 113.3
1901620 113.3
1901630 113.2
1901640 113.1
1901650 113.1
1901660 113.2
1901670 113.4
1901680 113.4
1901690 113.4
1901700 113.3
1901710 113.3
1901720 113.3
1901730 113.4
1901740 113.4
1901750 113.4
1901760 113.6
1901770 113.6
1901780 113.8
1901790 113.9
1901800 113.9
1901810 113.8
1901820 114.1
1901830 114.1
1901840 114.3
1901850 114.3
1901860 114.3
1901870 113.5
1901880 113.7
1901890 113.7
1901900 113.9
1901910 113.9
1901920 113.9
1901930 113.9
1901940 114.4
1901950 114.4
1901960 114.7
1901970 115.0
1901980 115.0
1901990 115.2
1902000 115.2
1902010 115.2
1902020 115.3
1902030 115.1
1902040 115.1
1902050 115.2
1902060 114.8
1902070 114.8
1902080 114.5
1902090 114.1
1902100 113.9
1902110 113.9
1902120 113.7
1902130 113.6
1902140 113.6
1902150 113.6
1902160 113.6
1902170 114.2
1902180 114.2
1902190 114.1
1902200 114.1
1902210 113.8
1902220 113.7
1902230 113.7
1902240 113.6
1902250 113.6
1902260 113.6
1902270 113.6
1902280 113.6
1902290 113.6
1902300 113.6
1902310 113.6
1902320 113.6
1902330 113.4
1902340 113.2
1902350 113.2
1902360 113.1
1902370 113.0
1902380 113.0
1902390 112.9
1902400 112.5
1902410 112.5
1902420 112.2
1902430 112.2
1902440 112.2
1902450 112.2
1902460 112.1
1902470 112.1
1902480 112.6
1902490 112.5
1902500 112.5
1902510 112.4
1902520 112.4
1902530 112.4
1902540 112.1
1902550 112.0
1902560 112.0
1902570 112.0
1902580 112.1
1902590 112.1
1902600 112.1
1902610 112.1
1902620 112.1
1902630 112.1
1902640 112.1
1902650 112.1
1902660 112.1
1902670 112.5
1902680 112.8
1902690 112.8
1902700 112.9
1902710 113.0
1902720 113.0
1902730 113.3
1902740 113.2
1902750 113.2
1902760 113.3
1902770 113.3
1902780 113.3
1902790 112.8
1902800 113.0
1902810 113.0
1902820 113.2
1902830 113.2
1902840 113.2
1902850 113.4
1902860 113.5
1902870 113.5
1902880 113.7
1902890 114.0
1902900 114.0
1902910 112.9
1902920 113.9
1902930 113.9
1902940 114.0
1902950 114.2
1902960 114.2
1902970 114.2
1902980 114.5
1902990 114.5
1903000 114.8
1903010 115.1
1903020 115.1
1903030 115.1
1903040 115.1
1903050 115.1
1903060 115.1
1903070 115.1
1903080 115.1
1903090 114.6
1903100 114.6
1903110 114.6
1903120 114.9
1903130 115.3
1903140 115.2
1903150 115.2
1903160 115.0
1903170 114.9
1903180 114.9
1903190 114.9
1903200 114.8
1903210 114.8
1903220 114.1
1903230 113.7
1903240 113.7
1903250 113.5
1903260 113.5
1903270 113.5
1903280 113.4
1903290 113.2
1903300 113.2
1903310 113.2
1903320 113.3
1903330 113.3
1903340 113.4
1903350 113.4
1903360 113.4
1903370 113.4
1903380 113.4
1903390 113.4
1903400 113.3
1903410 113.3
1903420 113.3
1903430 113.3
1903440 113.4
1903450 113.4
1903460 113.4
1903470 113.4
1903480 113.4
1903490 113.4
1903500 113.5
1903510 113.5
1903520 113.4
1903530 113.3
1903540 113.3
1903550 113.2
1903560 113.1
1903570 113.1
1903580 113.2
1903590 113.2
1903600 113.2
1903610 113.1
1903620 113.1
1903630 113.1
1903640 113.2
1903650 113.2
1903660 113.2
1903670 113.2
1903680 113.2
1903690 113.1
1903700 113.1
1903710 113.2
1903720 113.3
1903730 113.3
1903740 113.2
1903750 113.1
1903760 113.1
1903770 113.2
1903780 113.2
1903790 113.2
1903800 113.3
1903810 113.3
1903820 113.3
1903830 113.3
1903840 113.3
1903850 113.3
1903860 113.2
1903870 113.2
1903880 113.2
1903890 113.3
1903900 113.3
1903910 113.3
1903920 113.3
1903930 113.2
1903940 113.2
1903950 113.3
1903960 113.3
1903970 113.3
1903980 113.2
1903990 113.2
1904000 113.2
1904010 113.3
1904020 113.2
1904030 113.2
1904040 113.1
1904050 113.3
1904060 113.3
1904070 113.3
1904080 113.2
1904090 113.2
1904100 113.3
1904110 113.3
1904120 113.3
1904130 113.2
1904140 113.3
1904150 113.3
1904160 113.2
1904170 113.2
1904180 113.1
1904190 113.1
1904200 113.1
1904210 113.1
1904220 113.1
1904230 113.1
1904240 113.1
1904250 113.1
1904260 113.2
1904270 113.1
1904280 113.1
