1900000 113.4
1900010 113.4
1900020 113.4
1900030 113.4
1900040 113.4
1900050 113.5
1900060 113.6
1900070 113.3
1900080 113.3
1900090 113.3
1900100 113.5
1900110 113.5
1900120 113.4
1900130 113.4
1900140 113.4
1900150 113.4
1900160 113.4
1900170 113.4
1900180 113.4
1900190 113.4
1900200 113.4
1900210 113.4
1900220 113.4
1900230 113.4
1900240 113.3
1900250 113.3
1900260 113.3
1900270 113.3
1900280 113.3
1900290 113.3
1900300 113.2
1900310 113.2
1900320 113.2
1900330 113.2
1900340 113.3
1900350 113.3
1900360 113.3
1900370 113.3
1900380 113.3
1900390 113.3
1900400 113.3
1900410 113.3
1900420 113.2
1900430 113.2
1900440 113.2
1900450 113.1
1900460 113.1
1900470 113.1
1900480 113.1
1900490 113.2
1900500 113.2
1900510 113.2
1900520 113.2
1900530 113.2
1900540 113.2
1900550 113.2
1900560 113.2
1900570 113.2
1900580 113.2
1900590 113.2
1900600 113.2
1900610 113.3
1900620 113.3
1900630 113.3
1900640 113.3
1900650 113.3
1900660 113.3
1900670 113.3
1900680 113.3
1900690 113.3
1900700 113.3
1900710 113.3
1900720 113.3
1900730 113.4
1900740 113.4
1900750 113.4
1900760 113.4
1900770 113.3
1900780 113.3
1900790 113.3
1900800 113.3
1900810 113.3
1900820 113.9
1900830 113.9
1900840 113.9
1900850 113.5
1900860 113.3
1900870 113.3
1900880 113.4
1900890 113.4
1900900 113.4
1900910 113.5
1900920 113.5
1900930 113.5
1900940 113.4
1900950 113.4
1900960 113.4
1900970 113.4
1900980 113.4
1900990 113.4
1901000 113.5
1901010 113.4
1901020 113.4
1901030 113.4
1901040 113.5
1901050 113.5
1901060 113.4
1901070 113.5
1901080 113.5
1901090 113.4
1901100 113.4
1901110 113.3
1901120 113.3
1901130 113.3
1901140 113.3
1901150 113.3
1901160 113.2
1901170 113.2
1901180 113.2
1901190 113.2
1901200 113.2
1901210 113.2
1901220 113.2
1901230 113.2
1901240 113.2
1901250 113.2
1901260 113.3
1901270 113.3
1901280 113.3
1901290 113.2
1901300 113.2
1901310 113.2
1901320 113.2
1901330 113.2
1901340 113.2
1901350 113.2
1901360 113.2
1901370 113.1
1901380 113.1
1901390 113.1
1901400 113.2
1901410 113.3
1901420 113.3
1901430 113.3
1901440 113.3
1901450 113.3
1901460 113.4
1901470 113.4
1901480 113.4
1901490 113.3
1901500 113.2
1901510 113.2
1901520 113.2
1901530 113.2
1901540 113.2
1901550 113.2
1901560 113.1
1901570 113.1
1901580 113.1
1901590 113.2
1901600 113.2
1901610 113.3
1901620 113.2
1901630 113.2
1901640 113.2
1901650 113.2
1901660 113.1
1901670 113.1
1901680 113.0
1901690 113.2
1901700 113.2
1901710 113.2
1901720 113.0
1901730 113.0
1901740 113.0
1901750 113.0
1901760 113.0
1901770 113.0
1901780 113.1
1901790 113.1
1901800 113.1
1901810 113.1
1901820 113.1
1901830 113.1
1901840 113.0
1901850 113.0
1901860 113.0
1901870 113.0
1901880 113.0
1901890 113.1
1901900 113.1
1901910 113.1
1901920 113.1
1901930 113.1
1901940 113.1
1901950 113.1
1901960 113.1
1901970 113.1
1901980 113.2
1901990 113.2
1902000 113.2
1902010 113.2
1902020 113.2
1902030 113.2
1902040 113.2
1902050 113.2
1902060 113.2
1902070 113.2
1902080 113.2
1902090 113.2
1902100 113.1
1902110 113.1
1902120 113.1
1902130 113.2
1902140 113.2
1902150 113.2
1902160 113.2
1902170 113.1
1902180 113.1
1902190 113.1
1902200 113.2
1902210 113.2
1902220 113.2
1902230 113.0
1902240 113.1
1902250 113.1
1902260 113.2
1902270 113.2
1902280 113.2
1902290 113.2
1902300 113.2
1902310 113.2
1902320 113.2
1902330 113.2
1902340 113.2
1902350 113.2
1902360 113.2
1902370 113.2
1902380 113.1
1902390 113.1
1902400 113.1
1902410 113.1
1902420 113.1
1902430 113.1
1902440 113.1
1902450 113.0
1902460 113.0
1902470 113.0
1902480 113.1
1902490 113.1
1902500 113.1
1902510 113.1
1902520 113.1
1902530 113.1
1902540 113.1
1902550 113.1
1902560 113.1
1902570 113.0
1902580 113.0
1902590 113.0
1902600 113.0
1902610 113.0
1902620 113.0
1902630 113.0
1902640 113.0
1902650 113.1
1902660 113.1
1902670 113.1
1902680 113.1
1902690 113.1
1902700 113.1
1902710 113.1
1902720 113.1
1902730 113.1
1902740 113.1
1902750 113.1
1902760 113.3
1902770 113.3
1902780 113.2
1902790 113.1
1902800 113.1
1902810 113.4
1902820 112.7
1902830 112.7
1902840 113.6
1902850 113.8
1902860 113.8
1902870 113.7
1902880 113.8
1902890 113.8
1902900 114.0
1902910 114.2
1902920 114.2
1902930 114.4
1902940 114.5
1902950 114.5
1902960 114.8
1902970 115.0
1902980 113.9
1902990 114.1
1903000 114.2
1903010 114.2
1903020 114.3
1903030 114.6
1903040 114.6
1903050 114.7
1903060 115.0
1903070 115.0
1903080 115.0
1903090 115.2
1903100 115.2
1903110 115.0
1903120 114.9
1903130 114.9
1903140 114.6
1903150 114.4
1903160 114.1
1903170 114.1
1903180 113.7
1903190 113.6
1903200 113.6
1903210 113.5
1903220 113.4
1903230 113.4
1903240 113.4
1903250 113.5
1903260 113.5
1903270 113.4
1903280 113.6
1903290 113.6
1903300 113.5
1903310 113.5
1903320 113.5
1903330 113.4
1903340 113.4
1903350 113.4
1903360 113.4
1903370 113.2
1903380 113.2
1903390 112.9
1903400 112.9
1903410 112.9
1903420 112.8
1903430 112.5
1903440 112.5
1903450 112.1
1903460 112.1
1903470 112.1
1903480 112.0
1903490 112.0
1903500 112.0
1903510 112.0
1903520 112.0
1903530 112.0
1903540 112.1
1903550 112.1
1903560 112.1
1903570 112.1
1903580 112.1
1903590 112.0
1903600 112.0
1903610 112.0
1903620 112.0
1903630 112.0
1903640 112.0
1903650 112.0
1903660 112.0
1903670 112.0
1903680 112.3
1903690 112.3
1903700 112.4
1903710 112.5
1903720 112.5
1903730 112.8
1903740 113.2
1903750 113.2
1903760 113.3
1903770 113.4
1903780 113.4
1903790 113.6
1903800 113.8
1903810 113.8
1903820 113.9
1903830 113.9
1903840 113.9
1903850 113.8
1903860 113.7
1903870 113.7
1903880 113.7
1903890 113.8
1903900 113.5
1903910 113.4
1903920 113.4
1903930 113.4
1903940 113.4
1903950 113.5
1903960 113.5
1903970 113.6
1903980 113.7
1903990 113.7
1904000 113.8
1904010 113.8
1904020 113.8
1904030 113.9
1904040 114.0
1904050 114.0
1904060 114.0
1904070 114.2
1904080 114.2
1904090 114.9
1904100 114.8
1904110 114.8
1904120 114.5
1904130 114.6
1904140 114.6
1904150 114.1
1904160 113.7
1904170 113.7
1904180 113.5
1904190 113.5
1904200 114.9
1904210 114.9
1904220 114.8
1904230 114.3
1904240 114.3
1904250 114.2
1904260 113.9
1904270 113.9
1904280 113.5
