1900000 113.5
1900010 113.5
1900020 113.5
1900030 113.5
1900040 113.5
1900050 113.5
1900060 113.4
1900070 113.4
1900080 113.4
1900090 113.4
1900100 113.4
1900110 113.3
1900120 113.3
1900130 113.3
1900140 113.3
1900150 113.4
1900160 113.4
1900170 113.4
1900180 113.4
1900190 113.4
1900200 113.4
1900210 113.4
1900220 113.4
1900230 113.4
1900240 113.4
1900250 113.4
1900260 113.4
1900270 113.5
1900280 113.5
1900290 113.5
1900300 113.5
1900310 113.5
1900320 113.6
1900330 113.7
1900340 113.7
1900350 113.5
1900360 113.8
1900370 114.0
1900380 114.0
1900390 113.8
1900400 113.8
1900410 113.8
1900420 113.9
1900430 113.9
1900440 113.9
1900450 113.3
1900460 113.4
1900470 113.4
1900480 113.4
1900490 113.5
1900500 113.5
1900510 113.6
1900520 113.7
1900530 113.7
1900540 113.7
1900550 113.9
1900560 113.9
1900570 114.1
1900580 114.2
1900590 114.2
1900600 114.5
1900610 114.6
1900620 114.6
1900630 114.7
1900640 115.0
1900650 115.0
1900660 115.2
1900670 115.2
1900680 115.2
1900690 115.1
1900700 115.2
1900710 115.2
1900720 114.7
1900730 114.5
1900740 114.5
1900750 115.2
1900760 115.3
1900770 115.3
1900780 115.1
1900790 115.1
1900800 115.1
1900810 114.9
1900820 114.6
1900830 114.6
1900840 114.5
1900850 114.2
1900860 114.2
1900870 114.3
1900880 114.3
1900890 114.4
1900900 114.4
1900910 114.4
1900920 114.3
1900930 114.3
1900940 114.2
1900950 114.3
1900960 114.3
1900970 114.3
1900980 114.2
1900990 114.2
1901000 114.2
1901010 114.2
1901020 114.2
1901030 113.6
1901040 113.5
1901050 113.5
1901060 114.0
1901070 114.0
1901080 114.0
1901090 114.1
1901100 114.1
1901110 114.1
1901120 113.6
1901130 113.7
1901140 113.7
1901150 113.2
1901160 112.7
1901170 112.7
1901180 112.8
1901190 112.3
1901200 112.3
1901210 112.2
1901220 112.1
1901230 112.1
1901240 112.1
1901250 112.1
1901260 112.1
1901270 112.1
1901280 112.1
1901290 112.1
1901300 112.1
1901310 112.2
1901320 112.2
1901330 112.2
1901340 112.6
1901350 112.6
1901360 112.9
1901370 112.1
1901380 112.1
1901390 112.1
1901400 112.1
1901410 112.2
1901420 112.2
1901430 112.6
1901440 112.9
1901450 112.9
1901460 112.9
1901470 113.1
1901480 113.1
1901490 113.4
1901500 113.6
1901510 113.6
1901520 113.7
1901530 113.7
1901540 113.7
1901550 113.7
1901560 113.8
1901570 113.8
1901580 113.8
1901590 113.8
1901600 113.8
1901610 114.0
1901620 114.0
1901630 114.0
1901640 114.3
1901650 114.3
1901660 114.3
1901670 114.5
1901680 113.6
1901690 113.6
1901700 113.8
1901710 113.8
1901720 113.8
1901730 114.0
1901740 114.2
1901750 114.2
1901760 114.2
1901770 114.3
1901780 114.3
1901790 114.8
1901800 115.0
1901810 115.0
1901820 115.0
1901830 114.6
1901840 114.6
1901850 114.5
1901860 114.4
1901870 114.4
1901880 114.2
1901890 113.7
1901900 113.7
1901910 113.7
1901920 113.5
1901930 113.4
1901940 113.4
1901950 113.4
1901960 113.2
1901970 113.2
1901980 113.1
1901990 113.7
1902000 113.7
1902010 113.5
1902020 113.4
1902030 113.4
1902040 113.6
1902050 113.4
1902060 113.4
1902070 113.2
1902080 113.2
1902090 113.2
1902100 113.2
1902110 113.3
1902120 113.3
1902130 113.6
1902140 113.3
1902150 113.3
1902160 113.3
1902170 113.3
1902180 113.3
1902190 113.3
1902200 113.2
1902210 113.2
1902220 113.3
1902230 113.3
1902240 113.3
1902250 113.3
1902260 113.2
1902270 113.2
1902280 113.2
1902290 113.3
1902300 113.3
1902310 113.3
1902320 113.3
1902330 113.3
1902340 113.3
1902350 113.3
1902360 113.3
1902370 113.2
1902380 113.3
1902390 113.3
1902400 113.2
1902410 113.2
1902420 113.2
1902430 113.2
1902440 113.2
1902450 113.2
1902460 113.2
1902470 113.2
1902480 113.2
1902490 113.2
1902500 113.1
1902510 113.1
1902520 113.1
1902530 113.1
1902540 113.1
1902550 113.1
1902560 113.2
1902570 113.0
1902580 113.0
1902590 113.1
1902600 113.0
1902610 113.0
1902620 113.0
1902630 113.1
1902640 113.1
1902650 113.1
1902660 113.1
1902670 113.1
1902680 113.1
1902690 113.1
1902700 113.1
1902710 113.1
1902720 113.1
1902730 113.1
1902740 113.1
1902750 113.2
1902760 113.2
1902770 113.2
1902780 113.1
1902790 113.1
1902800 113.1
1902810 113.1
1902820 113.1
1902830 113.2
1902840 113.3
1902850 113.3
1902860 113.2
1902870 113.2
1902880 113.2
1902890 113.2
1902900 113.3
1902910 113.2
1902920 113.2
1902930 113.3
1902940 113.3
1902950 113.3
1902960 113.3
1902970 113.4
1902980 113.4
1902990 113.4
1903000 113.4
1903010 113.4
1903020 112.9
1903030 113.5
1903040 113.5
1903050 113.5
1903060 113.4
1903070 113.4
1903080 113.4
1903090 113.4
1903100 113.4
1903110 113.4
1903120 113.4
1903130 113.4
1903140 113.4
1903150 113.4
1903160 113.4
1903170 113.4
1903180 113.4
1903190 113.4
1903200 113.3
1903210 113.3
1903220 113.4
1903230 113.4
1903240 113.4
1903250 113.4
1903260 113.3
1903270 113.4
1903280 113.4
1903290 113.3
1903300 113.4
1903310 113.4
1903320 113.4
1903330 113.4
1903340 113.4
1903350 113.4
1903360 113.5
1903370 113.5
1903380 113.5
1903390 113.4
1903400 113.4
1903410 113.3
1903420 113.3
1903430 113.3
1903440 113.2
1903450 113.3
1903460 113.3
1903470 113.3
1903480 113.3
1903490 113.4
1903500 113.4
1903510 113.3
1903520 113.3
1903530 113.3
1903540 113.3
1903550 113.3
1903560 113.3
1903570 113.3
1903580 113.2
1903590 113.2
1903600 113.2
1903610 113.3
1903620 113.3
1903630 113.2
1903640 113.3
1903650 113.3
1903660 113.3
1903670 113.2
1903680 113.2
1903690 113.2
1903700 113.3
1903710 113.3
1903720 113.2
1903730 113.2
1903740 113.2
1903750 113.2
1903760 113.2
1903770 113.2
1903780 113.2
1903790 113.2
1903800 113.2
1903810 113.3
1903820 113.2
1903830 113.3
1903840 113.3
1903850 113.3
1903860 113.3
1903870 113.3
1903880 113.2
1903890 113.2
1903900 113.1
1903910 113.1
1903920 113.1
1903930 113.3
1903940 113.2
1903950 113.2
1903960 113.2
1903970 113.2
1903980 113.3
1903990 113.3
1904000 113.3
1904010 113.2
1904020 113.2
1904030 113.2
1904040 113.3
1904050 113.3
1904060 113.2
1904070 113.1
1904080 113.1
1904090 113.0
1904100 113.1
1904110 113.1
1904120 113.1
1904130 113.1
1904140 113.1
1904150 113.1
1904160 113.1
1904170 113.1
1904180 113.2
1904190 113.1
1904200 113.1
1904210 113.1
1904220 113.1
1904230 113.1
1904240 113.1
1904250 113.1
1904260 113.1
