1900000 113.5
1900010 113.5
1900020 113.5
1900030 113.4
1900040 113.4
1900050 113.4
1900060 113.4
1900070 113.4
1900080 113.4
1900090 113.4
1900100 113.4
1900110 113.3
1900120 113.3
1900130 113.2
1900140 113.2
1900150 113.3
1900160 113.3
1900170 113.3
1900180 113.3
1900190 113.3
1900200 113.3
1900210 113.2
1900220 113.2
1900230 113.3
1900240 113.3
1900250 113.3
1900260 113.3
1900270 113.4
1900280 113.4
1900290 113.5
1900300 113.6
1900310 113.6
1900320 113.5
1900330 113.4
1900340 113.4
1900350 113.4
1900360 113.5
1900370 113.5
1900380 113.4
1900390 113.4
1900400 113.4
1900410 113.4
1900420 113.3
1900430 113.3
1900440 113.2
1900450 113.2
1900460 113.2
1900470 113.2
1900480 113.1
1900490 113.1
1900500 113.1
1900510 113.1
1900520 113.1
1900530 113.1
1900540 113.1
1900550 113.1
1900560 113.1
1900570 113.1
1900580 113.1
1900590 113.1
1900600 113.0
1900610 112.8
1900620 112.8
1900630 113.0
1900640 113.1
1900650 113.1
1900660 113.1
1900670 113.2
1900680 113.2
1900690 113.4
1900700 113.5
1900710 113.5
1900720 113.6
1900730 113.8
1900740 113.8
1900750 113.3
1900760 113.3
1900770 113.3
1900780 113.5
1900790 113.6
1900800 113.6
1900810 113.7
1900820 113.9
1900830 113.9
1900840 114.0
1900850 114.3
1900860 114.3
1900870 114.7
1900880 115.0
1900890 115.0
1900900 115.3
1900910 115.4
1900920 115.4
1900930 115.4
1900940 115.2
1900950 115.2
1900960 115.0
1900970 114.9
1900980 114.9
1900990 114.9
1901000 115.2
1901010 115.2
1901020 115.1
1901030 115.1
1901040 114.6
1901050 114.6
1901060 115.4
1901070 115.2
1901080 115.2
1901090 115.4
1901100 115.1
1901110 115.1
1901120 114.9
1901130 114.7
1901140 114.7
1901150 114.4
1901160 114.3
1901170 114.3
1901180 113.9
1901190 113.9
1901200 113.9
1901210 114.0
1901220 114.0
1901230 114.0
1901240 114.0
1901250 114.0
1901260 114.0
1901270 114.0
1901280 113.8
1901290 113.8
1901300 113.8
1901310 113.4
1901320 113.4
1901330 113.1
1901340 113.0
1901350 113.0
1901360 112.5
1901370 113.9
1901380 113.9
1901390 113.7
1901400 113.4
1901410 113.4
1901420 113.3
1901430 113.2
1901440 113.2
1901450 112.9
1901460 112.8
1901470 112.8
1901480 112.1
1901490 112.0
1901500 112.0
1901510 112.1
1901520 112.1
1901530 112.1
1901540 112.1
1901550 112.0
1901560 112.0
1901570 112.0
1901580 112.1
1901590 112.2
1901600 112.2
1901610 112.4
1901620 112.5
1901630 112.5
1901640 112.8
1901650 112.9
1901660 112.9
1901670 113.2
1901680 112.2
1901690 112.2
1901700 112.3
1901710 112.4
1901720 112.4
1901730 112.9
1901740 112.9
1901750 112.9
1901760 113.2
1901770 113.3
1901780 113.3
1901790 113.4
1901800 113.6
1901810 113.6
1901820 113.7
1901830 113.6
1901840 113.6
1901850 113.5
1901860 113.5
1901870 113.5
1901880 113.5
1901890 113.5
1901900 113.5
1901910 113.8
1901920 113.9
1901930 113.9
1901940 114.0
1901950 114.3
1901960 114.3
1901970 114.8
1901980 113.6
1901990 113.6
1902000 113.6
1902010 113.7
1902020 113.7
1902030 113.9
1902040 114.5
1902050 114.5
1902060 114.6
1902070 114.6
1902080 114.8
1902090 114.8
1902100 114.8
1902110 115.0
1902120 115.0
1902130 114.7
1902140 114.2
1902150 114.2
1902160 114.1
1902170 114.1
1902180 114.1
1902190 113.9
1902200 113.6
1902210 113.6
1902220 113.5
1902230 113.4
1902240 113.4
1902250 113.2
1902260 113.3
1902270 113.3
1902280 113.2
1902290 113.6
1902300 113.6
1902310 113.5
1902320 113.4
1902330 113.4
1902340 113.4
1902350 113.3
1902360 113.3
1902370 113.2
1902380 113.2
1902390 113.2
1902400 113.2
1902410 113.2
1902420 113.2
1902430 113.2
1902440 113.3
1902450 113.3
1902460 113.3
1902470 113.2
1902480 113.2
1902490 113.2
1902500 113.2
1902510 113.2
1902520 113.1
1902530 113.1
1902540 113.1
1902550 113.1
1902560 113.1
1902570 113.2
1902580 113.2
1902590 113.1
1902600 113.1
1902610 113.1
1902620 113.1
1902630 113.1
1902640 113.1
1902650 113.1
1902660 113.1
1902670 113.1
1902680 113.1
1902690 113.2
1902700 113.2
1902710 113.2
1902720 113.1
1902730 113.1
1902740 113.2
1902750 113.2
1902760 113.2
1902770 113.2
1902780 113.2
1902790 113.2
1902800 113.2
1902810 113.2
1902820 113.2
1902830 113.2
1902840 113.2
1902850 113.2
1902860 113.2
1902870 113.2
1902880 113.2
1902890 113.3
1902900 113.3
1902910 113.3
1902920 113.3
1902930 113.3
1902940 113.3
1902950 113.3
1902960 113.3
1902970 113.3
1902980 113.4
1902990 112.9
1903000 112.9
1903010 113.1
1903020 113.6
1903030 113.6
1903040 113.4
1903050 113.5
1903060 113.5
1903070 113.4
1903080 113.4
1903090 113.4
1903100 113.4
1903110 113.4
1903120 113.4
1903130 113.4
1903140 113.4
1903150 113.4
1903160 113.4
1903170 113.5
1903180 113.4
1903190 113.4
1903200 113.4
1903210 113.4
1903220 113.4
1903230 113.4
1903240 113.4
1903250 113.4
1903260 113.4
1903270 113.3
1903280 113.3
1903290 113.4
1903300 113.4
1903310 113.4
1903320 113.4
1903330 113.3
1903340 113.3
1903350 113.3
1903360 113.3
1903370 113.3
1903380 113.3
1903390 113.3
1903400 113.3
1903410 113.3
1903420 113.4
1903430 113.4
1903440 113.5
1903450 113.5
1903460 113.5
1903470 113.4
1903480 113.3
1903490 113.3
1903500 113.3
1903510 113.3
1903520 113.3
1903530 113.2
1903540 113.3
1903550 113.3
1903560 113.3
1903570 113.2
1903580 113.2
1903590 113.3
1903600 113.3
1903610 113.3
1903620 113.3
1903630 113.2
1903640 113.2
1903650 113.2
1903660 113.2
1903670 113.3
1903680 113.3
1903690 113.3
1903700 113.2
1903710 113.2
1903720 113.2
1903730 113.2
1903740 113.2
1903750 113.2
1903760 113.1
1903770 113.1
1903780 113.1
1903790 113.2
1903800 113.2
1903810 113.2
1903820 113.2
1903830 113.2
1903840 113.2
1903850 113.3
1903860 113.3
1903870 113.3
1903880 113.3
1903890 113.3
1903900 113.3
1903910 113.3
1903920 113.3
1903930 113.3
1903940 113.3
1903950 113.3
1903960 113.3
1903970 113.3
1903980 113.3
1903990 113.2
1904000 113.2
1904010 113.2
1904020 113.1
1904030 113.2
1904040 113.2
1904050 113.1
1904060 113.1
1904070 113.1
1904080 113.1
1904090 113.1
1904100 113.1
1904110 113.2
1904120 113.1
1904130 113.1
1904140 113.1
1904150 113.2
1904160 113.1
1904170 113.1
1904180 113.1
1904190 113.1
1904200 113.1
1904210 113.1
1904220 113.0
1904230 113.0
1904240 113.1
1904250 113.1
1904260 113.1
