1900000 113.4
1900010 113.4
1900020 113.4
1900030 113.4
1900040 113.4
1900050 113.4
1900060 113.4
1900070 113.4
1900080 113.3
1900090 113.3
1900100 113.2
1900110 113.2
1900120 113.2
1900130 113.2
1900140 113.3
1900150 113.3
1900160 113.3
1900170 113.3
1900180 113.3
1900190 113.3
1900200 113.4
1900210 113.4
1900220 113.5
1900230 113.6
1900240 113.6
1900250 113.3
1900260 113.4
1900270 113.4
1900280 113.5
1900290 113.3
1900300 113.3
1900310 113.3
1900320 113.3
1900330 113.3
1900340 113.3
1900350 113.3
1900360 113.3
1900370 113.3
1900380 113.3
1900390 113.3
1900400 113.3
1900410 113.3
1900420 113.2
1900430 113.2
1900440 113.2
1900450 113.2
1900460 113.2
1900470 113.2
1900480 113.2
1900490 113.2
1900500 113.2
1900510 113.2
1900520 113.2
1900530 113.2
1900540 113.1
1900550 113.1
1900560 113.1
1900570 113.1
1900580 113.1
1900590 113.0
1900600 113.1
1900610 113.1
1900620 113.1
1900630 113.1
1900640 113.1
1900650 113.1
1900660 113.1
1900670 113.1
1900680 113.0
1900690 113.0
1900700 113.0
1900710 113.2
1900720 113.3
1900730 113.3
1900740 113.2
1900750 113.2
1900760 113.2
1900770 113.2
1900780 113.2
1900790 113.2
1900800 113.3
1900810 113.3
1900820 113.2
1900830 113.2
1900840 113.3
1900850 113.4
1900860 113.4
1900870 113.4
1900880 113.3
1900890 113.3
1900900 113.3
1900910 113.5
1900920 113.5
1900930 114.1
1900940 114.1
1900950 114.1
1900960 113.5
1900970 113.4
1900980 113.4
1900990 113.5
1901000 113.5
1901010 113.5
1901020 113.4
1901030 113.4
1901040 113.4
1901050 113.4
1901060 113.3
1901070 113.3
1901080 113.3
1901090 113.3
1901100 113.3
1901110 113.4
1901120 113.4
1901130 113.4
1901140 113.3
1901150 113.2
1901160 113.2
1901170 113.3
1901180 113.4
1901190 113.4
1901200 113.5
1901210 113.5
1901220 113.5
1901230 113.5
1901240 113.5
1901250 113.5
1901260 113.5
1901270 113.5
1901280 113.5
1901290 113.6
1901300 113.7
1901310 113.7
1901320 114.2
1901330 114.4
1901340 114.5
1901350 114.5
1901360 113.7
1901370 113.9
1901380 113.9
1901390 114.0
1901400 114.5
1901410 114.5
1901420 114.5
1901430 114.7
1901440 114.7
1901450 115.0
1901460 114.9
1901470 114.9
1901480 115.2
1901490 115.3
1901500 115.3
1901510 115.4
1901520 115.4
1901530 115.4
1901540 115.4
1901550 115.2
1901560 115.2
1901570 115.3
1901580 115.0
1901590 115.0
1901600 114.5
1901610 114.4
1901620 114.4
1901630 114.3
1901640 114.1
1901650 114.1
1901660 114.0
1901670 114.6
1901680 114.6
1901690 114.5
1901700 114.5
1901710 114.5
1901720 114.2
1901730 114.1
1901740 114.1
1901750 114.1
1901760 113.9
1901770 113.9
1901780 113.8
1901790 113.8
1901800 113.8
1901810 113.7
1901820 113.8
1901830 113.8
1901840 113.8
1901850 113.7
1901860 113.6
1901870 113.6
1901880 113.4
1901890 113.3
1901900 113.3
1901910 113.1
1901920 112.6
1901930 112.6
1901940 112.4
1901950 112.3
1901960 112.3
1901970 113.5
1901980 113.1
1901990 113.1
1902000 112.9
1902010 112.9
1902020 112.9
1902030 112.3
1902040 112.2
1902050 112.2
1902060 112.1
1902070 112.1
1902080 112.1
1902090 112.1
1902100 112.1
1902110 112.1
1902120 112.1
1902130 112.1
1902140 112.1
1902150 112.0
1902160 112.3
1902170 112.3
1902180 112.4
1902190 112.4
1902200 112.4
1902210 112.7
1902220 112.9
1902230 112.9
1902240 113.2
1902250 113.3
1902260 113.3
1902270 113.4
1902280 112.6
1902290 112.6
1902300 112.8
1902310 112.8
1902320 112.8
1902330 113.0
1902340 113.1
1902350 113.1
1902360 113.2
1902370 113.5
1902380 113.5
1902390 113.5
1902400 113.5
1902410 113.4
1902420 113.4
1902430 113.5
1902440 113.4
1902450 113.4
1902460 113.5
1902470 113.6
1902480 113.6
1902490 113.6
1902500 114.2
1902510 114.2
1902520 114.1
1902530 114.6
1902540 114.6
1902550 114.8
1902560 114.8
1902570 114.8
1902580 114.7
1902590 113.7
1902600 113.7
1902610 114.1
1902620 114.4
1902630 114.4
1902640 114.8
1902650 114.8
1902660 114.8
1902670 115.1
1902680 115.1
1902690 115.1
1902700 114.7
1902710 114.3
1902720 114.3
1902730 114.2
1902740 114.1
1902750 114.1
1902760 114.0
1902770 113.8
1902780 113.8
1902790 113.4
1902800 113.4
1902810 113.4
1902820 113.3
1902830 113.3
1902840 113.3
1902850 113.4
1902860 113.4
1902870 113.4
1902880 113.4
1902890 113.5
1902900 113.5
1902910 113.5
1902920 113.4
1902930 113.5
1902940 113.5
1902950 112.9
1902960 113.8
1902970 113.8
1902980 113.6
1902990 113.5
1903000 113.5
1903010 113.5
1903020 113.5
1903030 113.5
1903040 113.4
1903050 113.4
1903060 113.4
1903070 113.4
1903080 113.4
1903090 113.4
1903100 113.4
1903110 113.4
1903120 113.4
1903130 113.4
1903140 113.4
1903150 113.4
1903160 113.4
1903170 113.4
1903180 113.4
1903190 113.4
1903200 113.4
1903210 113.4
1903220 113.4
1903230 113.3
1903240 113.3
1903250 113.3
1903260 113.3
1903270 113.3
1903280 113.4
1903290 113.4
1903300 113.4
1903310 113.4
1903320 113.4
1903330 113.4
1903340 113.4
1903350 113.4
1903360 113.4
1903370 113.5
1903380 113.5
1903390 113.4
1903400 113.4
1903410 113.4
1903420 113.4
1903430 113.4
1903440 113.4
1903450 113.5
1903460 113.5
1903470 113.5
1903480 113.4
1903490 113.4
1903500 113.3
1903510 113.3
1903520 113.3
1903530 113.3
1903540 113.2
1903550 113.2
1903560 113.2
1903570 113.1
1903580 113.1
1903590 113.3
1903600 113.2
1903610 113.2
1903620 113.2
1903630 113.2
1903640 113.2
1903650 113.3
1903660 113.3
1903670 113.3
1903680 113.3
1903690 113.3
1903700 113.3
1903710 113.2
1903720 113.2
1903730 113.2
1903740 113.2
1903750 113.2
1903760 113.2
1903770 113.2
1903780 113.2
1903790 113.2
1903800 113.2
1903810 113.2
1903820 113.2
1903830 113.2
1903840 113.3
1903850 113.3
1903860 113.2
1903870 113.1
1903880 113.1
1903890 113.1
1903900 113.2
1903910 113.2
1903920 113.2
1903930 113.2
1903940 113.2
1903950 113.2
1903960 113.3
1903970 113.3
1903980 113.3
1903990 113.3
1904000 113.3
1904010 113.3
1904020 113.2
1904030 113.2
1904040 113.2
1904050 113.1
1904060 113.1
1904070 113.1
1904080 113.2
1904090 113.2
1904100 113.2
1904110 113.1
1904120 113.3
1904130 113.3
1904140 113.2
1904150 113.2
1904160 113.2
1904170 113.1
1904180 113.1
1904190 113.1
1904200 113.1
1904210 113.1
1904220 113.1
1904230 113.1
1904240 113.1
1904250 113.1
1904260 113.2
1904270 113.2
1904280 113.2
