1900000 113.5
1900010 113.5
1900020 113.5
1900030 113.5
1900040 113.7
1900050 113.6
1900060 113.6
1900070 113.4
1900080 113.4
1900090 113.4
1900100 113.4
1900110 113.3
1900120 113.3
1900130 113.3
1900140 113.4
1900150 113.4
1900160 113.4
1900170 113.5
1900180 113.4
1900190 113.5
1900200 113.5
1900210 113.5
1900220 113.5
1900230 113.5
1900240 113.5
1900250 113.4
1900260 113.5
1900270 113.5
1900280 113.5
1900290 113.6
1900300 113.6
1900310 113.6
1900320 113.5
1900330 113.5
1900340 113.5
1900350 113.5
1900360 113.5
1900370 113.5
1900380 113.5
1900390 113.5
1900400 113.5
1900410 113.5
1900420 113.5
1900430 113.4
1900440 113.4
1900450 113.4
1900460 113.4
1900470 113.4
1900480 113.3
1900490 113.4
1900500 113.3
1900510 113.3
1900520 113.3
1900530 113.2
1900540 113.2
1900550 113.2
1900560 113.3
1900570 113.3
1900580 113.3
1900590 113.3
1900600 113.3
1900610 113.3
1900620 113.4
1900630 113.4
1900640 113.4
1900650 113.4
1900660 113.4
1900670 113.4
1900680 113.3
1900690 113.3
1900700 113.3
1900710 113.7
1900720 114.0
1900730 114.0
1900740 113.6
1900750 113.2
1900760 113.2
1900770 113.2
1900780 113.3
1900790 113.3
1900800 113.2
1900810 113.2
1900820 113.2
1900830 113.2
1900840 113.2
1900850 113.2
1900860 113.3
1900870 113.3
1900880 113.3
1900890 113.4
1900900 113.4
1900910 113.4
1900920 113.4
1900930 113.3
1900940 113.3
1900950 113.3
1900960 113.4
1900970 113.5
1900980 113.5
1900990 113.5
1901000 113.5
1901010 113.5
1901020 113.5
1901030 113.5
1901040 113.5
1901050 113.5
1901060 113.5
1901070 113.5
1901080 113.5
1901090 113.5
1901100 113.5
1901110 113.5
1901120 113.5
1901130 113.5
1901140 113.6
1901150 113.6
1901160 113.6
1901170 113.5
1901180 113.4
1901190 113.4
1901200 113.2
1901210 113.2
1901220 113.2
1901230 113.2
1901240 113.2
1901250 113.2
1901260 113.2
1901270 113.2
1901280 113.2
1901290 113.2
1901300 113.2
1901310 113.2
1901320 113.2
1901330 113.1
1901340 113.1
1901350 113.1
1901360 113.1
1901370 113.1
1901380 113.1
1901390 113.2
1901400 113.2
1901410 113.3
1901420 113.3
1901430 113.3
1901440 113.3
1901450 113.2
1901460 113.2
1901470 113.1
1901480 113.1
1901490 113.1
1901500 113.1
1901510 113.0
1901520 113.1
1901530 113.1
1901540 113.2
1901550 113.2
1901560 113.2
1901570 113.4
1901580 113.3
1901590 113.3
1901600 113.0
1901610 113.1
1901620 113.1
1901630 113.1
1901640 113.1
1901650 113.1
1901660 113.1
1901670 113.1
1901680 113.1
1901690 113.1
1901700 113.0
1901710 113.0
1901720 113.0
1901730 113.0
1901740 113.0
1901750 113.1
1901760 113.1
1901770 113.1
1901780 113.1
1901790 113.1
1901800 113.1
1901810 113.1
1901820 113.1
1901830 113.1
1901840 113.1
1901850 113.2
1901860 113.2
1901870 113.1
1901880 113.1
1901890 113.1
1901900 113.0
1901910 113.1
1901920 113.1
1901930 113.1
1901940 113.0
1901950 113.0
1901960 113.1
1901970 113.1
1901980 113.1
1901990 113.1
1902000 113.0
1902010 113.0
1902020 113.0
1902030 113.0
1902040 113.0
1902050 113.0
1902060 113.1
1902070 113.1
1902080 113.1
1902090 113.2
1902100 113.2
1902110 113.2
1902120 113.1
1902130 113.1
1902140 113.1
1902150 113.0
1902160 113.1
1902170 113.1
1902180 113.2
1902190 113.2
1902200 113.2
1902210 113.3
1902220 113.3
1902230 113.3
1902240 113.3
1902250 113.2
1902260 113.2
1902270 113.2
1902280 113.2
1902290 113.2
1902300 113.3
1902310 113.3
1902320 113.3
1902330 113.2
1902340 113.2
1902350 113.2
1902360 113.2
1902370 113.2
1902380 113.2
1902390 113.2
1902400 113.2
1902410 113.2
1902420 113.2
1902430 113.2
1902440 113.2
1902450 113.1
1902460 113.1
1902470 113.1
1902480 113.1
1902490 113.1
1902500 113.1
1902510 113.1
1902520 113.1
1902530 113.1
1902540 113.1
1902550 113.1
1902560 113.1
1902570 113.1
1902580 113.1
1902590 113.1
1902600 113.1
1902610 113.1
1902620 113.2
1902630 113.2
1902640 113.2
1902650 112.9
1902660 112.9
1902670 112.5
1902680 113.1
1902690 113.1
1902700 113.1
1902710 113.0
1902720 113.0
1902730 113.0
1902740 112.9
1902750 112.9
1902760 113.1
1902770 113.2
1902780 113.2
1902790 113.1
1902800 113.0
1902810 113.0
1902820 113.1
1902830 113.1
1902840 113.1
1902850 113.1
1902860 113.1
1902870 113.1
1902880 113.1
1902890 113.0
1902900 113.0
1902910 113.1
1902920 113.2
1902930 113.2
1902940 113.2
1902950 113.1
1902960 113.1
1902970 113.1
1902980 113.1
1902990 113.1
1903000 113.1
1903010 113.0
1903020 113.0
1903030 113.1
1903040 113.1
1903050 113.1
1903060 113.1
1903070 113.1
1903080 113.1
1903090 113.1
1903100 113.0
1903110 113.0
1903120 113.0
1903130 113.2
1903140 113.2
1903150 113.2
1903160 113.2
1903170 113.2
1903180 113.2
1903190 113.1
1903200 113.1
1903210 113.1
1903220 113.1
1903230 113.1
1903240 113.1
1903250 113.2
1903260 113.4
1903270 113.4
1903280 113.2
1903290 113.2
1903300 113.2
1903310 113.3
1903320 113.2
1903330 113.2
1903340 113.1
1903350 113.1
1903360 113.1
1903370 113.1
1903380 113.2
1903390 113.2
1903400 113.1
1903410 113.1
1903420 113.1
1903430 113.0
1903440 113.1
1903450 113.1
1903460 113.0
1903470 113.0
1903480 113.0
1903490 113.1
1903500 113.2
1903510 113.2
1903520 113.2
1903530 113.1
1903540 113.1
1903550 113.2
1903560 113.2
1903570 113.2
1903580 113.2
1903590 113.2
1903600 113.3
1903610 113.3
1903620 113.2
1903630 113.2
1903640 113.2
1903650 113.2
1903660 113.2
1903670 113.2
1903680 113.2
1903690 113.3
1903700 113.3
1903710 113.3
1903720 113.3
1903730 113.3
1903740 113.3
1903750 113.2
1903760 113.2
1903770 113.3
1903780 113.4
1903790 113.4
1903800 113.4
1903810 113.3
1903820 113.3
1903830 113.4
1903840 113.4
1903850 113.4
1903860 113.4
1903870 113.4
1903880 113.4
1903890 113.4
1903900 113.4
1903910 113.4
1903920 113.5
1903930 113.4
1903940 113.4
1903950 113.4
1903960 113.4
1903970 113.4
1903980 113.4
1903990 113.5
1904000 113.5
1904010 113.5
1904020 113.5
1904030 113.5
1904040 113.6
1904050 113.6
1904060 113.6
1904070 113.6
1904080 113.6
1904090 113.6
1904100 113.6
1904110 113.6
1904120 113.5
1904130 113.5
1904140 113.6
1904150 113.6
1904160 113.6
1904170 113.7
1904180 113.7
1904190 113.7
1904200 113.7
1904210 113.7
1904220 113.7
1904230 113.7
1904240 113.8
1904250 113.8
1904260 113.7
