1900000 113.3
1900010 113.3
1900020 113.3
1900030 113.3
1900040 113.4
1900050 113.4
1900060 113.4
1900070 113.4
1900080 113.4
1900090 113.3
1900100 113.3
1900110 113.3
1900120 113.4
1900130 113.6
1900140 113.6
1900150 113.4
1900160 113.4
1900170 113.4
1900180 113.4
1900190 113.3
1900200 113.3
1900210 113.3
1900220 113.3
1900230 113.3
1900240 113.3
1900250 113.3
1900260 113.3
1900270 113.3
1900280 113.3
1900290 113.3
1900300 113.3
1900310 113.3
1900320 113.3
1900330 113.3
1900340 113.3
1900350 113.3
1900360 113.3
1900370 113.3
1900380 113.2
1900390 113.2
1900400 113.2
1900410 113.1
1900420 113.1
1900430 113.1
1900440 113.1
1900450 113.1
1900460 113.2
1900470 113.2
1900480 113.2
1900490 113.2
1900500 113.2
1900510 113.2
1900520 113.2
1900530 113.2
1900540 113.2
1900550 113.2
1900560 113.2
1900570 113.2
1900580 113.2
1900590 113.1
1900600 113.1
1900610 113.2
1900620 113.2
1900630 113.2
1900640 113.2
1900650 113.2
1900660 113.2
1900670 113.2
1900680 113.2
1900690 113.2
1900700 113.2
1900710 113.3
1900720 113.3
1900730 113.3
1900740 113.3
1900750 113.3
1900760 113.3
1900770 113.4
1900780 113.4
1900790 113.4
1900800 113.5
1900810 113.4
1900820 113.4
1900830 113.3
1900840 113.3
1900850 113.3
1900860 113.8
1900870 113.7
1900880 113.7
1900890 113.5
1900900 113.5
1900910 113.5
1900920 113.5
1900930 113.5
1900940 113.5
1900950 113.5
1900960 113.4
1900970 113.4
1900980 113.4
1900990 113.4
1901000 113.4
1901010 113.5
1901020 113.4
1901030 113.4
1901040 113.4
1901050 113.4
1901060 113.4
1901070 113.4
1901080 113.4
1901090 113.4
1901100 113.4
1901110 113.4
1901120 113.4
1901130 113.2
1901140 113.2
1901150 113.2
1901160 113.2
1901170 113.3
1901180 113.3
1901190 113.4
1901200 113.3
1901210 113.3
1901220 113.3
1901230 113.3
1901240 113.3
1901250 113.2
1901260 113.2
1901270 113.2
1901280 113.2
1901290 112.9
1901300 112.9
1901310 113.1
1901320 113.2
1901330 113.2
1901340 113.2
1901350 113.3
1901360 113.2
1901370 113.2
1901380 113.3
1901390 113.4
1901400 113.4
1901410 113.4
1901420 113.3
1901430 113.3
1901440 113.4
1901450 113.4
1901460 113.4
1901470 113.4
1901480 113.4
1901490 113.4
1901500 113.5
1901510 113.4
1901520 113.4
1901530 113.4
1901540 113.4
1901550 113.4
1901560 113.4
1901570 113.4
1901580 113.4
1901590 113.3
1901600 113.3
1901610 113.3
1901620 113.2
1901630 113.2
1901640 113.2
1901650 113.1
1901660 113.1
1901670 113.1
1901680 113.0
1901690 113.0
1901700 113.0
1901710 113.0
1901720 113.2
1901730 113.2
1901740 113.4
1901750 113.1
1901760 113.0
1901770 113.0
1901780 113.0
1901790 113.0
1901800 113.0
1901810 113.0
1901820 113.0
1901830 113.1
1901840 113.1
1901850 113.2
1901860 113.2
1901870 113.3
1901880 113.3
1901890 113.3
1901900 113.2
1901910 113.2
1901920 113.2
1901930 113.1
1901940 113.0
1901950 113.0
1901960 113.1
1901970 113.0
1901980 113.0
1901990 113.0
1902000 113.0
1902010 113.0
1902020 113.0
1902030 113.0
1902040 113.0
1902050 113.1
1902060 113.1
1902070 113.1
1902080 113.1
1902090 113.1
1902100 113.1
1902110 113.0
1902120 113.0
1902130 113.0
1902140 113.1
1902150 113.1
1902160 113.1
1902170 113.2
1902180 113.3
1902190 113.3
1902200 113.3
1902210 113.4
1902220 113.4
1902230 113.4
1902240 113.4
1902250 113.4
1902260 113.6
1902270 113.7
1902280 113.7
1902290 113.8
1902300 114.1
1902310 114.1
1902320 114.1
1902330 114.0
1902340 114.2
1902350 114.2
1902360 114.0
1902370 113.5
1902380 113.5
1902390 113.6
1902400 114.3
1902410 114.3
1902420 114.5
1902430 114.8
1902440 114.8
1902450 115.0
1902460 114.9
1902470 114.9
1902480 114.9
1902490 114.9
1902500 114.9
1902510 114.8
1902520 114.8
1902530 114.8
1902540 114.6
1902550 114.1
1902560 114.1
1902570 113.9
1902580 113.7
1902590 113.7
1902600 113.5
1902610 113.5
1902620 113.5
1902630 113.7
1902640 113.6
1902650 113.6
1902660 113.6
1902670 113.6
1902680 114.0
1902690 113.7
1902700 113.6
1902710 113.6
1902720 113.6
1902730 113.6
1902740 113.6
1902750 113.6
1902760 113.6
1902770 113.6
1902780 113.6
1902790 113.5
1902800 113.5
1902810 113.4
1902820 113.3
1902830 113.3
1902840 113.1
1902850 112.6
1902860 112.2
1902870 112.2
1902880 112.4
1902890 112.3
1902900 112.3
1902910 112.1
1902920 112.0
1902930 112.0
1902940 112.0
1902950 112.0
1902960 112.0
1902970 112.1
1902980 112.2
1902990 112.2
1903000 112.1
1903010 112.1
1903020 112.1
1903030 112.0
1903040 112.0
1903050 112.0
1903060 112.0
1903070 112.1
1903080 112.1
1903090 112.1
1903100 112.1
1903110 112.1
1903120 112.2
1903130 112.4
1903140 112.4
1903150 112.6
1903160 112.7
1903170 112.7
1903180 112.7
1903190 113.2
1903200 113.2
1903210 113.7
1903220 114.0
1903230 114.0
1903240 114.1
1903250 114.1
1903260 114.1
1903270 114.0
1903280 113.8
1903290 113.3
1903300 113.5
1903310 113.8
1903320 113.8
1903330 114.0
1903340 114.2
1903350 114.2
1903360 114.2
1903370 114.1
1903380 113.9
1903390 113.9
1903400 113.7
1903410 113.7
1903420 113.7
1903430 113.8
1903440 113.8
1903450 113.8
1903460 113.9
1903470 114.4
1903480 114.4
1903490 114.4
1903500 114.6
1903510 114.6
1903520 114.8
1903530 114.7
1903540 114.7
1903550 114.6
1903560 114.5
1903570 114.5
1903580 114.6
1903590 114.3
1903600 114.6
1903610 114.9
1903620 114.8
1903630 114.8
1903640 115.1
1903650 115.0
1903660 115.0
1903670 114.8
1903680 114.4
1903690 114.4
1903700 114.3
1903710 114.2
1903720 114.2
1903730 113.9
1903740 113.7
1903750 113.7
1903760 113.6
1903770 113.5
1903780 113.5
1903790 113.4
1903800 113.3
1903810 113.3
1903820 113.3
1903830 113.2
1903840 113.2
1903850 113.3
1903860 113.3
1903870 113.3
1903880 113.3
1903890 113.2
1903900 113.2
1903910 113.2
1903920 113.3
1903930 113.4
1903940 113.4
1903950 113.3
1903960 113.3
1903970 113.3
1903980 113.3
1903990 113.3
1904000 113.3
1904010 113.2
1904020 113.2
1904030 113.2
1904040 113.3
1904050 113.3
1904060 113.3
1904070 113.3
1904080 113.2
1904090 113.2
1904100 113.3
1904110 113.2
1904120 113.2
1904130 113.2
1904140 113.1
1904150 113.1
1904160 113.1
1904170 113.1
1904180 113.1
1904190 113.1
1904200 113.1
1904210 113.2
1904220 113.2
1904230 113.2
1904240 113.2
1904250 113.3
1904260 113.1
1904270 113.1
1904280 113.1
