1900000 113.8
1900010 113.8
1900020 113.9
1900030 113.9
1900040 113.6
1900050 113.6
1900060 113.6
1900070 113.6
1900080 113.6
1900090 113.6
1900100 113.6
1900110 113.7
1900120 113.8
1900130 113.8
1900140 114.0
1900150 114.1
1900160 114.3
1900170 114.3
1900180 114.8
1900190 115.0
1900200 115.0
1900210 115.1
1900220 115.2
1900230 115.2
1900240 115.4
1900250 115.5
1900260 115.5
1900270 115.5
1900280 115.5
1900290 115.5
1900300 115.6
1900310 115.5
1900320 115.5
1900330 115.4
1900340 114.8
1900350 115.2
1900360 115.6
1900370 115.7
1900380 115.7
1900390 115.5
1900400 115.5
1900410 115.5
1900420 115.3
1900430 115.1
1900440 115.1
1900450 115.1
1900460 114.7
1900470 114.7
1900480 114.4
1900490 114.0
1900500 114.0
1900510 113.9
1900520 113.8
1900530 113.8
1900540 113.8
1900550 113.8
1900560 113.8
1900570 113.9
1900580 113.8
1900590 113.8
1900600 113.8
1900610 113.7
1900620 113.7
1900630 113.7
1900640 113.6
1900650 113.6
1900660 113.8
1900670 113.8
1900680 113.8
1900690 113.8
1900700 113.8
1900710 113.7
1900720 113.7
1900730 113.7
1900740 113.5
1900750 113.5
1900760 113.2
1900770 112.8
1900780 112.8
1900790 112.7
1900800 112.4
1900810 112.4
1900820 112.2
1900830 112.2
1900840 112.2
1900850 112.1
1900860 112.0
1900870 112.0
1900880 112.1
1900890 112.1
1900900 112.1
1900910 112.1
1900920 112.1
1900930 112.1
1900940 112.1
1900950 112.4
1900960 112.4
1900970 112.1
1900980 112.0
1900990 112.0
1901000 112.1
1901010 112.1
1901020 112.1
1901030 112.1
1901040 112.1
1901050 112.1
1901060 112.4
1901070 112.8
1901080 112.8
1901090 112.9
1901100 113.6
1901110 113.6
1901120 113.6
1901130 113.7
1901140 113.7
1901150 113.7
1901160 113.7
1901170 113.7
1901180 113.7
1901190 113.7
1901200 113.7
1901210 113.7
1901220 113.9
1901230 114.0
1901240 114.0
1901250 114.0
1901260 114.4
1901270 113.6
1901280 113.7
1901290 113.7
1901300 113.7
1901310 113.8
1901320 113.8
1901330 113.8
1901340 113.9
1901350 114.1
1901360 114.1
1901370 114.3
1901380 114.7
1901390 114.7
1901400 115.0
1901410 115.2
1901420 115.2
1901430 115.2
1901440 115.2
1901450 115.2
1901460 115.1
1901470 114.8
1901480 114.8
1901490 114.5
1901500 113.9
1901510 113.9
1901520 113.7
1901530 113.9
1901540 113.9
1901550 113.6
1901560 113.6
1901570 113.6
1901580 114.6
1901590 114.3
1901600 114.3
1901610 114.1
1901620 113.9
1901630 113.9
1901640 113.7
1901650 113.7
1901660 113.7
1901670 113.7
1901680 113.6
1901690 113.6
1901700 113.3
1901710 113.1
1901720 113.1
1901730 113.1
1901740 113.2
1901750 113.2
1901760 113.2
1901770 113.2
1901780 113.2
1901790 113.2
1901800 113.2
1901810 113.2
1901820 113.2
1901830 113.1
1901840 113.2
1901850 113.2
1901860 113.2
1901870 113.2
1901880 113.2
1901890 113.3
1901900 113.3
1901910 113.3
1901920 113.3
1901930 113.3
1901940 113.3
1901950 113.3
1901960 113.2
1901970 113.2
1901980 113.2
1901990 113.1
1902000 113.1
1902010 113.1
1902020 113.1
1902030 113.1
1902040 113.1
1902050 113.1
1902060 113.1
1902070 113.1
1902080 113.2
1902090 113.2
1902100 113.2
1902110 113.1
1902120 113.1
1902130 113.0
1902140 113.4
1902150 113.4
1902160 113.1
1902170 113.2
1902180 113.2
1902190 113.1
1902200 113.2
1902210 113.2
1902220 113.2
1902230 113.2
1902240 113.2
1902250 113.2
1902260 113.2
1902270 113.2
1902280 113.2
1902290 113.2
1902300 113.2
1902310 113.2
1902320 113.2
1902330 113.2
1902340 113.2
1902350 113.2
1902360 113.2
1902370 113.2
1902380 113.2
1902390 113.2
1902400 113.2
1902410 113.2
1902420 113.2
1902430 113.2
1902440 113.1
1902450 113.1
1902460 113.1
1902470 113.1
1902480 113.0
1902490 113.0
1902500 113.1
1902510 113.0
1902520 113.0
1902530 113.0
1902540 113.0
1902550 113.0
1902560 113.1
1902570 113.1
1902580 113.1
1902590 113.0
1902600 113.0
1902610 113.0
1902620 113.1
1902630 113.1
1902640 113.1
1902650 113.1
1902660 113.0
1902670 113.0
1902680 113.1
1902690 113.2
1902700 113.2
1902710 113.1
1902720 113.1
1902730 113.1
1902740 113.1
1902750 113.1
1902760 113.1
1902770 113.1
1902780 113.1
1902790 113.1
1902800 113.1
1902810 113.2
1902820 113.2
1902830 113.2
1902840 113.2
1902850 113.2
1902860 113.2
1902870 113.3
1902880 113.3
1902890 113.3
1902900 113.3
1902910 113.2
1902920 113.2
1902930 113.3
1902940 113.3
1902950 113.3
1902960 113.2
1902970 113.2
1902980 113.2
1902990 113.2
1903000 113.3
1903010 113.3
1903020 113.4
1903030 113.4
1903040 113.4
1903050 113.2
1903060 112.7
1903070 112.7
1903080 113.7
1903090 113.5
1903100 113.5
1903110 113.4
1903120 113.3
1903130 113.3
1903140 113.3
1903150 113.4
1903160 113.4
1903170 113.4
1903180 113.4
1903190 113.4
1903200 113.4
1903210 113.4
1903220 113.4
1903230 113.3
1903240 113.3
1903250 113.2
1903260 113.2
1903270 113.2
1903280 113.3
1903290 113.3
1903300 113.3
1903310 113.3
1903320 113.3
1903330 113.2
1903340 113.2
1903350 113.2
1903360 113.2
1903370 113.3
1903380 113.3
1903390 113.3
1903400 113.3
1903410 113.3
1903420 113.3
1903430 113.4
1903440 113.4
1903450 113.5
1903460 113.5
1903470 113.5
1903480 113.4
1903490 113.4
1903500 113.4
1903510 113.3
1903520 113.4
1903530 113.4
1903540 113.4
1903550 113.3
1903560 113.3
1903570 113.4
1903580 113.3
1903590 113.3
1903600 113.2
1903610 113.2
1903620 113.2
1903630 113.2
1903640 113.1
1903650 113.1
1903660 113.1
1903670 113.1
1903680 113.1
1903690 113.1
1903700 113.2
1903710 113.2
1903720 113.2
1903730 113.2
1903740 113.2
1903750 113.1
1903760 113.2
1903770 113.1
1903780 113.1
1903790 113.2
1903800 113.2
1903810 113.2
1903820 113.2
1903830 113.2
1903840 113.2
1903850 113.3
1903860 113.3
1903870 113.3
1903880 113.4
1903890 113.3
1903900 113.3
1903910 113.2
1903920 113.3
1903930 113.3
1903940 113.3
1903950 113.3
1903960 113.3
1903970 113.3
1903980 113.2
1903990 113.2
1904000 113.2
1904010 113.3
1904020 113.3
1904030 113.2
1904040 113.2
1904050 113.2
1904060 113.2
1904070 113.0
1904080 113.0
1904090 112.9
1904100 113.0
1904110 113.0
1904120 113.2
1904130 113.1
1904140 113.1
1904150 113.1
1904160 113.1
1904170 113.1
1904180 113.3
1904190 113.2
1904200 113.2
1904210 113.1
1904220 113.1
1904230 113.1
1904240 113.1
1904250 113.1
1904260 113.1
