1900000 115.0
1900010 115.0
1900020 115.0
1900030 114.7
1900040 114.5
1900050 114.5
1900060 114.4
1900070 114.3
1900080 114.3
1900090 114.4
1900100 114.3
1900110 114.3
1900120 114.3
1900130 114.3
1900140 114.3
1900150 114.2
1900160 114.2
1900170 114.2
1900180 114.2
1900190 114.2
1900200 114.2
1900210 114.3
1900220 114.3
1900230 114.3
1900240 114.0
1900250 114.0
1900260 114.0
1900270 113.9
1900280 113.4
1900290 113.4
1900300 113.0
1900310 113.0
1900320 113.0
1900330 112.7
1900340 112.5
1900350 112.5
1900360 112.1
1900370 112.1
1900380 112.1
1900390 112.1
1900400 112.1
1900410 112.1
1900420 112.1
1900430 112.1
1900440 112.2
1900450 112.2
1900460 112.2
1900470 112.1
1900480 112.1
1900490 112.1
1900500 112.1
1900510 112.1
1900520 112.1
1900530 112.2
1900540 112.2
1900550 112.2
1900560 112.3
1900570 112.3
1900580 112.3
1900590 112.4
1900600 112.4
1900610 113.1
1900620 113.4
1900630 113.4
1900640 113.5
1900650 113.5
1900660 113.5
1900670 113.6
1900680 113.6
1900690 113.6
1900700 113.6
1900710 113.7
1900720 113.7
1900730 113.7
1900740 113.7
1900750 113.7
1900760 113.7
1900770 113.7
1900780 113.7
1900790 113.8
1900800 113.8
1900810 113.8
1900820 113.8
1900830 113.7
1900840 113.7
1900850 113.8
1900860 113.7
1900870 113.7
1900880 113.9
1900890 114.1
1900900 114.1
1900910 114.4
1900920 114.8
1900930 114.8
1900940 115.1
1900950 115.1
1900960 115.2
1900970 115.2
1900980 115.1
1900990 115.3
1901000 115.3
1901010 114.6
1901020 114.3
1901030 114.3
1901040 114.2
1901050 114.0
1901060 114.0
1901070 113.8
1901080 114.7
1901090 114.7
1901100 114.6
1901110 114.2
1901120 114.2
1901130 114.0
1901140 113.9
1901150 113.9
1901160 113.6
1901170 113.5
1901180 113.5
1901190 113.6
1901200 113.7
1901210 113.7
1901220 113.5
1901230 113.4
1901240 113.4
1901250 113.4
1901260 113.4
1901270 113.4
1901280 113.4
1901290 113.5
1901300 113.5
1901310 113.4
1901320 113.4
1901330 113.4
1901340 113.5
1901350 113.5
1901360 113.5
1901370 113.6
1901380 113.7
1901390 113.7
1901400 113.7
1901410 113.6
1901420 113.6
1901430 113.5
1901440 113.5
1901450 113.4
1901460 113.4
1901470 113.4
1901480 113.4
1901490 113.4
1901500 113.4
1901510 113.5
1901520 113.5
1901530 113.4
1901540 113.3
1901550 113.3
1901560 113.3
1901570 113.2
1901580 113.2
1901590 113.2
1901600 113.2
1901610 113.2
1901620 113.3
1901630 113.2
1901640 113.2
1901650 113.3
1901660 113.2
1901670 113.2
1901680 113.1
1901690 113.2
1901700 113.2
1901710 113.3
1901720 113.2
1901730 113.2
1901740 113.2
1901750 113.1
1901760 113.1
1901770 113.1
1901780 113.1
1901790 113.1
1901800 113.1
1901810 113.0
1901820 113.0
1901830 113.1
1901840 113.0
1901850 113.0
1901860 113.0
1901870 113.1
1901880 113.1
1901890 113.2
1901900 113.1
1901910 113.1
1901920 113.1
1901930 113.2
1901940 113.2
1901950 113.2
1901960 113.1
1901970 113.1
1901980 113.1
1901990 113.1
1902000 113.1
1902010 113.1
1902020 113.1
1902030 113.1
1902040 113.1
1902050 113.1
1902060 113.1
1902070 113.1
1902080 113.1
1902090 113.1
1902100 113.1
1902110 113.1
1902120 113.1
1902130 113.1
1902140 113.0
1902150 113.1
1902160 113.1
1902170 113.3
1902180 113.2
1902190 113.2
1902200 113.2
1902210 113.2
1902220 113.2
1902230 113.1
1902240 113.1
1902250 113.1
1902260 113.2
1902270 113.2
1902280 113.2
1902290 113.2
1902300 113.1
1902310 113.1
1902320 113.0
1902330 113.1
1902340 113.1
1902350 113.1
1902360 113.1
1902370 113.1
1902380 113.1
1902390 113.2
1902400 113.2
1902410 113.2
1902420 113.1
1902430 113.1
1902440 113.1
1902450 113.1
1902460 113.1
1902470 113.2
1902480 113.1
1902490 113.1
1902500 113.1
1902510 113.1
1902520 113.0
1902530 113.0
1902540 113.0
1902550 113.0
1902560 113.0
1902570 113.2
1902580 113.2
1902590 113.2
1902600 113.0
1902610 113.0
1902620 113.0
1902630 112.9
1902640 113.0
1902650 113.0
1902660 113.0
1902670 113.1
1902680 113.1
1902690 113.1
1902700 113.2
1902710 113.2
1902720 113.2
1902730 113.2
1902740 113.2
1902750 113.1
1902760 113.2
1902770 113.2
1902780 113.2
1902790 113.2
1902800 113.2
1902810 113.2
1902820 113.2
1902830 113.2
1902840 113.2
1902850 113.2
1902860 113.2
1902870 113.3
1902880 113.3
1902890 113.3
1902900 113.2
1902910 113.2
1902920 113.2
1902930 113.2
1902940 113.3
1902950 113.3
1902960 113.2
1902970 113.3
1902980 113.3
1902990 113.3
1903000 113.4
1903010 113.3
1903020 113.3
1903030 113.3
1903040 113.0
1903050 113.0
1903060 113.0
1903070 113.1
1903080 113.1
1903090 112.7
1903100 113.0
1903110 113.0
1903120 113.6
1903130 113.5
1903140 113.5
1903150 113.4
1903160 113.3
1903170 113.3
1903180 113.3
1903190 113.4
1903200 113.4
1903210 113.3
1903220 113.3
1903230 113.3
1903240 113.3
1903250 113.3
1903260 113.3
1903270 113.2
1903280 113.2
1903290 113.2
1903300 113.2
1903310 113.2
1903320 113.2
1903330 113.2
1903340 113.2
1903350 113.2
1903360 113.2
1903370 113.2
1903380 113.2
1903390 113.3
1903400 113.3
1903410 113.3
1903420 113.2
1903430 113.3
1903440 113.3
1903450 113.3
1903460 113.3
1903470 113.3
1903480 113.3
1903490 113.3
1903500 113.3
1903510 113.2
1903520 113.2
1903530 113.2
1903540 113.2
1903550 113.1
1903560 113.2
1903570 113.2
1903580 113.2
1903590 113.1
1903600 113.1
1903610 113.1
1903620 113.1
1903630 113.1
1903640 113.1
1903650 113.2
1903660 113.2
1903670 113.1
1903680 113.1
1903690 113.1
1903700 113.1
1903710 113.2
1903720 113.2
1903730 113.2
1903740 113.3
1903750 113.3
1903760 113.2
1903770 113.2
1903780 113.2
1903790 113.1
1903800 113.2
1903810 113.2
1903820 113.2
1903830 113.3
1903840 113.5
1903850 113.4
1903860 113.4
1903870 113.4
1903880 113.3
1903890 113.3
1903900 113.3
1903910 113.3
1903920 113.2
1903930 113.2
1903940 113.2
1903950 113.3
1903960 113.3
1903970 113.3
1903980 113.3
1903990 113.3
1904000 113.3
1904010 113.2
1904020 113.2
1904030 113.2
1904040 113.1
1904050 113.1
1904060 113.1
1904070 113.2
1904080 113.2
1904090 113.2
