1900000 113.4
1900010 113.3
1900020 113.3
1900030 113.3
1900040 113.3
1900050 113.3
1900060 113.4
1900070 113.4
1900080 113.4
1900090 113.4
1900100 113.4
1900110 113.5
1900120 113.3
1900130 113.4
1900140 113.4
1900150 113.4
1900160 113.2
1900170 113.2
1900180 113.2
1900190 113.3
1900200 113.3
1900210 113.3
1900220 113.3
1900230 113.3
1900240 113.3
1900250 113.3
1900260 113.3
1900270 113.3
1900280 113.3
1900290 113.3
1900300 113.3
1900310 113.3
1900320 113.3
1900330 113.3
1900340 113.3
1900350 113.3
1900360 113.3
1900370 113.3
1900380 113.2
1900390 113.2
1900400 113.2
1900410 113.2
1900420 113.2
1900430 113.2
1900440 113.1
1900450 113.1
1900460 113.1
1900470 113.2
1900480 113.2
1900490 113.2
1900500 113.2
1900510 113.2
1900520 113.2
1900530 113.3
1900540 113.3
1900550 113.2
1900560 113.2
1900570 113.2
1900580 113.2
1900590 113.2
1900600 113.2
1900610 113.2
1900620 113.2
1900630 113.2
1900640 113.2
1900650 113.2
1900660 113.2
1900670 113.3
1900680 113.2
1900690 113.2
1900700 113.3
1900710 113.3
1900720 113.3
1900730 113.4
1900740 113.4
1900750 113.4
1900760 113.4
1900770 113.4
1900780 113.4
1900790 113.4
1900800 113.3
1900810 113.3
1900820 113.2
1900830 113.3
1900840 113.3
1900850 113.6
1900860 114.0
1900870 114.0
1900880 113.5
1900890 113.4
1900900 113.5
1900910 113.5
1900920 113.5
1900930 113.5
1900940 113.5
1900950 113.5
1900960 113.5
1900970 113.5
1900980 113.5
1900990 113.4
1901000 113.4
1901010 113.4
1901020 113.5
1901030 113.4
1901040 113.5
1901050 113.5
1901060 113.5
1901070 113.5
1901080 113.4
1901090 113.4
1901100 113.4
1901110 113.3
1901120 113.3
1901130 113.3
1901140 113.3
1901150 113.3
1901160 113.3
1901170 113.2
1901180 113.2
1901190 113.3
1901200 113.4
1901210 113.4
1901220 113.3
1901230 113.3
1901240 113.3
1901250 113.3
1901260 113.2
1901270 113.2
1901280 113.2
1901290 113.2
1901300 113.2
1901310 113.0
1901320 113.0
1901330 113.0
1901340 112.9
1901350 113.1
1901360 113.1
1901370 113.2
1901380 113.3
1901390 113.3
1901400 113.4
1901410 113.4
1901420 113.4
1901430 113.4
1901440 113.4
1901450 113.4
1901460 113.4
1901470 113.4
1901480 113.4
1901490 113.4
1901500 113.4
1901510 113.3
1901520 113.3
1901530 113.4
1901540 113.4
1901550 113.4
1901560 113.3
1901570 113.3
1901580 113.3
1901590 113.4
1901600 113.4
1901610 113.4
1901620 113.3
1901630 113.2
1901640 113.2
1901650 113.1
1901660 113.0
1901670 113.0
1901680 113.0
1901690 113.0
1901700 113.0
1901710 113.2
1901720 113.3
1901730 113.3
1901740 113.0
1901750 113.1
1901760 113.1
1901770 113.0
1901780 113.0
1901790 113.0
1901800 112.9
1901810 113.0
1901820 113.0
1901830 113.0
1901840 113.1
1901850 113.1
1901860 113.2
1901870 113.2
1901880 113.2
1901890 113.2
1901900 113.3
1901910 113.3
1901920 113.2
1901930 113.2
1901940 113.1
1901950 113.1
1901960 113.1
1901970 113.1
1901980 113.1
1901990 113.1
1902000 113.1
1902010 113.1
1902020 113.0
1902030 113.0
1902040 113.0
1902050 113.0
1902060 113.2
1902070 113.2
1902080 113.2
1902090 113.2
1902100 113.2
1902110 113.1
1902120 113.0
1902130 113.0
1902140 113.0
1902150 113.0
1902160 113.0
1902170 113.0
1902180 113.1
1902190 113.1
1902200 113.1
1902210 113.1
1902220 113.1
1902230 113.1
1902240 113.2
1902250 113.2
1902260 113.2
1902270 113.1
1902280 113.1
1902290 113.1
1902300 113.2
1902310 113.2
1902320 113.2
1902330 113.2
1902340 113.2
1902350 113.3
1902360 113.3
1902370 113.3
1902380 113.3
1902390 113.3
1902400 113.3
1902410 113.4
1902420 113.4
1902430 113.4
1902440 113.4
1902450 113.5
1902460 113.8
1902470 113.8
1902480 114.1
1902490 114.3
1902500 114.3
1902510 113.9
1902520 114.3
1902530 114.3
1902540 114.7
1902550 114.9
1902560 114.9
1902570 113.6
1902580 113.9
1902590 113.9
1902600 114.1
1902610 114.3
1902620 114.3
1902630 114.7
1902640 114.8
1902650 114.8
1902660 115.1
1902670 115.2
1902680 115.2
1902690 115.3
1902700 115.3
1902710 115.3
1902720 115.2
1902730 114.6
1902740 114.6
1902750 114.2
1902760 114.1
1902770 114.1
1902780 113.7
1902790 113.7
1902800 113.7
1902810 113.5
1902820 113.5
1902830 113.5
1902840 113.4
1902850 113.3
1902860 113.3
1902870 112.9
1902880 113.9
1902890 113.9
1902900 113.9
1902910 113.7
1902920 113.7
1902930 113.6
1902940 113.6
1902950 113.6
1902960 113.5
1902970 113.5
1902980 113.5
1902990 113.5
1903000 113.4
1903010 113.2
1903020 113.2
1903030 112.7
1903040 112.6
1903050 112.6
1903060 112.5
1903070 112.2
1903080 112.2
1903090 112.1
1903100 112.0
1903110 112.0
1903120 112.0
1903130 112.1
1903140 112.1
1903150 112.1
1903160 112.0
1903170 112.0
1903180 112.0
1903190 112.1
1903200 112.1
1903210 112.0
1903220 112.0
1903230 112.0
1903240 112.0
1903250 112.0
1903260 112.0
1903270 112.0
1903280 112.0
1903290 112.0
1903300 112.1
1903310 112.3
1903320 112.3
1903330 112.5
1903340 112.8
1903350 112.8
1903360 113.0
1903370 113.6
1903380 113.6
1903390 114.1
1903400 114.0
1903410 114.0
1903420 114.0
1903430 113.3
1903440 113.3
1903450 113.6
1903460 114.3
1903470 114.3
1903480 114.1
1903490 113.6
1903500 113.5
1903510 113.5
1903520 113.2
1903530 113.3
1903540 113.3
1903550 113.4
1903560 113.6
1903570 113.6
1903580 113.6
1903590 113.6
1903600 113.6
1903610 113.9
1903620 113.8
1903630 113.8
1903640 113.9
1903650 114.1
1903660 114.1
1903670 114.6
1903680 114.8
1903690 114.8
1903700 114.9
1903710 114.8
1903720 114.8
1903730 115.0
1903740 114.9
1903750 114.9
1903760 114.9
1903770 114.8
1903780 114.8
1903790 114.4
1903800 115.0
1903810 115.0
1903820 114.9
1903830 114.9
1903840 114.9
1903850 114.6
1903860 114.6
1903870 114.6
1903880 114.3
1903890 114.2
1903900 114.2
1903910 113.7
1903920 113.5
1903930 113.5
1903940 113.4
1903950 113.3
1903960 113.3
1903970 113.3
1903980 113.2
1903990 113.3
1904000 113.3
1904010 113.2
1904020 113.2
1904030 113.2
1904040 113.3
1904050 113.3
1904060 113.3
1904070 113.3
1904080 113.2
1904090 113.2
1904100 113.3
1904110 113.1
1904120 113.1
1904130 113.1
1904140 113.1
1904150 113.1
1904160 113.1
1904170 113.1
1904180 113.1
1904190 113.2
1904200 113.2
1904210 113.2
1904220 113.3
1904230 113.3
1904240 113.3
1904250 113.3
1904260 113.2
1904270 113.2
1904280 113.1
