1900000 113.5
1900010 113.5
1900020 113.5
1900030 113.5
1900040 113.6
1900050 113.6
1900060 113.6
1900070 113.5
1900080 113.5
1900090 113.5
1900100 113.5
1900110 113.5
1900120 113.5
1900130 113.5
1900140 113.5
1900150 113.4
1900160 113.4
1900170 113.4
1900180 113.4
1900190 113.4
1900200 113.4
1900210 113.5
1900220 113.5
1900230 113.5
1900240 113.5
1900250 113.5
1900260 113.5
1900270 113.5
1900280 113.5
1900290 113.5
1900300 113.5
1900310 113.5
1900320 113.5
1900330 113.5
1900340 113.5
1900350 113.5
1900360 113.5
1900370 113.4
1900380 113.4
1900390 113.4
1900400 113.4
1900410 113.4
1900420 113.5
1900430 113.5
1900440 113.6
1900450 113.6
1900460 113.8
1900470 113.9
1900480 113.9
1900490 113.7
1900500 113.7
1900510 113.7
1900520 113.7
1900530 113.7
1900540 113.7
1900550 113.7
1900560 113.7
1900570 113.7
1900580 113.7
1900590 113.7
1900600 113.7
1900610 113.7
1900620 113.7
1900630 113.7
1900640 113.7
1900650 113.7
1900660 113.7
1900670 113.7
1900680 113.6
1900690 113.6
1900700 113.6
1900710 113.6
1900720 113.6
1900730 113.6
1900740 113.6
1900750 113.6
1900760 113.6
1900770 113.6
1900780 113.6
1900790 113.6
1900800 113.6
1900810 113.6
1900820 113.6
1900830 113.6
1900840 113.6
1900850 113.6
1900860 113.6
1900870 113.6
1900880 113.6
1900890 113.6
1900900 113.6
1900910 113.6
1900920 113.5
1900930 113.5
1900940 113.5
1900950 113.5
1900960 113.5
1900970 113.5
1900980 113.5
1900990 113.5
1901000 113.5
1901010 113.6
1901020 113.6
1901030 113.6
1901040 113.6
1901050 113.7
1901060 113.7
1901070 113.7
1901080 113.6
1901090 113.6
1901100 113.5
1901110 113.5
1901120 113.5
1901130 113.4
1901140 113.4
1901150 113.4
1901160 113.5
1901170 113.5
1901180 113.5
1901190 113.5
1901200 113.6
1901210 113.6
1901220 113.6
1901230 113.6
1901240 113.6
1901250 113.6
1901260 113.6
1901270 113.6
1901280 113.5
1901290 113.4
1901300 113.4
1901310 113.5
1901320 113.5
1901330 113.5
1901340 113.4
1901350 113.5
1901360 113.5
1901370 113.6
1901380 113.7
1901390 113.7
1901400 113.7
1901410 113.6
1901420 113.6
1901430 113.4
1901440 113.3
1901450 113.3
1901460 113.3
1901470 113.4
1901480 113.4
1901490 113.3
1901500 113.4
1901510 113.4
1901520 113.4
1901530 113.4
1901540 113.4
1901550 113.4
1901560 113.4
1901570 113.4
1901580 113.4
1901590 113.4
1901600 113.4
1901610 113.4
1901620 113.4
1901630 113.4
1901640 113.4
1901650 113.4
1901660 113.4
1901670 113.4
1901680 113.4
1901690 113.4
1901700 113.4
1901710 113.4
1901720 113.4
1901730 113.4
1901740 113.4
1901750 113.4
1901760 113.4
1901770 113.4
1901780 113.4
1901790 113.4
1901800 113.4
1901810 113.5
1901820 113.5
1901830 113.4
1901840 113.3
1901850 113.3
1901860 113.3
1901870 113.3
1901880 113.3
1901890 113.4
1901900 113.4
1901910 113.4
1901920 113.3
1901930 113.4
1901940 113.4
1901950 113.3
1901960 113.4
1901970 113.4
1901980 113.4
1901990 113.3
1902000 113.3
1902010 113.4
1902020 113.3
1902030 113.4
1902040 113.4
1902050 113.4
1902060 113.4
1902070 113.4
1902080 113.4
1902090 113.4
1902100 113.4
1902110 113.4
1902120 113.4
1902130 113.4
1902140 113.4
1902150 113.4
1902160 113.4
1902170 113.4
1902180 113.4
1902190 113.4
1902200 113.4
1902210 113.4
1902220 113.4
1902230 113.4
1902240 113.5
1902250 113.5
1902260 113.7
1902270 113.4
1902280 113.4
1902290 113.3
1902300 113.3
1902310 113.3
1902320 113.3
1902330 113.2
1902340 113.2
1902350 113.3
1902360 113.3
1902370 113.3
1902380 113.3
1902390 113.3
1902400 113.3
1902410 113.3
1902420 113.4
1902430 113.4
1902440 113.4
1902450 113.4
1902460 113.4
1902470 113.4
1902660 113.4
1902670 113.4
1902680 113.4
1902690 113.4
1902700 113.4
1902710 113.4
1902720 113.3
1902960 113.4
1902970 113.5
1902980 113.5
1902990 113.6
1903000 113.4
1903010 113.4
1903020 113.5
1903030 113.6
