1900000 113.8
1900010 113.8
1900020 113.9
1900030 114.0
1900040 114.0
1900050 113.9
1900060 113.9
1900070 113.9
1900080 113.8
1900090 113.8
1900100 113.8
1900110 113.8
1900120 113.8
1900130 113.8
1900140 113.8
1900150 113.8
1900160 113.8
1900170 113.8
1900180 113.8
1900190 113.8
1900200 113.8
1900210 113.9
1900220 113.9
1900230 113.9
1900240 113.9
1900250 113.8
1900260 113.8
1900270 113.9
1900280 113.9
1900290 113.9
1900300 113.8
1900310 113.8
1900320 113.8
1900330 113.8
1900340 114.2
1900350 114.2
1900360 114.3
1900370 113.9
1900380 113.9
1900390 114.3
1900400 114.1
1900410 114.1
1900420 113.9
1900430 114.0
1900440 114.0
1900450 114.0
1900460 114.0
1900470 114.0
1900480 114.0
1900490 113.9
1900500 113.9
1900510 114.0
1900520 114.0
1900530 114.0
1900540 114.0
1900550 114.0
1900560 114.0
1900570 114.0
1900580 114.0
1900590 114.0
1900600 113.9
1900610 113.9
1900620 113.9
1900630 113.9
1900640 114.0
1900650 114.0
1900660 114.0
1900670 113.9
1900680 113.9
1900690 113.9
1900700 114.0
1900710 114.1
1900720 114.1
1900730 114.1
1900740 114.0
1900750 114.0
1900760 114.0
1900770 114.0
1900780 114.0
1900790 114.1
1900800 114.0
1900810 114.0
1900820 113.9
1900830 114.0
1900840 114.0
1900850 114.2
1900860 114.4
1900870 114.4
1900880 114.3
1900890 114.3
1900900 114.3
1900910 114.2
1900920 114.0
1900930 114.0
1900940 113.7
1900950 113.7
1900960 113.7
1900970 113.7
1900980 113.7
1900990 113.7
1901000 113.8
1901010 113.7
1901020 113.7
1901030 113.7
1901040 113.7
1901050 113.7
1901060 113.9
1901070 114.2
1901080 114.2
1901090 114.2
1901100 114.3
1901110 114.3
1901120 114.4
1901130 114.4
1901140 114.4
1901150 114.4
1901160 114.4
1901170 114.4
1901180 114.3
1901190 114.3
1901200 114.2
1901210 114.2
1901220 114.1
1901230 114.1
1901240 114.1
1901250 114.1
1901260 114.1
1901270 114.1
1901280 114.1
1901290 114.0
1901300 114.0
1901310 114.0
1901320 114.0
1901330 114.0
1901340 114.0
1901350 114.1
1901360 114.1
1901370 114.0
1901380 114.1
1901390 114.1
1901400 113.9
1901410 114.0
1901420 114.0
1901430 114.0
1901440 114.0
1901450 114.0
1901460 113.9
1901470 113.9
1901480 113.9
1901490 113.9
1901500 113.8
1901510 113.8
1901520 113.8
1901530 113.8
1901540 113.8
1901550 113.9
1901560 113.8
1901570 113.8
1901580 113.7
1901590 113.7
1901600 113.7
1901610 113.7
1901620 113.7
1901630 113.7
1901640 113.7
1901650 113.7
1901660 113.7
1901670 113.7
1901680 113.7
1901690 113.7
1901700 113.8
1901710 113.8
1901720 113.8
1901730 113.9
1901740 113.9
1901750 114.0
1901760 114.0
1901770 114.0
1901780 114.1
1901790 114.1
1901800 114.0
1901810 113.8
1901820 113.8
1901830 113.7
1901840 113.7
1901850 113.8
1901860 113.8
1901870 113.8
1901880 113.8
1901890 113.7
1901900 113.8
1901910 113.8
1901920 113.8
1901930 113.7
1901940 113.7
1901950 113.6
1901960 113.6
1901970 113.6
1901980 113.7
1901990 113.7
1902000 113.7
1902010 113.7
1902020 113.7
1902030 113.7
1902040 113.7
1902050 113.9
1902060 113.9
1902070 113.7
1902080 113.6
1902090 113.6
1902100 113.6
1902110 113.6
1902120 113.6
