1900000 113.8
1900010 113.8
1900020 113.8
1900030 113.8
1900040 113.9
1900050 113.9
1900060 113.9
1900070 113.8
1900080 113.8
1900090 113.8
1900100 113.8
1900110 113.8
1900120 113.8
1900130 113.8
1900140 113.8
1900150 113.9
1900160 113.8
1900170 113.8
1900180 113.9
1900190 113.8
1900200 113.8
1900210 113.8
1900220 113.8
1900230 113.8
1900240 113.8
1900250 113.8
1900260 113.8
1900270 113.9
1900280 113.9
1900290 113.9
1900300 113.9
1900310 113.8
1900320 113.8
1900330 113.9
1900340 113.8
1900350 113.8
1900360 113.8
1900370 114.1
1900380 114.1
1900390 114.0
1900400 113.9
1900410 113.9
1900420 114.2
1900430 114.1
1900440 114.1
1900450 113.8
1900460 113.9
1900470 114.0
1900480 114.0
1900490 113.9
1900500 113.9
1900510 113.9
1900520 113.9
1900530 114.0
1900540 114.0
1900550 114.0
1900560 113.9
1900570 113.9
1900580 113.9
1900590 113.9
1900600 113.9
1900610 113.8
1900620 113.8
1900630 113.8
1900640 113.9
1900650 113.9
1900660 113.9
1900670 113.9
1900680 113.9
1900690 113.9
1900700 113.9
1900710 113.9
1900720 113.9
1900730 113.9
1900740 113.9
1900750 113.9
1900760 114.0
1900770 113.8
1900780 113.8
1900790 113.8
1900800 113.9
1900810 113.9
1900820 114.0
1900830 113.9
1900840 113.9
1900850 114.0
1900860 114.0
1900870 114.0
1900880 114.0
1900890 114.0
1900900 114.0
1900910 113.9
1900920 113.9
1900930 113.9
1900940 113.8
1900950 113.7
1900960 113.7
1900970 113.7
1900980 113.7
1900990 113.7
1901000 113.7
1901010 113.7
1901020 113.7
1901030 113.7
1901040 113.8
1901050 113.9
1901060 113.9
1901070 114.2
1901080 114.4
1901090 114.4
1901100 114.4
1901110 114.3
1901120 114.3
1901130 114.3
1901140 114.3
1901150 114.3
1901160 114.2
1901170 114.2
1901180 114.2
1901190 114.3
1901200 114.2
1901210 114.2
1901220 114.1
1901230 114.1
1901240 114.1
1901250 114.0
1901260 113.9
1901270 113.9
1901280 113.9
1901290 113.9
1901300 113.9
1901310 114.0
1901320 113.9
1901330 113.9
1901340 114.1
1901350 114.1
1901360 114.1
1901370 113.9
1901380 113.9
1901390 113.9
1901400 113.8
1901410 113.9
1901420 113.9
1901430 114.0
1901440 113.9
1901450 113.9
1901460 113.9
1901470 113.9
1901480 113.9
1901490 113.9
1901500 113.9
1901510 113.9
1901520 113.9
1901530 113.9
1901540 113.8
1901550 113.8
1901560 113.8
1901570 113.7
1901580 113.7
1901590 113.7
1901600 113.7
1901610 113.7
1901620 113.7
1901630 113.7
1901640 113.7
1901650 113.7
1901660 113.6
1901670 113.6
1901680 113.6
1901690 113.6
1901700 113.6
1901710 113.7
1901720 113.8
1901730 113.8
1901740 113.9
1901750 113.9
1901760 113.9
1901770 113.7
1901780 113.8
1901790 113.8
1901800 113.8
1901810 113.8
1901820 113.8
1901830 113.8
1901840 113.8
1901850 113.8
1901860 113.7
1901870 113.7
1901880 113.7
1901890 113.7
1901900 113.6
1901910 113.6
1901920 113.6
1901930 113.7
1901940 113.7
1901950 113.8
1901960 113.8
1901970 113.8
1901980 113.9
1901990 113.9
1902000 113.9
1902010 114.0
1902020 114.1
1902030 114.1
1902040 113.8
1902050 113.6
1902060 113.6
1902070 113.6
1902080 113.6
1902090 113.6
1902100 113.6
1902110 113.6
1902120 113.6
1902130 113.6
1902140 113.7
