1900000 113.8
1900010 113.8
1900020 113.8
1900030 113.8
1900040 113.8
1900050 113.8
1900060 113.8
1900070 113.8
1900080 113.8
1900090 113.8
1900100 113.8
1900110 113.9
1900120 113.9
1900130 113.9
1900140 113.9
1900150 113.9
1900160 113.9
1900170 113.9
1900180 113.9
1900190 114.0
1900200 114.0
1900210 114.0
1900220 114.0
1900230 114.0
1900240 113.9
1900250 113.9
1900260 113.9
1900270 113.9
1900280 113.9
1900290 113.8
1900300 114.2
1900310 114.2
1900320 114.2
1900330 113.9
1900340 113.9
1900350 114.1
1900360 114.2
1900370 114.2
1900380 113.9
1900390 113.9
1900400 113.9
1900410 114.0
1900420 114.0
1900430 114.0
1900440 114.0
1900450 113.9
1900460 113.9
1900470 114.0
1900480 114.0
1900490 114.0
1900500 114.1
1900510 114.1
1900520 114.1
1900530 114.0
1900540 114.1
1900550 114.1
1900560 114.1
1900570 114.1
1900580 114.0
1900590 114.0
1900600 114.0
1900610 114.1
1900620 114.1
1900630 114.2
1900640 114.3
1900650 114.3
1900660 114.4
1900670 114.4
1900680 114.4
1900690 114.4
1900700 114.5
1900710 114.5
1900720 114.6
1900730 114.6
1900740 114.6
1900750 114.5
1900760 114.5
1900770 114.5
1900780 114.5
1900790 114.5
1900800 114.5
1900810 114.5
1900820 114.5
1900830 114.5
1900840 114.5
1900850 114.5
1900860 114.5
1900870 114.5
1900880 114.4
1900890 114.4
1900900 114.5
1900910 114.5
1900920 114.5
1900930 114.4
1900940 114.3
1900950 114.3
1900960 114.1
1900970 114.1
1900980 114.1
1900990 113.9
1901000 113.9
1901010 113.9
1901020 113.8
1901030 113.8
1901040 113.8
1901050 113.8
1901060 113.8
1901070 113.8
1901080 113.8
1901090 113.8
1901100 113.8
1901110 113.8
1901120 113.8
1901130 113.8
1901140 113.8
1901150 113.8
1901160 113.8
1901170 113.8
1901180 113.8
1901190 113.8
1901200 113.8
1901210 113.8
1901220 114.0
1901230 114.0
1901240 114.1
1901250 114.2
1901260 114.2
1901270 114.2
1901280 114.2
1901290 114.2
1901300 114.2
1901310 114.2
1901320 114.2
1901330 114.1
1901340 113.9
1901350 113.9
1901360 113.9
1901370 113.9
1901380 113.9
1901390 113.9
1901400 114.0
1901410 114.0
1901420 114.1
1901430 113.9
1901440 113.9
1901450 113.9
1901460 114.3
1901470 114.3
1901480 114.0
1901490 114.0
1901500 114.0
1901510 113.9
1901520 113.9
1901530 113.9
1901540 113.9
1901550 114.0
1901560 114.0
1901570 113.8
1901580 113.8
1901590 113.8
1901600 113.8
1901610 113.8
1901620 113.7
1901630 113.7
1901640 113.8
1901650 113.8
1901660 113.8
1901670 113.8
1901680 113.9
1901690 113.9
1901700 113.8
1901710 113.8
1901720 113.8
1901730 113.9
1901740 113.8
1901750 113.8
1901760 113.9
1901770 114.0
1901780 114.0
1901790 114.0
1901800 114.0
1901810 114.0
1901820 114.0
1901830 114.0
1901840 114.0
1901850 114.0
1901860 113.8
1901870 113.8
1901880 113.9
1901890 113.8
1901900 113.8
1901910 113.8
1901920 113.8
1901930 113.8
1901940 113.7
1901950 113.7
1901960 113.7
1901970 113.6
1901980 113.6
1901990 113.6
1902000 113.6
1902010 113.6
1902020 113.6
1902030 113.6
1902040 113.6
1902050 113.6
