1900000 113.8
1900010 113.8
1900020 113.9
1900030 113.8
1900040 113.8
1900050 113.9
1900060 113.8
1900070 113.8
1900080 113.8
1900090 113.8
1900100 113.8
1900110 113.8
1900120 113.8
1900130 113.8
1900140 113.8
1900150 113.8
1900160 113.8
1900170 113.8
1900180 113.8
1900190 113.8
1900200 113.9
1900210 114.0
1900220 114.0
1900230 114.0
1900240 113.9
1900250 113.9
1900260 113.8
1900270 113.8
1900280 113.8
1900290 113.8
1900300 113.8
1900310 113.8
1900320 113.8
1900330 114.1
1900340 114.1
1900350 114.1
1900360 113.9
1900370 114.2
1900380 114.2
1900390 114.1
1900400 114.0
1900410 114.0
1900420 114.0
1900430 114.0
1900440 114.0
1900450 114.0
1900460 113.9
1900470 113.9
1900480 114.0
1900490 114.1
1900500 114.1
1900510 114.0
1900520 114.0
1900530 114.0
1900540 114.0
1900550 114.0
1900560 114.0
1900570 114.0
1900580 114.1
1900590 114.1
1900600 114.0
1900610 113.9
1900620 113.9
1900630 114.0
1900640 114.0
1900650 114.0
1900660 114.0
1900670 114.0
1900680 114.0
1900690 114.0
1900700 114.1
1900710 114.3
1900720 114.3
1900730 114.3
1900740 114.3
1900750 114.4
1900760 114.4
1900770 114.4
1900780 114.5
1900790 114.4
1900800 114.4
1900810 114.4
1900820 114.5
1900830 114.5
1900840 114.5
1900850 114.5
1900860 114.5
1900870 114.5
1900880 114.4
1900890 114.4
1900900 114.4
1900910 114.3
1900920 114.2
1900930 114.2
1900940 114.1
1900950 113.8
1900960 113.8
1900970 113.8
1900980 113.7
1900990 113.7
1901000 113.7
1901010 113.7
1901020 113.8
1901030 113.8
1901040 113.8
1901050 113.8
1901060 113.8
1901070 113.8
1901080 113.8
1901090 113.9
1901100 113.9
1901110 113.9
1901120 113.9
1901130 114.1
1901140 114.1
1901150 114.1
1901160 114.1
1901170 114.1
1901180 114.0
1901190 114.0
1901200 114.0
1901210 114.1
1901220 114.1
1901230 114.1
1901240 114.1
1901250 114.2
1901260 114.2
1901270 114.1
1901280 114.1
1901290 114.1
1901300 114.1
1901310 114.0
1901320 114.0
1901330 114.0
1901340 114.0
1901350 114.0
1901360 113.9
1901370 114.0
1901380 114.0
1901390 113.9
1901400 113.9
1901410 114.2
1901420 114.2
1901430 114.1
1901440 114.1
1901450 114.1
1901460 114.0
1901470 113.9
1901480 113.9
1901490 113.9
1901500 113.8
1901510 113.8
1901520 113.9
1901530 113.8
1901540 113.8
1901550 113.8
1901560 113.8
1901570 113.8
1901580 113.7
1901590 113.7
1901600 113.7
1901610 113.7
1901620 113.8
1901630 113.8
1901640 113.8
1901650 113.8
1901660 113.8
1901670 113.8
1901680 113.9
1901690 113.9
1901700 114.0
1901710 114.2
1901720 114.2
1901730 114.2
1901740 114.1
1901750 114.1
1901760 114.0
1901770 114.1
1901780 114.1
1901790 114.0
1901800 114.0
1901810 114.0
1901820 114.1
1901830 114.0
1901840 114.0
1901850 114.0
1901860 113.8
1901870 113.8
1901880 113.8
1901890 113.9
1901900 113.9
1901910 113.8
1901920 113.8
1901930 113.8
1901940 113.8
1901950 113.8
1901960 113.7
1901970 113.7
1901980 113.6
1901990 113.6
1902000 113.6
1902010 113.6
1902020 113.6
1902030 113.6
1902040 113.6
1902050 113.6
1902060 113.6
1902070 113.8
1902080 113.9
1902090 113.9
