1900000 114.3
1900010 114.4
1900020 114.5
1900030 114.5
1900040 114.6
1900050 114.6
1900060 114.6
1900070 114.6
1900080 114.7
1900090 114.6
1900100 114.6
1900110 114.6
1900120 114.5
1900130 114.5
1900140 114.5
1900150 114.6
1900160 114.6
1900170 114.6
1900180 114.7
1900190 114.7
1900200 114.7
1900210 114.8
1900220 114.8
1900230 114.8
1900240 114.8
1900250 114.8
1900260 114.7
1900270 114.8
1900280 114.8
1900290 114.8
1900300 114.3
1900310 114.3
1900320 114.6
1900330 114.7
1900340 114.7
1900350 114.2
1900360 114.3
1900370 114.3
1900380 114.3
1900390 114.2
1900400 114.2
1900410 114.2
1900420 114.2
1900430 114.2
1900440 114.3
1900450 114.3
1900460 114.3
1900470 114.3
1900480 114.3
1900490 114.3
1900500 114.4
1900510 114.4
1900520 114.4
1900530 114.5
1900540 114.5
1900550 114.5
1900560 114.5
1900570 114.5
1900580 114.5
1900590 114.6
1900600 114.7
1900610 114.8
1900620 114.8
1900630 114.9
1900640 115.0
1900650 115.0
1900660 115.0
1900670 115.0
1900680 115.0
1900690 115.0
1900700 115.0
1900710 115.0
1900720 115.0
1900730 115.0
1900740 115.0
1900750 115.0
1900760 115.0
1900770 115.0
1900780 114.9
1900790 114.9
1900800 114.9
1900810 114.9
1900820 114.9
1900830 114.9
1900840 114.9
1900850 115.0
1900860 115.0
1900870 114.9
1900880 114.9
1900890 114.9
1900900 115.0
1900910 115.0
1900920 115.0
1900930 115.0
1900940 115.0
1900950 115.0
1900960 115.0
1900970 115.0
1900980 115.0
1900990 114.9
1901000 114.9
1901010 114.9
1901020 114.9
1901030 114.8
1901040 114.8
1901050 114.7
1901060 114.7
1901070 114.7
1901080 114.6
1901090 114.5
1901100 114.5
1901110 114.5
1901120 114.5
1901130 114.4
1901140 114.4
1901150 114.4
1901160 114.3
1901170 114.3
1901180 114.2
1901190 114.1
1901200 114.1
1901210 114.0
1901220 113.9
1901230 113.9
1901240 113.8
1901250 113.9
1901260 113.9
1901270 114.0
1901280 114.0
1901290 114.0
1901300 114.1
1901310 114.1
1901320 114.1
1901330 114.1
1901340 114.1
1901350 114.1
1901360 114.1
1901370 114.2
1901380 114.2
1901390 114.2
1901400 114.1
1901410 114.1
1901420 114.1
1901430 114.1
1901440 114.1
1901450 114.0
1901460 114.0
1901470 114.0
1901480 114.0
1901490 114.0
1901500 114.0
1901510 113.9
1901520 113.9
1901530 113.9
1901540 113.9
1901550 113.9
1901560 113.9
1901570 113.9
1901580 113.9
1901590 114.0
1901600 114.0
1901610 114.0
1901620 114.0
1901630 114.0
1901640 113.9
1901650 113.9
1901660 113.9
