1900000 114.2
1900010 114.2
1900020 114.7
1900030 114.7
1900040 114.7
1900050 114.8
1900060 114.9
1900070 114.9
1900080 114.9
1900090 114.8
1900100 114.8
1900110 114.7
1900120 114.7
1900130 114.7
1900140 114.8
1900150 114.7
1900160 114.7
1900170 114.7
1900180 114.7
1900190 114.7
1900200 114.7
1900210 114.7
1900220 114.7
1900230 114.6
1900240 114.5
1900250 114.5
1900260 114.5
1900270 114.6
1900280 114.7
1900290 115.1
1900300 114.3
1900310 114.3
1900320 114.7
1900330 114.9
1900340 114.9
1900350 114.3
1900360 114.5
1900370 114.5
1900380 114.5
1900390 114.6
1900400 114.6
1900410 114.5
1900420 114.5
1900430 114.5
1900440 114.6
1900450 114.5
1900460 114.5
1900470 114.5
1900480 114.6
1900490 114.6
1900500 114.6
1900510 114.4
1900520 114.5
1900530 114.5
1900540 114.6
1900550 114.7
1900560 114.7
1900570 114.7
1900580 114.7
1900590 114.7
1900600 114.6
1900610 114.5
1900620 114.5
1900630 114.6
1900640 114.6
1900650 114.6
1900660 114.6
1900670 114.6
1900680 114.6
1900690 114.6
1900700 114.4
1900710 114.4
1900720 114.4
1900730 114.4
1900740 114.4
1900750 114.4
1900760 114.4
1900770 114.4
1900780 114.4
1900790 114.4
1900800 114.4
1900810 114.3
1900820 114.2
1900830 114.2
1900840 114.2
1900850 114.2
1900860 114.2
1900870 114.1
1900880 114.2
1900890 114.2
1900900 114.1
1900910 114.2
1900920 114.2
1900930 114.3
1900940 114.2
1900950 114.2
1900960 114.1
1900970 114.1
1900980 114.1
1900990 114.2
1901000 114.2
1901010 114.2
1901020 114.1
1901030 114.2
1901040 114.2
1901050 114.2
1901060 114.2
1901070 114.2
1901080 114.2
1901090 114.2
1901100 114.2
1901110 114.2
1901120 114.1
1901130 114.2
1901140 114.2
1901150 114.2
1901160 114.2
1901170 114.2
1901180 114.1
1901190 114.1
1901200 114.1
1901210 114.2
1901220 114.2
1901230 114.2
1901240 114.2
1901250 114.2
1901260 114.2
1901270 114.2
1901280 114.2
1901290 114.2
1901300 114.2
1901310 114.2
1901320 114.2
1901330 114.3
1901340 114.3
1901350 114.3
1901360 114.3
1901370 114.5
1901380 114.5
1901390 114.7
1901400 114.7
1901410 114.7
1901420 114.6
1901430 114.2
1901440 114.2
1901450 114.1
1901460 114.1
1901470 114.1
1901480 114.0
1901490 114.0
1901500 114.0
1901510 114.0
1901520 113.8
1901530 113.8
1901540 113.8
1901550 113.9
1901560 113.9
1901570 113.9
1901580 113.9
1901590 113.9
1901600 113.9
1901610 113.9
1901620 113.9
1901630 113.9
1901640 114.0
1901650 114.0
1901660 114.0
1901670 114.1
1901680 114.0
1901690 114.0
1901700 114.0
1901710 114.0
1901720 114.0
1901730 114.0
1901740 114.0
1901750 114.0
1901760 114.0
