1900000 114.5
1900010 114.4
1900020 114.4
1900030 114.4
1900040 114.2
1900050 114.0
1900060 114.0
1900070 114.0
1900080 114.0
1900090 114.0
1900100 114.0
1900110 114.0
1900120 114.0
1900130 114.0
1900140 114.0
1900150 114.0
1900160 114.0
1900170 114.0
1900180 114.0
1900190 114.0
1900200 113.9
1900210 113.9
1900220 114.1
1900230 114.2
1900240 114.2
1900250 114.1
1900260 114.1
1900270 114.1
1900280 114.1
1900290 114.2
1900300 114.2
1900310 114.1
1900320 114.2
1900330 114.2
1900340 114.0
1900350 114.2
1900360 114.2
1900370 114.5
1900380 114.2
1900390 114.2
1900400 114.1
1900410 114.1
1900420 114.1
1900430 114.1
1900440 114.1
1900450 114.1
1900460 114.2
1900470 114.2
1900480 114.2
1900490 114.2
1900500 114.5
1900510 114.5
1900520 114.5
1900530 114.7
1900540 114.7
1900550 114.7
1900560 114.6
1900570 114.7
1900580 114.7
1900590 114.7
1900600 114.8
1900610 114.8
1900620 114.8
1900630 114.9
1900640 114.9
1900650 114.8
1900660 114.8
1900670 114.8
1900680 114.8
1900690 114.9
1900700 114.9
1900710 114.8
1900720 114.8
1900730 114.8
1900740 114.8
1900750 114.8
1900760 114.8
1900770 114.8
1900780 114.9
1900790 114.9
1900800 115.0
1900810 115.2
1900820 115.2
1900830 115.2
1900840 115.2
1900850 115.2
1900860 115.2
1900870 115.2
1900880 115.2
1900890 115.1
1900900 115.1
1900910 115.1
1900920 115.0
1900930 115.0
1900940 115.0
1900950 115.0
1900960 115.1
1900970 115.1
1900980 115.1
1900990 115.1
1901000 115.1
1901010 115.1
1901020 115.1
1901030 115.0
1901040 115.0
1901050 114.9
1901060 115.0
1901070 115.0
1901080 115.1
1901090 115.2
1901100 115.2
1901110 115.0
1901120 115.0
1901130 115.0
1901140 114.9
1901150 114.8
1901160 114.8
1901170 114.7
1901180 114.9
1901190 114.9
1901200 114.9
1901210 115.0
1901220 115.0
1901230 115.0
1901240 114.9
1901250 114.9
1901260 114.8
1901270 114.8
1901280 114.8
1901290 114.8
1901300 114.7
1901310 114.7
1901320 114.7
1901330 114.7
1901340 114.7
1901350 114.7
1901360 114.7
1901370 114.7
1901380 114.7
1901390 114.8
1901400 114.8
1901410 114.7
1901420 114.8
1901430 114.8
1901440 114.8
1901450 114.7
1901460 114.7
1901470 114.6
1901480 114.6
1901490 114.6
1901500 114.5
1901510 114.6
1901520 114.6
1901530 114.6
1901540 114.7
1901550 114.7
1901560 114.6
1901570 114.6
1901580 114.6
1901590 114.6
1901600 114.6
1901610 114.5
1901620 114.5
1901630 114.5
1901640 114.7
1901650 114.7
1901660 114.8
1901670 114.4
1901680 114.4
1901690 114.5
1901700 114.7
1901710 114.7
1901720 114.7
1901730 114.7
1901740 114.7
1901750 114.6
1901760 114.6
1901770 114.6
1901780 114.5
1901790 114.5
1901800 114.5
