1900000 114.2
1900010 114.0
1900020 114.0
1900030 114.0
1900040 114.0
1900050 114.0
1900060 114.0
1900070 114.0
1900080 114.0
1900090 114.0
1900100 114.0
1900110 114.0
1900120 114.0
1900130 114.0
1900140 114.0
1900150 114.0
1900160 114.1
1900170 114.1
1900180 114.1
1900190 113.9
1900200 114.1
1900210 114.1
1900220 114.1
1900230 114.1
1900240 114.1
1900250 114.0
1900260 114.1
1900270 114.1
1900280 114.1
1900290 114.1
1900300 114.1
1900310 114.0
1900320 114.3
1900330 114.3
1900340 114.1
1900350 114.2
1900360 114.2
1900370 114.4
1900380 114.1
1900390 114.1
1900400 114.3
1900410 114.2
1900420 114.2
1900430 114.3
1900440 114.5
1900450 114.5
1900460 114.5
1900470 114.5
1900480 114.5
1900490 114.4
1900500 114.5
1900510 114.5
1900520 114.6
1900530 114.7
1900540 114.7
1900550 114.9
1900560 115.0
1900570 115.0
1900580 115.0
1900590 115.1
1900600 115.2
1900610 115.1
1900620 115.1
1900630 115.1
1900640 115.1
1900650 115.0
1900660 115.0
1900670 115.0
1900680 115.0
1900690 115.1
1900700 115.1
1900710 115.1
1900720 115.1
1900730 115.1
1900740 115.1
1900750 115.1
1900760 115.1
1900770 115.1
1900780 115.1
1900790 115.1
1900800 115.1
1900810 115.1
1900820 115.1
1900830 115.2
1900840 115.2
1900850 115.2
1900860 115.2
1900870 115.2
1900880 115.2
1900890 115.2
1900900 115.3
1900910 115.4
1900920 115.3
1900930 115.3
1900940 115.3
1900950 115.2
1900960 115.1
1900970 115.1
1900980 115.0
1900990 115.0
1901000 115.0
1901010 115.0
1901020 114.9
1901030 114.9
1901040 115.0
1901050 115.0
1901060 115.0
1901070 115.2
1901080 114.8
1901090 114.8
1901100 114.9
1901110 115.3
1901120 115.3
1901130 115.3
1901140 115.3
1901150 115.3
1901160 115.1
1901170 115.0
1901180 115.0
1901190 114.9
1901200 114.9
1901210 114.9
1901220 114.8
1901230 114.8
1901240 114.7
1901250 114.7
1901260 114.8
1901270 114.8
1901280 114.8
1901290 114.8
1901300 114.9
1901310 114.9
1901320 115.0
1901330 115.0
1901340 115.0
1901350 115.0
1901360 114.9
1901370 114.9
1901380 114.8
1901390 114.7
1901400 114.7
1901410 114.7
1901420 114.8
1901430 114.8
1901440 114.8
1901450 114.8
1901460 114.8
1901470 114.8
1901480 114.8
1901490 114.8
1901500 114.7
1901510 114.7
1901520 114.6
1901530 114.6
1901540 114.6
1901550 114.6
1901560 114.6
1901570 114.7
1901580 114.7
1901590 114.6
1901600 114.4
1901610 114.4
1901620 114.4
1901630 114.5
1901640 114.5
1901650 114.5
1901660 114.6
1901670 114.6
1901680 114.7
1901690 114.6
1901700 114.6
1901710 114.4
1901720 114.6
1901730 114.6
1901740 114.7
1901750 114.7
1901760 114.7
1901770 114.6
1901780 114.6
1901790 114.5
1901800 114.5
