1900000 114.4
1900010 114.4
1900020 114.4
1900030 114.4
1900040 114.1
1900050 114.1
1900060 114.4
1900070 114.5
1900080 114.5
1900090 114.7
1900100 114.8
1900110 114.8
1900120 114.9
1900130 115.0
1900140 115.0
1900150 115.0
1900160 115.0
1900170 115.1
1900180 115.1
1900190 115.1
1900200 115.1
1900210 115.1
1900220 115.3
1900230 115.3
1900240 115.3
1900250 115.4
1900260 115.3
1900270 115.3
1900280 115.2
1900290 115.2
1900300 115.2
1900310 115.1
1900320 115.3
1900330 115.3
1900340 115.7
1900350 114.3
1900360 114.3
1900370 115.2
1900380 114.8
1900390 114.8
1900400 114.9
1900410 114.9
1900420 114.9
1900430 114.9
1900440 115.0
1900450 115.0
1900460 114.9
1900470 114.9
1900480 114.9
1900490 115.0
1900500 115.1
1900510 115.1
1900520 115.0
1900530 115.0
1900540 115.0
1900550 114.9
1900560 114.8
1900570 114.8
1900580 114.9
1900590 114.9
1900600 114.9
1900610 114.9
1900620 114.9
1900630 114.9
1900640 114.8
1900650 114.8
1900660 114.9
1900670 114.9
1900680 114.9
1900690 114.9
1900700 114.9
1900710 115.0
1900720 115.0
1900730 115.0
1900740 115.0
1900750 114.9
1900760 114.9
1900770 114.9
1900780 115.3
1900790 115.3
1900800 115.0
1900810 114.9
1900820 114.9
1900830 114.9
1900840 114.9
1900850 114.9
1900860 114.9
1900870 114.9
1900880 114.9
1900890 114.9
1900900 114.9
1900910 114.9
1900920 115.0
1900930 114.9
1900940 114.9
1900950 114.9
1900960 114.8
1900970 114.9
1900980 114.9
1900990 114.9
1901000 114.9
1901010 114.9
1901020 115.0
1901030 115.0
1901040 115.1
1901050 115.1
1901060 115.1
1901070 115.1
1901080 115.0
1901090 115.0
1901100 115.0
1901110 114.9
1901120 114.9
1901130 114.9
1901140 114.9
1901150 114.9
1901160 115.0
1901170 114.9
1901180 114.9
1901190 114.9
1901200 114.8
1901210 114.8
1901220 114.8
1901230 114.8
1901240 114.8
1901250 114.8
1901260 114.7
1901270 114.7
1901280 114.8
1901290 114.9
1901300 115.0
1901310 115.0
1901320 114.9
1901330 114.9
1901340 114.9
1901350 115.0
1901360 115.1
1901370 115.1
1901380 115.1
1901390 115.2
1901400 115.2
1901410 115.2
1901420 115.1
1901430 115.1
1901440 114.9
1901450 114.8
1901460 114.8
1901470 114.8
1901480 114.7
1901490 114.7
1901500 114.6
1901510 114.5
1901520 114.5
1901530 114.5
1901540 114.5
1901550 114.5
1901560 114.5
1901570 114.6
1901580 114.6
1901590 114.5
1901600 114.6
1901610 114.6
1901620 114.5
1901630 114.5
1901640 114.5
1901650 114.5
1901660 114.5
1901670 114.5
1901680 114.5
1901690 114.5
1901700 114.5
1901710 114.5
1901720 114.6
1901730 114.6
1901740 114.6
1901750 114.7
1901760 114.7
1901770 114.6
1901780 114.5
1901790 114.4
1901800 114.4
