1900000 115.0
1900010 115.0
1900020 115.2
1900030 114.7
1900040 114.7
1900050 115.3
1900060 115.4
1900070 115.4
1900080 115.5
1900090 115.4
1900100 115.4
1900110 115.4
1900120 115.4
1900130 115.2
1900140 115.2
1900150 115.1
1900160 115.1
1900170 115.1
1900180 115.1
1900190 115.1
1900200 115.1
1900210 115.1
1900220 115.2
1900230 115.2
1900240 115.3
1900250 115.3
1900260 115.3
1900270 115.2
1900280 115.3
1900290 115.3
1900300 115.3
1900310 115.5
1900320 115.5
1900330 115.8
1900340 115.5
1900350 115.5
1900360 114.9
1900370 115.4
1900380 115.4
1900390 115.0
1900400 115.0
1900410 115.0
1900420 115.1
1900430 115.2
1900440 115.2
1900450 115.2
1900460 115.2
1900470 115.2
1900480 115.2
1900490 115.2
1900500 115.2
1900510 115.1
1900520 115.0
1900530 115.0
1900540 115.0
1900550 115.0
1900560 115.0
1900570 115.0
1900580 115.1
1900590 115.1
1900600 115.0
1900610 115.0
1900620 115.0
1900630 115.0
1900640 115.0
1900650 115.0
1900660 115.0
1900670 115.0
1900680 115.0
1900690 115.0
1900700 115.0
1900710 115.0
1900720 115.0
1900730 115.1
1900740 115.0
1900750 115.0
1900760 115.0
1900770 115.2
1900780 115.2
1900790 115.1
1900800 115.1
1900810 115.1
1900820 115.0
1900830 114.8
1900840 114.8
1900850 114.8
1900860 115.2
1900870 115.2
1900880 115.0
1900890 115.0
1900900 115.0
1900910 115.0
1900920 114.9
1900930 114.9
1900940 114.8
1900950 114.8
1900960 114.8
1900970 114.8
1900980 114.9
1900990 114.9
1901000 114.8
1901010 114.9
1901020 114.9
1901030 114.9
1901040 114.9
1901050 114.9
1901060 115.0
1901070 115.0
1901080 115.0
1901090 115.1
1901100 115.0
1901110 115.0
1901120 115.0
1901130 114.9
1901140 114.9
1901150 114.9
1901160 114.9
1901170 114.9
1901180 114.9
1901190 114.9
1901200 114.9
1901210 114.9
1901220 115.0
1901230 115.0
1901240 115.0
1901250 115.0
1901260 114.9
1901270 114.9
1901280 114.9
1901290 115.0
1901300 115.0
1901310 114.9
1901320 114.9
1901330 114.9
1901340 114.9
1901350 114.8
1901360 114.8
1901370 114.7
1901380 114.7
1901390 114.7
1901400 114.7
1901410 114.7
1901420 114.7
1901430 114.7
1901440 114.7
1901450 114.7
1901460 114.7
1901470 114.8
1901480 114.8
1901490 114.8
1901500 114.8
1901510 114.8
1901520 114.7
1901530 114.6
1901540 114.6
1901550 114.5
1901560 114.4
1901570 114.4
1901580 114.3
1901590 114.5
1901600 114.5
1901610 114.6
1901620 114.6
1901630 114.6
1901640 114.6
1901650 114.6
1901660 114.6
1901670 114.4
1901680 114.3
1901690 114.3
1901700 114.3
1901710 114.4
1901720 114.4
1901730 114.4
1901740 114.4
1901750 114.4
1901760 114.5
1901770 114.6
1901780 114.7
1901790 114.7
1901800 114.7
