1900000 114.7
1900010 114.6
1900020 114.3
1900030 114.3
1900040 114.7
1900050 114.7
1900060 114.7
1900070 114.8
1900080 114.9
1900090 114.9
1900100 115.1
1900110 115.3
1900120 115.3
1900130 115.2
1900140 115.2
1900150 115.2
1900160 115.2
1900170 115.2
1900180 115.2
1900190 115.1
1900200 115.1
1900210 115.1
1900220 115.1
1900230 115.1
1900240 115.1
1900250 115.2
1900260 115.1
1900270 115.1
1900280 115.1
1900290 115.1
1900300 115.1
1900310 115.1
1900320 115.3
1900330 115.8
1900340 115.8
1900350 114.5
1900360 115.3
1900370 115.3
1900380 115.1
1900390 115.0
1900400 115.0
1900410 115.1
1900420 115.2
1900430 115.2
1900440 115.3
1900450 115.3
1900460 115.3
1900470 115.3
1900480 115.3
1900490 115.3
1900500 115.2
1900510 115.3
1900520 115.3
1900530 115.5
1900540 115.4
1900550 115.4
1900560 115.2
1900570 115.2
1900580 115.2
1900590 115.2
1900600 115.2
1900610 115.2
1900620 115.1
1900630 115.0
1900640 115.0
1900650 115.0
1900660 114.9
1900670 114.9
1900680 114.9
1900690 114.8
1900700 114.8
1900710 114.8
1900720 114.7
1900730 114.7
1900740 114.6
1900750 114.6
1900760 114.6
1900770 114.7
1900780 114.7
1900790 114.7
1900800 114.8
1900810 114.9
1900820 114.9
1900830 114.9
1900840 114.9
1900850 114.9
1900860 114.9
1900870 115.0
1900880 115.0
1900890 115.0
1900900 115.0
1900910 115.0
1900920 115.0
1900930 115.1
1900940 114.8
1900950 114.8
1900960 115.0
1900970 115.6
1900980 115.6
1900990 115.4
1901000 115.3
1901010 115.3
1901020 115.2
1901030 115.2
1901040 115.2
1901050 115.1
1901060 115.2
1901070 115.2
1901080 115.2
1901090 115.1
1901100 115.1
1901110 115.0
1901120 114.9
1901130 114.9
1901140 114.8
1901150 114.8
1901160 114.8
1901170 114.9
1901180 114.8
1901190 114.8
1901200 114.8
1901210 114.8
1901220 114.8
1901230 114.8
1901240 114.9
1901250 114.9
1901260 114.9
1901270 114.9
1901280 114.9
1901290 114.9
1901300 114.9
1901310 114.9
1901320 114.9
1901330 114.9
1901340 114.9
1901350 114.9
1901360 114.8
1901370 114.8
1901380 114.8
1901390 114.8
1901400 114.8
1901410 114.8
1901420 114.8
1901430 114.8
1901440 114.8
1901450 114.7
1901460 114.6
1901470 114.6
1901480 114.5
1901490 114.4
1901500 114.4
1901510 114.5
1901520 114.4
1901530 114.4
1901540 114.5
1901550 114.4
1901560 114.4
1901570 114.4
1901580 114.5
1901590 114.5
1901600 114.5
1901610 114.4
1901620 114.4
1901630 114.4
1901640 114.3
1901650 114.3
1901660 114.2
1901670 114.2
1901680 114.2
1901690 114.3
1901700 114.3
1901710 114.3
1901720 114.3
1901730 114.3
1901740 114.3
1901750 114.3
1901760 114.3
1901770 114.3
1901780 114.3
1901790 114.3
1901800 114.3
