1900000 114.9
1900010 114.9
1900020 114.8
1900030 114.8
1900040 114.8
1900050 114.8
1900060 114.8
1900070 114.8
1900080 114.8
1900090 114.8
1900100 114.8
1900110 114.9
1900120 114.9
1900130 114.9
1900140 114.9
1900150 114.9
1900160 114.9
1900170 114.9
1900180 114.8
1900190 114.8
1900200 114.9
1900210 115.0
1900220 115.0
1900230 115.1
1900240 115.2
1900250 115.2
1900260 115.1
1900270 115.3
1900280 115.4
1900290 115.4
1900300 115.3
1900310 115.2
1900320 115.2
1900330 115.3
1900340 114.6
1900350 114.6
1900360 114.9
1900370 115.0
1900380 115.0
1900390 114.5
1900400 114.7
1900410 114.7
1900420 114.6
1900430 114.6
1900440 114.6
1900450 114.6
1900460 114.6
1900470 114.6
1900480 114.6
1900490 114.6
1900500 114.6
1900510 114.6
1900520 114.6
1900530 114.6
1900540 114.6
1900550 114.6
1900560 114.6
1900570 114.5
1900580 114.6
1900590 114.6
1900600 114.6
1900610 114.5
1900620 114.5
1900630 114.5
1900640 114.6
1900650 114.6
1900660 114.6
1900670 114.6
1900680 114.6
1900690 114.5
1900700 114.5
1900710 114.5
1900720 114.5
1900730 114.6
1900740 114.6
1900750 114.8
1900760 114.9
1900770 114.9
1900780 115.1
1900790 115.2
1900800 115.2
1900810 115.0
1900820 114.8
1900830 114.9
1900840 114.9
1900850 114.9
1900860 114.9
1900870 114.9
1900880 114.9
1900890 114.9
1900900 114.9
1900910 114.9
1900920 115.0
1900930 115.0
1900940 114.9
1900950 114.9
1900960 114.9
1900970 115.1
1900980 115.1
1900990 115.1
1901000 115.0
1901010 115.0
1901020 115.0
1901030 115.1
1901040 115.0
1901050 115.0
1901060 115.0
1901070 114.8
1901080 114.8
1901090 114.9
1901100 114.9
1901110 114.9
1901120 114.9
1901130 115.0
1901140 115.0
1901150 115.1
1901160 115.1
1901170 115.1
1901180 114.9
1901190 114.9
1901200 114.9
1901210 114.9
1901220 114.9
1901230 114.9
1901240 114.8
1901250 114.8
1901260 114.8
1901270 114.7
1901280 114.8
1901290 114.8
1901300 114.8
1901310 114.7
1901320 114.7
1901330 114.7
1901340 114.7
1901350 114.7
1901360 114.6
1901370 114.6
1901380 114.6
1901390 114.7
1901400 114.5
1901410 114.5
1901420 114.5
1901430 114.4
1901440 114.3
1901450 114.3
1901460 114.4
1901470 114.5
1901480 114.5
1901490 114.6
1901500 114.8
1901510 114.8
1901520 114.9
1901530 114.9
1901540 114.9
1901550 114.9
1901560 114.9
1901570 114.9
1901580 114.8
