1900000 115.1
1900010 115.1
1900020 115.1
1900030 115.1
1900040 115.1
1900050 115.1
1900060 115.1
1900070 115.2
1900080 115.2
1900090 115.1
1900100 115.1
1900110 115.1
1900120 115.1
1900130 115.0
1900140 115.0
1900150 115.0
1900160 115.0
1900170 115.0
1900180 114.9
1900190 114.8
1900200 114.8
1900210 114.8
1900220 114.8
1900230 114.8
1900240 114.8
1900250 114.9
1900260 114.9
1900270 114.8
1900280 114.9
1900290 114.9
1900300 115.0
1900310 115.5
1900320 115.5
1900330 115.3
1900340 114.9
1900350 114.9
1900360 115.3
1900370 114.8
1900380 114.8
1900390 114.9
1900400 115.0
1900410 115.0
1900420 115.1
1900430 115.0
1900440 115.0
1900450 115.0
1900460 115.1
1900470 115.1
1900480 115.0
1900490 114.9
1900500 114.9
1900510 114.9
1900520 114.9
1900530 114.9
1900540 114.9
1900550 115.0
1900560 115.1
1900570 115.1
1900580 115.1
1900590 115.1
1900600 115.1
1900610 115.1
1900620 115.0
1900630 115.0
1900640 114.8
1900650 114.8
1900660 114.8
1900670 114.7
1900680 114.6
1900690 114.6
1900700 114.7
1900710 114.9
1900720 114.9
1900730 114.8
1900740 114.8
1900750 114.8
1900760 114.8
1900770 114.8
1900780 114.8
1900790 114.9
1900800 115.1
1900810 115.1
1900820 115.3
1900830 115.5
1900840 115.5
1900850 114.9
1900860 115.1
1900870 115.1
1900880 115.0
1900890 114.9
1900900 114.9
1900910 114.9
1900920 115.0
1900930 115.0
1900940 114.9
1900950 114.8
1900960 114.8
1900970 114.8
1900980 114.7
1900990 114.7
1901000 114.8
1901010 115.0
1901020 114.8
1901030 115.1
1901040 115.2
1901050 115.2
1901060 115.4
1901070 115.4
1901080 115.3
1901090 115.3
1901100 115.2
1901110 115.0
1901120 115.0
1901130 114.9
1901140 114.9
1901150 114.9
1901160 114.9
1901170 114.8
1901180 114.8
1901190 114.8
1901200 114.7
1901210 114.7
1901220 114.6
1901230 114.5
1901240 114.5
1901250 114.5
1901260 114.5
1901270 114.5
1901280 114.5
1901290 114.5
1901300 114.5
1901310 114.5
1901320 114.6
1901330 114.6
1901340 114.6
1901350 114.6
1901360 114.6
1901370 114.7
1901380 114.8
1901390 114.8
1901400 114.8
1901410 114.9
1901420 114.9
1901430 114.9
1901440 114.8
1901450 114.8
1901460 114.8
1901470 114.8
1901480 114.8
1901490 114.9
1901500 114.8
1901510 114.8
1901520 114.8
1901530 115.1
1901540 115.1
1901550 115.6
1901560 115.6
1901570 115.6
1901580 115.5
1901590 115.7
1901600 115.7
