1900000 115.5
1900010 115.5
1900020 115.5
1900030 115.5
1900040 115.5
1900050 115.4
1900060 115.3
1900070 115.3
1900080 115.3
1900090 115.2
1900100 115.2
1900110 115.1
1900120 115.1
1900130 115.1
1900140 115.0
1900150 115.0
1900160 115.0
1900170 114.9
1900180 114.8
1900190 114.8
1900200 114.9
1900210 115.1
1900220 115.2
1900230 115.2
1900240 115.1
1900250 115.1
1900260 115.0
1900270 115.0
1900280 115.0
1900290 115.0
1900300 115.1
1900310 115.1
1900320 115.5
1900330 115.2
1900340 115.2
1900350 114.9
1900360 115.2
1900370 115.2
1900380 114.6
1900390 114.7
1900400 114.6
1900410 114.6
1900420 114.6
1900430 114.7
1900440 114.7
1900450 114.6
1900460 114.6
1900470 114.6
1900480 114.5
1900490 114.6
1900500 114.6
1900510 114.6
1900520 114.6
1900530 114.6
1900540 114.8
1900550 115.1
1900560 115.1
1900570 115.4
1900580 115.4
1900590 115.4
1900600 115.4
1900610 115.3
1900620 115.3
1900630 115.3
1900640 115.2
1900650 115.2
1900660 115.2
1900670 114.8
1900680 114.8
1900690 114.9
1900700 114.9
1900710 114.9
1900720 114.9
1900730 114.9
1900740 114.9
1900750 115.0
1900760 115.1
1900770 115.1
1900780 115.3
1900790 115.4
1900800 115.4
1900810 115.3
1900820 115.4
1900830 115.4
1900840 115.6
1900850 115.6
1900860 115.6
1900870 115.6
1900880 115.6
1900890 115.6
1900900 115.6
1900910 115.6
1900920 115.6
1900930 115.5
1900940 115.4
1900950 115.3
1900960 115.3
1900970 115.2
1900980 115.2
1900990 115.2
1901000 115.2
1901010 115.2
1901020 115.2
1901030 115.1
1901040 115.1
1901050 115.1
1901060 115.2
1901070 115.2
1901080 115.2
1901090 115.2
1901100 115.2
1901110 115.2
1901120 115.2
1901130 115.2
1901140 115.2
1901150 115.1
1901160 115.1
1901170 115.1
1901180 115.0
1901190 114.9
1901200 114.9
1901210 114.8
1901220 114.7
1901230 114.7
1901240 114.7
1901250 114.8
1901260 114.8
1901270 115.0
1901280 115.1
1901290 115.1
1901300 115.1
1901310 115.1
1901320 115.1
1901330 115.0
1901340 115.0
1901350 115.0
1901360 115.1
1901370 115.0
1901380 115.0
1901390 114.8
1901400 114.7
1901410 114.7
1901420 114.7
1901430 114.7
1901440 114.7
1901450 114.5
1901460 114.4
1901470 114.4
1901480 114.5
1901490 114.5
1901500 114.5
1901510 114.5
1901520 114.5
1901530 114.6
1901540 114.6
1901550 114.6
1901560 114.8
1901570 114.8
1901580 114.9
