1900000 115.3
1900010 115.3
1900020 115.2
1900030 115.2
1900040 115.2
1900050 115.2
1900060 115.2
1900070 115.1
1900080 115.1
1900090 115.1
1900100 115.1
1900110 115.0
1900120 115.0
1900130 115.0
1900140 115.0
1900150 115.0
1900160 115.0
1900170 115.0
1900180 115.0
1900190 115.0
1900200 115.0
1900210 115.0
1900220 114.8
1900230 114.8
1900240 114.8
1900250 114.7
1900260 114.7
1900270 114.7
1900280 114.8
1900290 115.0
1900300 115.0
1900310 115.3
1900320 115.6
1900330 115.6
1900340 114.6
1900350 115.2
1900360 115.2
1900370 115.0
1900380 114.9
1900390 114.9
1900400 114.9
1900410 115.0
1900420 115.0
1900430 115.0
1900440 114.9
1900450 114.9
1900460 114.9
1900470 114.8
1900480 114.8
1900490 114.7
1900500 114.8
1900510 114.8
1900520 115.0
1900530 115.1
1900540 115.1
1900550 115.2
1900560 115.2
1900570 115.2
1900580 115.2
1900590 115.2
1900600 115.1
1900610 115.1
1900620 115.0
1900630 114.9
1900640 114.9
1900650 114.8
1900660 114.8
1900670 114.8
1900680 114.7
1900690 114.7
1900700 114.7
1900710 114.7
1900720 114.8
1900730 114.8
1900740 114.7
1900750 114.7
1900760 114.7
1900770 114.7
1900780 114.6
1900790 114.6
1900800 114.6
1900810 114.6
1900820 114.6
1900830 114.5
1900840 114.6
1900850 114.6
1900860 114.8
1900870 115.0
1900880 115.0
1900890 115.1
1900900 115.0
1900910 115.0
1900920 115.0
1900930 115.0
1900940 115.0
1900950 114.9
1900960 114.9
1900970 114.9
1900980 114.9
1900990 114.9
1901000 114.9
1901010 114.9
1901020 114.9
1901030 114.8
1901040 114.9
1901050 115.0
1901060 115.0
1901070 115.1
1901080 115.1
1901090 115.1
1901100 115.2
1901110 115.2
1901120 115.2
1901130 115.0
1901140 114.8
1901150 114.8
1901160 114.8
1901170 114.7
1901180 114.6
1901190 114.6
1901200 114.6
1901210 114.5
1901220 114.5
1901230 114.5
1901240 114.5
1901250 114.5
1901260 114.5
1901270 114.5
1901280 114.5
1901290 114.6
1901300 114.6
1901310 114.6
1901320 114.6
1901330 114.5
1901340 114.5
1901350 114.6
1901360 114.8
1901370 114.8
1901380 114.8
1901390 114.7
1901400 114.7
1901410 115.0
1901420 115.2
1901430 115.2
1901440 115.5
1901450 115.7
1901460 115.7
1901470 116.0
1901480 116.2
1901490 116.2
1901500 116.1
1901510 116.0
1901520 116.0
1901530 115.8
1901540 115.5
1901550 115.5
1901560 115.4
1901570 115.4
1901580 115.4
1901590 115.4
