1900000 114.8
1900010 114.8
1900020 114.8
1900030 114.8
1900040 114.8
1900050 114.8
1900060 114.7
1900070 114.8
1900080 114.8
1900090 114.8
1900100 114.8
1900110 114.8
1900120 114.8
1900130 114.8
1900140 114.8
1900150 114.8
1900160 114.9
1900170 114.8
1900180 114.8
1900190 114.8
1900200 114.8
1900210 114.8
1900220 114.8
1900230 114.8
1900240 114.8
1900250 114.8
1900260 114.8
1900270 114.9
1900280 114.9
1900290 114.9
1900300 114.9
1900310 115.0
1900320 115.4
1900330 115.4
1900340 114.6
1900350 114.6
1900360 114.6
1900370 114.8
1900380 114.6
1900390 114.6
1900400 114.6
1900410 114.6
1900420 114.6
1900430 114.6
1900440 114.5
1900450 114.5
1900460 114.5
1900470 114.6
1900480 114.6
1900490 114.6
1900500 114.6
1900510 114.6
1900520 114.6
1900530 114.5
1900540 114.5
1900550 114.5
1900560 114.5
1900570 114.5
1900580 114.5
1900590 114.5
1900600 114.5
1900610 114.6
1900620 114.6
1900630 114.6
1900640 114.6
1900650 114.7
1900660 114.7
1900670 114.8
1900680 114.9
1900690 114.9
1900700 115.0
1900710 115.0
1900720 115.0
1900730 115.1
1900740 115.0
1900750 115.0
1900760 114.9
1900770 114.8
1900780 114.8
1900790 114.8
1900800 114.8
1900810 114.8
1900820 114.9
1900830 114.8
1900840 114.8
1900850 114.8
1900860 114.7
1900870 114.7
1900880 114.7
1900890 114.8
1900900 114.8
1900910 114.8
1900920 114.8
1900930 114.9
1900940 114.9
1900950 114.9
1900960 114.9
1900970 114.9
1900980 114.9
1900990 114.9
1901000 114.9
1901010 115.0
1901020 114.9
1901030 114.9
1901040 114.9
1901050 115.1
1901060 115.1
1901070 115.2
1901080 115.1
1901090 115.1
1901100 115.1
1901110 115.0
1901120 115.0
1901130 115.0
1901140 115.0
1901150 115.0
1901160 114.9
1901170 114.9
1901180 114.9
1901190 114.9
1901200 115.0
1901210 115.0
1901220 115.1
1901230 115.0
1901240 115.0
1901250 114.9
1901260 114.9
1901270 114.9
1901280 114.8
1901290 114.7
1901300 114.7
1901310 114.9
1901320 114.7
1901330 114.7
1901340 114.6
1901350 114.6
1901360 114.6
1901370 114.5
1901380 114.5
1901390 114.5
1901400 114.5
1901410 114.4
1901420 114.3
1901430 114.3
1901440 114.3
1901450 114.3
1901460 114.3
1901470 114.3
1901480 114.3
1901490 114.3
1901500 114.4
1901510 114.5
1901520 114.5
1901530 114.5
1901540 114.5
1901550 114.5
1901560 114.4
1901570 114.4
1901580 114.4
