1900000 115.0
1900010 115.0
1900020 115.1
1900030 115.0
1900040 115.0
1900050 114.8
1900060 114.9
1900070 114.9
1900080 115.0
1900090 115.0
1900100 115.0
1900110 115.1
1900120 115.2
1900130 115.2
1900140 115.2
1900150 115.1
1900160 115.1
1900170 115.0
1900180 114.9
1900190 114.9
1900200 114.8
1900210 114.8
1900220 114.8
1900230 114.8
1900240 114.8
1900250 114.8
1900260 114.9
1900270 115.0
1900280 115.0
1900290 115.2
1900300 115.3
1900310 115.3
1900320 115.4
1900330 115.9
1900340 115.9
1900350 114.7
1900360 115.4
1900370 115.4
1900380 115.7
1900390 115.1
1900400 115.3
1900410 115.3
1900420 115.4
1900430 115.4
1900440 115.4
1900450 115.3
1900460 115.3
1900470 115.3
1900480 115.3
1900490 115.3
1900500 115.3
1900510 115.4
1900520 115.4
1900530 115.4
1900540 115.4
1900550 115.4
1900560 115.4
1900570 115.4
1900580 115.4
1900590 115.4
1900600 115.3
1900610 115.3
1900620 115.3
1900630 115.3
1900640 115.2
1900650 115.2
1900660 115.1
1900670 115.2
1900680 115.2
1900690 115.2
1900700 115.1
1900710 115.1
1900720 115.2
1900730 115.2
1900740 115.2
1900750 115.0
1900760 114.9
1900770 114.9
1900780 114.8
1900790 114.7
1900800 114.7
1900810 114.7
1900820 114.6
1900830 114.6
1900840 114.6
1900850 114.6
1900860 114.6
1900870 114.6
1900880 114.7
1900890 114.7
1900900 114.7
1900910 114.8
1900920 114.8
1900930 114.7
1900940 114.5
1900950 114.5
1900960 114.5
1900970 114.5
1900980 114.5
1900990 114.5
1901000 114.6
1901010 114.7
1901020 114.6
1901030 114.7
1901040 115.1
1901050 115.1
1901060 115.3
1901070 115.2
1901080 115.2
1901090 115.0
1901100 115.0
1901110 115.0
1901120 115.0
1901130 114.8
1901140 114.8
1901150 115.2
1901160 115.2
1901170 115.2
1901180 115.0
1901190 115.0
1901200 115.0
1901210 114.9
1901220 114.9
1901230 114.9
1901240 114.8
1901250 114.8
1901260 114.8
1901270 114.7
1901280 114.7
1901290 114.7
1901300 114.8
1901310 114.9
1901320 114.7
1901330 114.7
1901340 114.7
1901350 114.7
1901360 114.8
1901370 114.9
1901380 114.9
1901390 115.0
1901400 115.0
1901410 115.0
1901420 114.9
1901430 114.6
1901440 114.6
1901450 114.3
1901460 114.2
1901470 114.2
1901480 114.2
1901490 114.2
1901500 114.2
1901510 114.2
1901520 114.2
1901530 114.2
1901540 114.2
1901550 114.2
1901560 114.2
1901570 114.2
1901580 114.2
