1900000 115.1
1900010 115.1
1900020 115.1
1900030 115.1
1900040 115.0
1900050 115.0
1900060 115.0
1900070 114.9
1900080 114.9
1900090 114.9
1900100 114.9
1900110 114.9
1900120 114.9
1900130 114.9
1900140 114.9
1900150 114.9
1900160 114.9
1900170 114.9
1900180 114.9
1900190 114.9
1900200 115.0
1900210 115.0
1900220 115.2
1900230 115.1
1900240 115.1
1900250 115.1
1900260 115.1
1900270 115.1
1900280 115.1
1900290 115.0
1900300 115.0
1900310 114.9
1900320 115.3
1900330 114.6
1900340 114.6
1900350 114.4
1900360 114.5
1900370 114.5
1900380 114.7
1900390 114.6
1900400 114.6
1900410 114.7
1900420 114.6
1900430 114.6
1900440 114.6
1900450 114.5
1900460 114.5
1900470 114.6
1900480 114.6
1900490 114.6
1900500 114.7
1900510 114.6
1900520 114.6
1900530 114.6
1900540 114.5
1900550 114.5
1900560 114.5
1900570 114.5
1900580 114.5
1900590 114.5
1900600 114.5
1900610 114.5
1900620 114.6
1900630 114.5
1900640 114.5
1900650 114.5
1900660 114.6
1900670 114.6
1900680 114.7
1900690 114.7
1900700 114.7
1900710 114.8
1900720 114.9
1900730 114.9
1900740 115.2
1900750 115.2
1900760 115.2
1900770 115.2
1900780 115.1
1900790 115.1
1900800 115.0
1900810 115.2
1900820 115.2
1900830 115.1
1900840 115.1
1900850 115.1
1900860 115.1
1900870 115.1
1900880 115.1
1900890 115.1
1900900 115.0
1900910 115.0
1900920 115.0
1900930 115.0
1900940 114.9
1900950 114.9
1900960 114.9
1900970 115.0
1900980 115.0
1900990 115.2
1901000 115.3
1901010 115.3
1901020 115.3
1901030 115.0
1901040 115.0
1901050 114.9
1901060 114.9
1901070 114.9
1901080 114.8
1901090 114.9
1901100 114.9
1901110 114.9
1901120 114.9
1901130 114.9
1901140 114.8
1901150 114.7
1901160 114.7
1901170 114.8
1901180 114.9
1901190 114.9
1901200 114.9
1901210 114.9
1901220 114.9
1901230 115.0
1901240 115.0
1901250 115.0
1901260 114.9
1901270 114.8
1901280 114.8
1901290 114.8
1901300 114.7
1901310 114.7
1901320 114.7
1901330 114.8
1901340 114.8
1901350 114.8
1901360 114.8
1901370 114.8
1901380 114.7
1901390 114.8
1901400 114.8
1901410 114.8
1901420 114.9
1901430 114.6
1901440 114.6
1901450 114.4
1901460 114.5
1901470 114.5
1901480 114.5
1901490 114.4
1901500 114.4
1901510 114.5
1901520 114.6
1901530 114.6
1901540 114.6
1901550 114.8
1901560 114.8
1901570 115.0
1901580 115.1
1901590 115.1
