1900000 115.2
1900010 115.3
1900020 115.3
1900030 115.3
1900040 115.4
1900050 115.4
1900060 115.3
1900070 115.3
1900080 115.3
1900090 115.2
1900100 115.2
1900110 115.2
1900120 115.2
1900130 115.1
1900140 115.1
1900150 115.1
1900160 115.1
1900170 115.1
1900180 115.0
1900190 115.0
1900200 115.0
1900210 115.2
1900220 115.2
1900230 115.2
1900240 115.1
1900250 115.1
1900260 115.1
1900270 115.0
1900280 114.9
1900290 114.9
1900300 114.9
1900310 115.2
1900320 115.2
1900330 115.2
1900340 114.6
1900350 114.6
1900360 115.0
1900370 115.0
1900380 115.0
1900390 114.5
1900400 114.6
1900410 114.6
1900420 114.6
1900430 114.6
1900440 114.6
1900450 114.6
1900460 114.6
1900470 114.6
1900480 114.6
1900490 114.6
1900500 114.6
1900510 114.6
1900520 114.7
1900530 114.7
1900540 114.7
1900550 114.6
1900560 114.7
1900570 114.7
1900580 114.7
1900590 114.7
1900600 114.7
1900610 114.8
1900620 114.7
1900630 114.7
1900640 115.0
1900650 115.2
1900660 115.2
1900670 115.3
1900680 115.2
1900690 115.2
1900700 115.1
1900710 115.1
1900720 115.1
1900730 115.1
1900740 115.0
1900750 115.0
1900760 115.0
1900770 115.1
1900780 115.1
1900790 115.1
1900800 115.2
1900810 115.2
1900820 115.2
1900830 115.3
1900840 115.3
1900850 115.4
1900860 115.5
1900870 115.5
1900880 115.5
1900890 115.4
1900900 115.4
1900910 115.5
1900920 115.5
1900930 115.5
1900940 115.5
1900950 115.4
1900960 115.4
1900970 115.3
1900980 115.3
1900990 115.3
1901000 115.2
1901010 115.2
1901020 115.2
1901030 115.2
1901040 115.2
1901050 115.1
1901060 115.1
1901070 115.1
1901080 115.1
1901090 115.1
1901100 115.3
1901110 115.3
1901120 115.3
1901130 115.3
1901140 115.3
1901150 115.3
1901160 115.3
1901170 115.2
1901180 115.2
1901190 115.2
1901200 115.2
1901210 115.2
1901220 115.1
1901230 115.1
1901240 115.1
1901250 115.1
1901260 115.0
1901270 115.0
1901280 114.9
1901290 114.7
1901300 114.7
1901310 114.7
1901320 114.6
1901330 114.6
1901340 114.6
1901350 114.7
1901360 114.6
1901370 114.6
1901380 114.6
1901390 114.6
1901400 114.5
1901410 114.5
1901420 114.5
1901430 114.5
1901440 114.5
1901450 114.5
1901460 114.4
1901470 114.4
1901480 114.4
1901490 114.4
1901500 114.4
1901510 114.4
1901520 114.4
1901530 114.5
1901540 114.5
1901550 114.5
1901560 114.4
1901570 114.4
1901580 114.5
1901590 114.7
1901600 114.7
