1900000 115.3
1900010 115.2
1900020 115.2
1900030 115.2
1900040 115.2
1900050 115.2
1900060 115.2
1900070 115.2
1900080 115.2
1900090 115.2
1900100 115.2
1900110 115.2
1900120 115.2
1900130 115.2
1900140 115.2
1900150 115.2
1900160 115.2
1900170 115.2
1900180 115.2
1900190 115.2
1900200 115.2
1900210 115.3
1900220 115.3
1900230 115.5
1900240 115.6
1900250 115.6
1900260 115.6
1900270 115.2
1900280 115.2
1900290 115.7
1900300 115.2
1900310 114.9
1900320 115.1
1900330 115.3
1900340 115.3
1900350 115.3
1900360 115.2
1900370 115.2
1900380 115.4
1900390 115.2
1900400 115.2
1900410 115.1
1900420 115.2
1900430 115.2
1900440 115.1
1900450 115.0
1900460 115.0
1900470 114.8
1900480 114.8
1900490 114.8
1900500 114.9
1900510 114.9
1900520 114.9
1900530 114.9
1900540 115.0
1900550 115.0
1900560 114.9
1900570 115.0
1900580 115.0
1900590 115.0
1900600 114.8
1900610 114.8
1900620 114.7
1900630 114.7
1900640 114.7
1900650 114.6
1900660 114.6
1900670 114.6
1900680 114.6
1900690 114.6
1900700 114.6
1900710 114.6
1900720 114.6
1900730 114.6
1900740 114.6
1900750 114.6
1900760 114.6
1900770 114.6
1900780 114.6
1900790 114.6
1900800 114.6
1900810 114.6
1900820 114.6
1900830 114.6
1900840 114.6
1900850 114.6
1900860 114.6
1900870 114.6
1900880 114.6
1900890 114.6
1900900 114.7
1900910 114.7
1900920 114.7
1900930 115.2
1900940 115.2
1900950 115.2
1900960 115.2
1900970 115.3
1900980 115.3
1900990 115.3
1901000 115.3
1901010 115.3
1901020 115.2
1901030 115.3
1901040 115.3
1901050 115.3
1901060 115.3
1901070 115.3
1901080 115.3
1901090 115.3
1901100 115.3
1901110 115.3
1901120 115.4
1901130 115.4
1901140 115.4
1901150 115.5
1901160 115.5
1901170 115.5
1901180 115.6
1901190 115.6
1901200 115.6
1901210 115.6
1901220 115.6
1901230 115.6
1901240 115.6
1901250 115.6
1901260 115.6
1901270 115.7
1901280 115.6
1901290 115.6
1901300 115.6
1901310 115.7
1901320 115.7
1901330 115.8
1901340 115.9
1901350 115.9
1901360 115.9
1901370 116.1
1901380 116.1
1901390 116.1
1901400 115.7
1901410 115.7
1901420 115.8
1901430 115.6
1901440 115.6
1901450 115.5
1901460 115.4
1901470 115.4
1901480 115.4
1901490 115.3
1901500 115.3
1901510 115.3
1901520 115.4
1901530 115.4
1901540 115.6
1901550 115.6
1901560 115.6
1901570 115.6
1901580 115.6
1901590 115.6
1901600 115.6
