1900000 115.7
1900010 115.7
1900020 115.7
1900030 115.4
1900040 115.4
1900050 115.4
1900060 115.4
1900070 115.4
1900080 115.2
1900090 115.1
1900100 115.1
1900110 115.0
1900120 114.8
1900130 114.8
1900140 114.7
1900150 114.7
1900160 114.7
1900170 114.6
1900180 114.6
1900190 114.6
1900200 114.6
1900210 114.6
1900220 114.6
1900230 114.7
1900240 114.6
1900250 114.6
1900260 114.7
1900270 114.9
1900280 114.9
1900290 114.5
1900300 114.6
1900310 114.6
1900320 114.6
1900330 114.6
1900340 114.6
1900350 114.7
1900360 114.8
1900370 114.8
1900380 114.6
1900390 114.6
1900400 114.6
1900410 114.6
1900420 114.6
1900430 114.6
1900440 114.6
1900450 114.6
1900460 114.6
1900470 114.6
1900480 114.6
1900490 114.6
1900500 114.6
1900510 114.6
1900520 114.6
1900530 114.6
1900540 114.6
1900550 114.6
1900560 114.6
1900570 114.6
1900580 114.6
1900590 114.6
1900600 114.6
1900610 114.6
1900620 114.6
1900630 114.6
1900640 114.6
1900650 114.6
1900660 114.6
1900670 114.6
1900680 114.6
1900690 114.6
1900700 114.6
1900710 114.6
1900720 114.6
1900730 114.7
1900740 114.7
1900750 114.6
1900760 114.7
1900770 114.7
1900780 114.9
1900790 114.9
1900800 114.9
1900810 115.1
1900820 115.1
1900830 115.1
1900840 115.2
1900850 115.2
1900860 115.2
1900870 115.3
1900880 115.4
1900890 115.4
1900900 115.6
1900910 115.7
1900920 115.7
1900930 115.6
1900940 115.5
1900950 115.5
1900960 115.6
1900970 115.6
1900980 115.6
1900990 115.7
1901000 115.6
1901010 115.6
1901020 115.6
1901030 115.6
1901040 115.6
1901050 115.6
1901060 115.5
1901070 115.5
1901080 115.5
1901090 115.6
1901100 115.5
1901110 115.7
1901120 115.8
1901130 115.8
1901140 115.8
1901150 115.8
1901160 115.8
1901170 115.8
1901180 115.8
1901190 115.8
1901200 115.8
1901210 115.7
1901220 115.6
1901230 115.6
1901240 115.5
1901250 115.5
1901260 115.5
1901270 115.6
1901280 115.6
1901290 115.6
1901300 115.5
1901310 115.5
1901320 115.5
1901330 115.4
1901340 115.4
1901350 115.4
1901360 115.4
1901370 115.6
1901380 115.6
1901390 115.6
1901400 115.6
1901410 115.7
1901420 115.6
1901430 115.6
1901440 115.6
1901450 115.7
1901460 115.7
1901470 115.7
1901480 115.7
1901490 115.7
1901500 115.7
1901510 115.6
1901520 115.6
1901530 115.6
1901540 115.7
1901550 115.8
1901560 115.8
1901570 115.8
1901580 115.9
1901590 115.9
1901600 116.1
