1900000 115.4
1900010 115.4
1900020 115.4
1900030 115.4
1900040 115.4
1900050 115.3
1900060 115.3
1900070 115.3
1900080 115.3
1900090 115.3
1900100 115.3
1900110 115.3
1900120 115.2
1900130 115.2
1900140 115.2
1900150 115.2
1900160 115.2
1900170 115.2
1900180 115.2
1900190 115.2
1900200 115.2
1900210 115.2
1900220 115.3
1900230 115.3
1900240 115.5
1900250 115.5
1900260 115.5
1900270 115.6
1900280 115.2
1900290 115.2
1900300 115.9
1900310 114.7
1900320 114.7
1900330 115.4
1900340 115.3
1900350 115.3
1900360 115.3
1900370 115.3
1900380 115.3
1900390 115.4
1900400 115.2
1900410 115.2
1900420 115.5
1900430 115.4
1900440 115.4
1900450 115.2
1900460 115.0
1900470 115.0
1900480 114.9
1900490 115.0
1900500 115.0
1900510 115.0
1900520 115.0
1900530 115.0
1900540 114.9
1900550 114.9
1900560 114.9
1900570 114.9
1900580 114.8
1900590 114.8
1900600 114.8
1900610 114.9
1900620 114.9
1900630 115.0
1900640 115.0
1900650 115.0
1900660 115.0
1900670 114.9
1900680 114.9
1900690 115.2
1900700 115.2
1900710 115.2
1900720 115.2
1900730 114.9
1900740 114.9
1900750 114.7
1900760 114.6
1900770 114.6
1900780 114.6
1900790 114.6
1900800 114.6
1900810 114.6
1900820 114.6
1900830 114.6
1900840 114.6
1900850 114.6
1900860 114.6
1900870 114.6
1900880 114.6
1900890 114.6
1900900 114.6
1900910 114.6
1900920 114.6
1900930 114.6
1900940 114.6
1900950 114.6
1900960 114.6
1900970 114.6
1900980 114.6
1900990 114.6
1901000 114.6
1901010 114.7
1901020 114.7
1901030 114.7
1901040 114.9
1901050 114.9
1901060 115.0
1901070 115.0
1901080 115.0
1901090 114.9
1901100 114.9
1901110 114.9
1901120 115.0
1901130 115.1
1901140 115.1
1901150 115.1
1901160 115.1
1901170 115.1
1901180 115.2
1901190 115.4
1901200 115.4
1901210 115.6
1901220 115.5
1901230 115.5
1901240 115.4
1901250 115.5
1901260 115.5
1901270 115.6
1901280 115.6
1901290 115.6
1901300 115.6
1901310 115.8
1901320 115.8
1901330 115.8
1901340 115.5
1901350 115.5
1901360 115.5
1901370 115.6
1901380 115.6
1901390 115.6
1901400 115.6
1901410 115.7
1901420 115.7
1901430 115.7
1901440 115.8
1901450 115.8
1901460 115.7
1901470 115.7
1901480 115.7
1901490 115.5
1901500 115.4
1901510 115.4
1901520 115.5
1901530 115.5
1901540 115.5
1901550 115.5
1901560 115.4
1901570 115.4
1901580 115.4
1901590 115.3
1901600 115.3
