1900000 115.3
1900010 115.3
1900020 115.2
1900030 115.2
1900040 115.2
1900050 115.2
1900060 115.2
1900070 115.2
1900080 115.2
1900090 115.2
1900100 115.1
1900110 115.0
1900120 115.0
1900130 114.9
1900140 114.9
1900150 114.9
1900160 115.0
1900170 115.2
1900180 115.2
1900190 115.2
1900200 115.2
1900210 115.2
1900220 115.2
1900230 115.1
1900240 115.1
1900250 115.0
1900260 114.9
1900270 115.0
1900280 115.0
1900290 115.0
1900300 115.3
1900310 115.3
1900320 115.6
1900330 114.7
1900340 114.7
1900350 115.4
1900360 115.1
1900370 115.1
1900380 115.0
1900390 115.2
1900400 115.2
1900410 115.2
1900420 115.2
1900430 115.2
1900440 115.1
1900450 115.2
1900460 115.2
1900470 115.1
1900480 115.0
1900490 115.0
1900500 115.0
1900510 115.1
1900520 115.1
1900530 115.1
1900540 114.8
1900550 114.8
1900560 114.7
1900570 114.7
1900580 114.7
1900590 114.6
1900600 114.6
1900610 114.6
1900620 114.6
1900630 114.7
1900640 114.7
1900650 114.9
1900660 114.9
1900670 114.9
1900680 114.9
1900690 114.8
1900700 114.8
1900710 114.9
1900720 115.0
1900730 115.0
1900740 114.9
1900750 114.9
1900760 114.9
1900770 114.9
1900780 114.9
1900790 114.9
1900800 114.8
1900810 114.8
1900820 114.8
1900830 114.8
1900840 114.7
1900850 114.6
1900860 114.6
1900870 114.6
1900880 114.6
1900890 114.6
1900900 114.6
1900910 114.7
1900920 114.7
1900930 114.8
1900940 115.0
1900950 115.0
1900960 114.8
1900970 114.9
1900980 114.9
1900990 114.9
1901000 114.9
1901010 114.9
1901020 114.9
1901030 115.0
1901040 115.0
1901050 115.0
1901060 115.1
1901070 115.1
1901080 115.0
1901090 115.0
1901100 115.0
1901110 115.0
1901120 114.8
1901130 114.8
1901140 114.8
1901150 114.7
1901160 114.7
1901170 114.6
1901180 114.6
1901190 114.6
1901200 114.6
1901210 114.6
1901220 114.6
1901230 114.6
1901240 114.6
1901250 114.6
1901260 114.6
1901270 114.6
1901280 114.6
1901290 114.6
1901300 114.6
1901310 114.6
1901320 114.6
1901330 114.9
1901340 114.9
1901350 114.9
1901360 114.7
1901370 114.7
1901380 114.8
1901390 114.7
1901400 114.7
1901410 114.7
1901420 114.7
1901430 114.7
1901440 114.7
1901450 114.8
1901460 114.8
1901470 114.8
1901480 114.8
1901490 114.8
1901500 114.8
1901510 114.9
1901520 115.0
1901530 115.0
1901540 115.0
1901550 115.0
1901560 115.0
1901570 114.9
1901580 115.0
1901590 115.0
