1900000 115.3
1900010 115.3
1900020 115.2
1900030 115.2
1900040 115.2
1900050 115.2
1900060 115.4
1900070 115.4
1900080 115.4
1900090 115.4
1900100 115.4
1900110 115.4
1900120 115.4
1900130 115.4
1900140 115.4
1900150 115.4
1900160 115.4
1900170 115.3
1900180 115.3
1900190 115.3
1900200 115.2
1900210 115.2
1900220 115.2
1900230 115.2
1900240 115.2
1900250 115.3
1900260 115.2
1900270 115.2
1900280 115.2
1900290 115.3
1900300 115.5
1900310 115.5
1900320 115.8
1900330 114.7
1900340 115.3
1900350 115.3
1900360 115.3
1900370 115.1
1900380 115.1
1900390 115.3
1900400 115.2
1900410 115.2
1900420 115.1
1900430 115.2
1900440 115.2
1900450 115.3
1900460 115.3
1900470 115.3
1900480 115.3
1900490 115.3
1900500 115.3
1900510 115.3
1900520 115.4
1900530 115.4
1900540 115.4
1900550 115.3
1900560 115.3
1900570 115.3
1900580 115.3
1900590 115.3
1900600 115.3
1900610 115.3
1900620 115.3
1900630 115.3
1900640 115.2
1900650 115.2
1900660 115.3
1900670 115.4
1900680 115.4
1900690 115.2
1900700 114.9
1900710 114.9
1900720 115.1
1900730 115.2
1900740 115.2
1900750 115.2
1900760 115.3
1900770 115.3
1900780 115.4
1900790 115.4
1900800 115.4
1900810 115.3
1900820 115.4
1900830 115.4
1900840 115.3
1900850 115.2
1900860 115.2
1900870 115.4
1900880 115.5
1900890 115.5
1900900 115.5
1900910 115.3
1900920 115.3
1900930 115.3
1900940 115.3
1900950 115.2
1900960 115.2
1900970 115.2
1900980 115.2
1900990 115.2
1901000 115.2
1901010 115.2
1901020 115.2
1901030 115.0
1901040 114.9
1901050 114.9
1901060 114.8
1901070 114.6
1901080 114.6
1901090 114.6
1901100 114.7
1901110 114.7
1901120 114.7
1901130 114.5
1901140 114.5
1901150 114.5
1901160 114.5
1901170 114.5
1901180 114.5
1901190 114.5
1901200 114.5
1901210 114.5
1901220 114.6
1901230 114.6
1901240 114.7
1901250 114.6
1901260 114.6
1901270 114.6
1901280 114.7
1901290 114.7
1901300 114.7
1901310 114.7
1901320 114.7
1901330 114.7
1901340 114.8
1901350 114.8
1901360 114.8
1901370 114.8
1901380 114.8
1901390 114.8
1901400 114.8
1901410 114.8
1901420 114.8
1901430 114.8
1901440 114.8
1901450 114.8
1901460 114.9
1901470 114.9
1901480 114.9
1901490 114.9
1901500 114.9
1901510 114.9
1901520 115.0
1901530 115.1
1901540 115.1
1901550 115.3
1901560 115.3
1901570 115.3
1901580 115.2
