1900000 115.2
1900010 115.2
1900020 115.2
1900030 115.2
1900040 115.2
1900050 115.2
1900060 115.1
1900070 115.1
1900080 115.1
1900090 115.1
1900100 115.1
1900110 115.0
1900120 115.0
1900130 115.0
1900140 114.9
1900150 114.9
1900160 114.9
1900170 114.8
1900180 114.9
1900190 114.9
1900200 114.9
1900210 115.1
1900220 115.1
1900230 115.2
1900240 115.1
1900250 115.1
1900260 115.0
1900270 114.9
1900280 114.9
1900290 114.9
1900300 115.1
1900310 115.1
1900320 115.7
1900330 114.8
1900340 115.3
1900350 115.3
1900360 115.2
1900370 114.8
1900380 114.8
1900390 115.0
1900400 115.0
1900410 115.0
1900420 115.1
1900430 114.9
1900440 114.9
1900450 115.0
1900460 114.9
1900470 114.9
1900480 114.8
1900490 114.9
1900500 114.9
1900510 114.8
1900520 114.8
1900530 114.8
1900540 114.9
1900550 115.0
1900560 115.0
1900570 115.2
1900580 115.1
1900590 115.1
1900600 115.0
1900610 114.8
1900620 114.8
1900630 114.7
1900640 114.8
1900650 114.8
1900660 114.9
1900670 115.0
1900680 115.0
1900690 115.2
1900700 115.2
1900710 115.2
1900720 115.1
1900730 115.0
1900740 115.0
1900750 114.9
1900760 114.9
1900770 114.9
1900780 114.9
1900790 114.8
1900800 114.8
1900810 114.8
1900820 114.9
1900830 114.9
1900840 114.9
1900850 114.8
1900860 114.8
1900870 114.8
1900880 114.9
1900890 114.7
1900900 114.7
1900910 114.7
1900920 114.6
1900930 114.6
1900940 114.6
1900950 114.6
1900960 114.6
1900970 114.6
1900980 114.7
1900990 114.7
1901000 114.8
1901010 114.8
1901020 114.8
1901030 114.8
1901040 114.9
1901050 114.9
1901060 115.1
1901070 115.2
1901080 115.2
1901090 115.1
1901100 115.1
1901110 115.2
1901120 115.0
1901130 114.9
1901140 114.9
1901150 114.9
1901160 114.9
1901170 114.9
1901180 114.8
1901190 114.6
1901200 114.6
1901210 114.5
1901220 114.6
1901230 114.6
1901240 114.7
1901250 114.6
1901260 114.6
1901270 114.5
1901280 114.5
1901290 114.5
1901300 114.5
1901310 114.5
1901320 114.5
1901330 114.6
1901340 114.7
1901350 114.7
1901360 114.8
1901370 114.8
1901380 114.8
1901390 114.8
1901400 114.8
1901410 114.8
1901420 114.7
1901430 114.8
1901440 114.8
1901450 115.0
1901460 114.8
1901470 114.9
1901480 114.9
1901490 114.8
1901500 114.8
1901510 114.8
1901520 114.8
1901530 114.7
1901540 114.7
1901550 114.7
1901560 114.8
1901570 114.8
1901580 115.0
1901590 115.3
1901600 115.3
