1900000 114.7
1900010 114.7
1900020 114.7
1900030 114.6
1900040 114.6
1900050 114.7
1900060 114.7
1900070 114.7
1900080 114.7
1900090 114.7
1900100 114.7
1900110 114.7
1900120 114.7
1900130 114.8
1900140 114.8
1900150 114.8
1900160 114.7
1900170 114.7
1900180 114.7
1900190 114.7
1900200 114.8
1900210 114.8
1900220 114.8
1900230 114.7
1900240 114.7
1900250 115.2
1900260 115.1
1900270 115.1
1900280 114.6
1900290 114.7
1900300 114.7
1900310 114.6
1900320 114.6
1900330 114.6
1900340 114.6
1900350 114.8
1900360 114.9
1900370 114.6
1900380 114.6
1900390 114.6
1900400 114.6
1900410 114.6
1900420 114.6
1900430 114.6
1900440 114.6
1900450 114.6
1900460 114.6
1900470 114.6
1900480 114.6
1900490 114.6
1900500 114.6
1900510 114.6
1900520 114.6
1900530 114.6
1900540 114.6
1900550 114.6
1900560 114.6
1900570 114.6
1900580 114.6
1900590 114.6
1900600 114.6
1900610 114.6
1900620 114.6
1900630 114.6
1900640 114.6
1900650 114.6
1900660 114.6
1900670 114.7
1900680 114.6
1900690 114.6
1900700 114.6
1900710 114.7
1900720 114.7
1900730 114.7
1900740 114.8
1900750 114.8
1900760 114.8
1900770 114.9
1900780 114.9
1900790 114.9
1900800 114.9
1900810 115.0
1900820 115.0
1900830 115.1
1900840 115.2
1900850 115.2
1900860 115.3
1900870 115.2
1900880 115.2
1900890 115.2
1900900 115.4
1900910 115.4
1900920 115.4
1900930 115.4
1900940 115.4
1900950 115.3
1900960 115.3
1900970 115.3
1900980 115.0
1900990 115.0
1901000 115.0
1901010 115.1
1901020 115.0
1901030 115.0
1901040 114.9
1901050 114.8
1901060 114.8
1901070 114.8
1901080 114.8
1901090 114.8
1901100 114.9
1901110 115.0
1901120 115.0
1901130 114.9
1901140 114.9
1901150 114.9
1901160 115.0
1901170 115.0
1901180 115.0
1901190 115.1
1901200 115.3
1901210 115.3
1901220 115.4
1901230 115.3
1901240 115.3
1901250 115.3
1901260 115.4
1901270 115.4
1901280 115.4
1901290 115.6
1901300 115.6
1901310 115.6
1901320 115.6
1901500 115.6
1901510 115.6
1901520 115.6
1901530 115.6
1901540 115.6
1901550 115.6
1901560 115.7
1901570 115.7
1901580 115.7
1901590 115.8
1901600 115.8
1901610 115.8
