1900000 115.0
1900010 115.0
1900020 115.2
1900030 115.2
1900040 115.4
1900050 115.6
1900060 115.6
1900070 115.8
1900080 115.8
1900090 115.8
1900100 115.8
1900110 115.8
1900120 115.8
1900130 115.8
1900140 115.9
1900150 115.9
1900160 115.9
1900170 116.1
1900180 116.1
1900190 116.5
1900200 115.2
1900210 115.2
1900220 115.5
1900230 115.8
1900240 115.8
1900250 115.8
1900260 115.6
1900270 115.6
1900280 115.6
1900290 115.7
1900300 115.7
1900310 115.9
1900320 115.8
1900330 115.8
1900340 115.8
1900350 115.7
1900360 115.3
1900370 115.3
1900380 115.2
1900390 115.1
1900400 115.1
1900410 115.2
1900420 115.3
1900430 115.3
1900440 115.5
1900450 115.5
1900460 115.5
1900470 115.6
1900480 115.7
1900490 115.7
1900500 115.8
1900510 115.9
1900520 115.9
1900530 115.9
1900540 115.9
1900550 115.9
1900560 115.8
1900570 115.8
1900580 115.8
1900590 115.8
1900600 115.9
1900610 115.9
1900620 116.0
1900630 116.0
1900640 116.0
1900650 116.0
1900660 116.1
1900670 116.1
1900680 116.1
1900690 116.1
1900700 116.1
1900710 116.1
1900720 116.1
1900730 116.1
1900740 116.1
1900750 116.1
1900760 116.1
1900770 116.1
1900780 116.1
1900790 116.1
1900800 116.0
1900810 116.1
1900820 116.1
1900830 116.1
1900840 116.1
1900850 116.1
1900860 116.1
1900870 116.1
1900880 116.1
1900890 116.1
1900900 116.1
1900910 116.1
1900920 116.1
1900930 116.1
1900940 116.0
1900950 116.0
1900960 116.0
1900970 115.9
1900980 115.9
1900990 115.9
1901000 115.9
1901010 115.9
1901020 115.9
1901030 115.9
1901040 115.9
1901050 115.9
1901060 115.9
1901070 115.9
1901080 115.8
1901090 115.8
1901100 115.8
1901110 115.8
1901120 115.9
1901130 115.9
1901140 115.9
1901150 116.0
1901160 116.0
1901170 116.0
1901180 116.0
1901190 116.0
1901200 116.0
1901210 116.0
1901220 116.0
1901230 115.9
1901240 115.9
1901250 115.9
1901260 115.9
1901270 115.9
1901280 115.9
1901290 116.0
1901300 115.9
1901310 115.9
1901320 116.5
1901330 116.3
1901340 116.3
1901350 116.0
1901360 115.9
1901370 115.9
1901380 116.1
1901390 116.1
1901400 116.1
1901410 116.1
1901420 116.0
1901430 116.0
1901440 116.0
1901450 115.8
1901460 115.5
1901470 115.5
1901480 115.4
1901490 115.4
1901500 115.4
1901510 115.4
1901520 115.4
1901530 115.3
1901540 115.4
1901550 115.5
1901560 115.5
1901570 115.7
1901580 116.0
1901590 116.0
1901600 116.2
