1900000 115.6
1900010 115.6
1900020 115.6
1900030 115.6
1900040 115.7
1900050 115.6
1900060 115.6
1900070 115.6
1900080 115.6
1900090 115.6
1900100 115.5
1900110 115.6
1900120 115.6
1900130 115.7
1900140 115.1
1900150 115.1
1900160 115.0
1900170 115.3
1900180 115.3
1900190 115.4
1900200 115.3
1900210 115.3
1900220 115.2
1900230 115.3
1900240 115.3
1900250 115.6
1900260 115.7
1900270 115.7
1900280 115.7
1900290 115.6
1900300 115.6
1900310 115.5
1900320 115.6
1900330 115.6
1900340 115.6
1900350 115.6
1900360 115.7
1900370 115.7
1900380 115.6
1900390 115.5
1900400 115.5
1900410 115.3
1900420 115.2
1900430 115.2
1900440 115.2
1900450 115.3
1900460 115.3
1900470 115.2
1900480 115.1
1900490 115.1
1900500 115.1
1900510 115.1
1900520 115.1
1900530 115.0
1900540 115.2
1900550 115.2
1900560 115.3
1900570 115.4
1900580 115.4
1900590 115.5
1900600 115.6
1900610 115.6
1900620 115.6
1900630 115.5
1900640 115.5
1900650 115.9
1900660 115.9
1900670 115.8
1900680 115.9
1900690 115.9
1900700 115.9
1900710 115.9
1900720 116.0
1900730 116.0
1900740 115.9
1900750 115.9
1900760 115.9
1900770 115.8
1900780 115.8
1900790 115.8
1900800 115.8
1900810 115.8
1900820 115.8
1900830 115.9
1900840 116.0
1900850 116.0
1900860 115.9
1900870 115.9
1900880 115.9
1900890 115.9
1900900 116.0
1900910 116.0
1900920 116.0
1900930 116.0
1900940 116.1
1900950 116.1
1900960 116.2
1900970 116.1
1900980 116.2
1900990 116.2
1901000 116.2
1901010 116.2
1901020 116.1
1901030 116.1
1901040 116.1
1901050 116.1
1901060 116.1
1901070 116.1
1901080 116.0
1901090 116.0
1901100 116.0
1901110 115.9
1901120 115.8
1901130 115.8
1901140 115.7
