1900000 115.3
1900010 115.3
1900020 115.1
1900030 114.9
1900040 114.9
1900050 114.9
1900060 114.9
1900070 114.9
1900080 114.9
1900090 114.9
1900100 114.9
1900110 115.1
1900120 115.4
1900130 115.7
1900140 115.7
1900150 116.3
1900160 115.9
1900170 115.6
1900180 115.3
1900190 115.8
1900200 115.8
1900210 115.8
1900220 115.7
1900230 115.7
1900240 115.6
1900250 115.6
1900260 115.6
1900270 115.7
1900280 115.7
1900290 115.7
1900300 115.8
1900310 115.8
1900320 115.8
1900330 115.6
1900340 115.4
1900350 115.4
1900360 115.4
1900370 115.2
1900380 115.2
1900390 115.2
1900400 115.2
1900410 115.2
1900420 115.1
1900430 115.2
1900440 115.2
1900450 115.0
1900460 115.2
1900470 115.2
1900480 115.4
1900490 115.4
1900500 115.4
1900510 115.4
1900520 115.5
1900530 115.5
1900540 115.6
1900550 115.3
1900560 115.3
1900570 115.7
1900580 115.8
1900590 115.8
1900600 115.9
1900610 116.0
1900620 116.0
1900630 116.1
1900640 116.2
1900650 116.2
1900660 116.2
1900670 116.3
1900680 116.3
1900690 116.3
1900700 116.3
1900710 116.3
1900720 116.3
1900730 116.3
1900740 116.3
1900750 116.3
1900760 116.3
1900770 116.3
1900780 116.3
1900790 116.2
1900800 116.0
1900810 116.0
1900820 116.0
1900830 115.9
1900840 115.9
1900850 115.9
1900860 116.0
1900870 116.0
1900880 116.0
1900890 116.0
1900900 116.0
1900910 115.9
1900920 115.9
1900930 115.9
1900940 116.0
1900950 116.0
1900960 116.0
1900970 116.0
1900980 115.9
1900990 115.9
1901000 115.9
1901010 115.9
1901020 115.9
1901030 116.0
1901040 116.0
1901050 116.0
1901060 116.0
1901070 116.0
1901080 116.0
1901090 116.0
1901100 116.0
1901110 116.0
1901120 116.0
1901130 116.0
1901140 116.0
1901150 116.0
1901160 116.0
1901170 116.0
1901180 116.0
1901190 115.9
1901200 115.9
1901210 115.9
1901220 115.8
1901230 115.8
1901240 115.5
1901250 115.4
1901260 115.3
1901270 115.3
1901280 115.1
1901290 115.1
1901300 115.1
1901310 115.1
1901320 115.1
1901330 115.1
1901340 115.2
1901350 115.2
1901360 115.2
1901370 115.2
1901380 115.3
1901390 115.3
1901400 115.2
1901410 115.3
1901420 115.3
1901430 115.2
1901440 115.1
1901450 115.1
1901460 115.1
1901470 115.2
1901480 115.2
1901490 115.2
1901500 115.2
1901510 115.2
1901520 115.2
1901530 115.1
1901540 115.1
1901550 115.2
1901560 115.2
1901570 115.2
1901580 115.3
1901590 115.3
1901600 115.3
1901610 115.3
