1900000 114.9
1900010 114.9
1900020 114.9
1900030 114.9
1900040 115.0
1900050 115.0
1900060 115.1
1900070 115.2
1900080 115.2
1900090 115.2
1900100 115.3
1900110 115.3
1900120 115.3
1900130 115.3
1900140 115.3
1900150 115.3
1900160 115.2
1900170 115.2
1900180 115.3
1900190 115.4
1900200 115.4
1900210 116.0
1900220 115.8
1900230 115.8
1900240 114.9
1900250 115.6
1900260 115.6
1900270 115.7
1900280 115.6
1900290 115.6
1900300 115.5
1900310 115.5
1900320 115.5
1900330 115.5
1900340 115.4
1900350 115.4
1900360 115.2
1900370 115.5
1900380 115.5
1900390 115.5
1900400 115.5
1900410 115.5
1900420 115.5
1900430 115.5
1900440 115.5
1900450 115.5
1900460 115.4
1900470 115.3
1900480 115.3
1900490 115.2
1900500 115.2
1900510 115.2
1900520 115.3
1900530 115.5
1900540 115.5
1900550 115.6
1900560 115.6
1900570 115.6
1900580 115.7
1900590 115.6
1900600 115.6
1900610 115.6
1900620 115.6
1900630 115.6
1900640 115.6
1900650 115.7
1900660 115.7
1900670 115.7
1900680 115.7
1900690 115.7
1900700 115.6
1900710 115.6
1900720 115.6
1900730 115.6
1900740 115.6
1900750 115.6
1900760 115.6
1900770 115.6
1900780 115.6
1900790 115.6
1900800 115.6
1900810 115.6
1900820 115.6
1900830 115.6
1900840 115.6
1900850 115.6
1900860 115.6
1900870 115.6
1900880 115.6
1900890 115.6
1900900 115.6
1900910 115.6
1900920 115.6
1900930 115.6
1900940 115.6
1900950 115.7
1900960 115.7
1900970 115.7
1900980 115.7
1900990 115.6
1901000 115.6
1901010 115.6
1901020 115.5
1901030 115.5
1901040 115.5
1901050 115.5
1901060 115.5
1901070 115.5
1901080 115.5
1901090 115.5
1901100 115.6
1901110 115.6
1901120 115.6
1901130 115.3
1901140 115.5
1901150 115.5
1901160 115.8
1901170 115.6
1901180 115.6
1901190 115.6
1901200 115.5
1901210 115.5
1901220 115.6
1901230 115.7
1901240 115.7
1901250 115.8
1901260 115.8
1901270 115.8
1901280 115.8
1901290 115.7
1901300 115.7
1901310 115.6
1901320 115.6
1901330 115.6
1901340 115.6
1901350 115.6
1901360 115.6
1901370 115.6
1901380 115.6
1901390 115.6
1901400 115.7
1901410 115.7
1901420 115.7
1901430 115.7
1901440 115.7
1901450 115.7
1901460 115.7
1901470 115.7
1901480 115.7
1901490 115.8
1901500 115.8
1901510 115.8
1901520 115.7
1901530 115.7
1901540 115.6
1901550 115.6
1901560 115.6
1901570 115.6
1901580 115.6
1901590 115.6
1901600 115.6
1901610 115.6
