1900000 115.4
1900010 115.4
1900020 115.3
1900030 115.3
1900040 115.3
1900050 115.1
1900060 115.1
1900070 115.1
1900080 115.1
1900090 115.1
1900100 115.1
1900110 115.0
1900120 115.0
1900130 115.0
1900140 115.0
1900150 115.0
1900160 115.0
1900170 115.0
1900180 114.9
1900190 114.9
1900200 114.9
1900210 114.8
1900220 114.8
1900230 114.9
1900240 115.3
1900250 115.3
1900260 114.7
1900270 114.7
1900280 114.7
1900290 114.7
1900300 114.6
1900310 114.6
1900320 114.6
1900330 114.7
1900340 114.9
1900350 114.9
1900360 114.7
1900370 114.6
1900380 114.6
1900390 114.7
1900400 114.6
1900410 114.6
1900420 114.6
1900430 114.6
1900440 114.6
1900450 114.7
1900460 114.7
1900470 114.7
1900480 114.7
1900490 114.7
1900500 114.7
1900510 114.7
1900520 114.7
1900530 114.7
1900540 114.7
1900550 114.8
1900560 114.8
1900570 115.0
1900580 115.3
1900590 115.3
1900600 115.3
1900610 115.2
1900620 115.2
1900630 115.1
1900640 115.1
1900650 115.1
1900660 115.0
1900670 115.0
1900680 115.0
1900690 115.0
1900700 115.1
1900710 115.1
1900720 115.1
1900730 115.2
1900740 115.2
1900750 115.3
1900760 115.4
1900770 115.4
1900780 115.4
1900790 115.4
1900800 115.4
1900810 115.4
1900820 115.4
1900830 115.4
1900840 115.3
1900850 115.2
1900860 115.2
1900870 115.1
1900880 115.0
1900890 115.0
1900900 115.0
1900910 114.9
1900920 114.8
1900930 114.8
1900940 114.8
1900950 114.9
1900960 114.9
1900970 114.8
1900980 114.8
1900990 114.8
1901000 114.8
1901010 114.9
1901020 114.9
1901030 114.8
1901040 114.8
1901050 114.8
1901060 114.8
1901070 114.9
1901080 114.9
1901090 114.9
1901100 115.1
1901110 115.1
1901120 115.1
1901130 115.2
1901140 115.2
1901150 115.2
1901160 115.2
1901170 115.2
1901180 115.2
1901190 115.4
1901200 115.4
1901210 115.5
1901220 115.6
1901230 115.6
1901240 115.7
1901250 115.7
1901260 115.7
1901270 115.7
1901280 115.6
1901290 115.6
1901300 115.5
1901310 115.6
1901320 115.6
1901330 115.7
1901340 115.7
1901350 115.7
1901360 115.6
1901370 115.6
1901380 115.6
1901390 115.6
1901400 115.6
1901410 115.6
1901420 115.6
1901430 115.6
1901440 115.6
1901450 115.6
1901460 115.6
1901470 115.6
1901480 115.6
1901490 115.7
1901500 115.7
1901510 115.7
1901520 115.7
1901530 115.7
1901540 115.7
1901550 115.7
1901560 115.7
1901570 115.7
1901580 115.7
1901590 115.8
1901600 115.8
