1900000 115.8
1900010 115.8
1900020 115.7
1900030 115.7
1900040 115.9
1900050 115.9
1900060 115.9
1900070 116.0
1900080 116.1
1900090 116.1
1900100 116.2
1900110 116.3
1900120 116.3
1900130 116.3
1900140 116.2
1900150 116.2
1900160 116.2
1900170 116.1
1900180 116.1
1900190 116.2
1900200 116.2
1900210 116.2
1900220 116.3
1900230 116.3
1900240 116.3
1900250 116.3
1900260 116.3
1900270 116.2
1900280 116.2
1900290 116.2
1900300 116.2
1900310 116.2
1900320 116.2
1900330 116.2
1900340 116.2
1900350 116.2
1900360 116.2
1900370 116.2
1900380 116.2
1900390 116.1
1900400 116.1
1900410 115.9
1900420 115.9
1900430 115.9
1900440 115.9
1900450 115.9
1900460 116.0
1900470 116.0
1900480 116.1
1900490 116.1
1900500 116.1
1900510 116.0
1900520 116.0
1900530 116.0
1900540 116.1
1900550 116.1
1900560 116.1
1900570 116.2
1900580 116.2
1900590 116.2
1900600 116.1
1900610 116.1
1900620 116.0
1900630 116.1
1900640 116.1
1900650 116.0
1900660 115.7
1900670 115.7
1900680 115.4
1900690 115.2
1900700 115.2
1900710 115.1
1900720 115.0
1900730 115.0
1900740 115.0
1900750 115.0
1900760 115.0
1900770 115.1
1900780 115.2
1900790 115.2
1900800 115.2
1900810 115.2
1900820 115.2
1900830 115.2
1900840 115.3
1900850 115.6
1900860 115.6
1900870 115.6
1900880 115.7
1900890 115.7
1900900 116.0
1900910 116.1
1900920 116.1
1900930 116.2
1900940 116.2
1900950 116.2
1900960 116.1
1900970 116.1
1900980 116.1
1900990 116.1
1901000 116.2
1901010 116.2
1901020 116.1
1901030 115.8
1901040 115.8
1901050 115.7
1901060 115.7
1901070 115.7
1901080 115.6
1901090 115.5
1901100 115.5
1901110 115.6
1901120 115.8
1901130 115.8
1901140 115.8
1901150 115.7
1901160 115.7
1901350 115.9
1901360 116.0
1901370 116.0
1901380 116.0
1901390 116.0
1901400 116.0
