1900000 115.9
1900010 115.9
1900020 115.9
1900030 115.9
1900040 115.9
1900050 115.9
1900060 115.9
1900070 116.0
1900080 116.6
1900090 115.1
1900100 115.1
1900110 115.9
1900120 116.0
1900130 116.0
1900140 116.0
1900150 115.8
1900160 115.8
1900170 115.8
1900180 115.8
1900190 115.8
1900200 115.9
1900210 115.8
1900220 115.8
1900230 115.7
1900240 115.6
1900250 115.6
1900260 115.6
1900270 115.7
1900280 115.7
1900290 115.7
1900300 115.8
1900310 115.8
1900320 115.9
1900330 115.9
1900340 115.9
1900350 115.9
1900360 115.9
1900370 115.9
1900380 115.9
1900390 115.9
1900400 115.9
1900410 115.8
1900420 115.8
1900430 115.8
1900440 115.9
1900450 115.8
1900460 115.8
1900470 115.7
1900480 115.6
1900490 115.6
1900500 115.5
1900510 115.5
1900520 115.5
1900530 115.5
1900540 115.5
1900550 115.5
1900560 115.7
1900570 115.8
1900580 115.8
1900590 115.8
1900600 115.8
1900610 115.8
1900620 115.8
1900630 115.7
1900640 115.8
1900650 115.8
1900660 115.8
1900670 115.7
1900680 115.7
1900690 115.5
1900700 115.5
1900710 115.5
1900720 115.5
1900730 115.6
1900740 115.6
1900750 115.6
1900760 115.7
1900770 115.7
1900780 115.7
1900790 115.5
1900800 115.5
1900810 115.5
1900820 115.4
1900830 115.4
1900840 115.3
1900850 115.4
1900860 115.4
1900870 115.4
1900880 115.4
1900890 115.4
1900900 115.3
1900910 115.2
1900920 115.2
1900930 115.1
1900940 115.0
1900950 115.1
1900960 115.1
1900970 115.1
1900980 115.1
1900990 115.0
1901000 115.0
1901010 115.0
1901020 115.1
1901030 115.2
1901040 115.2
1901050 115.4
1901060 115.5
1901070 115.5
1901080 115.6
1901090 115.6
1901100 115.6
1901110 115.6
1901120 115.6
1901130 115.6
1901140 115.7
1901150 115.8
1901160 115.8
1901170 115.9
1901180 116.0
1901190 116.0
1901200 116.1
1901210 116.2
1901220 116.2
1901230 116.3
1901240 116.3
1901250 116.3
1901260 116.3
1901270 116.3
1901280 116.3
1901290 116.3
1901300 116.1
1901310 116.0
1901320 116.0
1901330 116.0
1901340 116.0
1901350 116.0
1901360 115.9
1901370 115.8
1901380 115.8
1901390 115.8
1901400 115.8
1901410 115.8
1901420 115.9
1901430 116.0
1901440 116.0
1901450 116.1
1901460 116.1
1901470 116.1
1901480 116.0
1901490 116.0
1901500 116.0
1901510 116.0
1901520 116.1
1901530 116.1
1901540 116.1
1901550 116.1
1901560 116.1
