1900000 115.9
1900010 115.9
1900020 115.9
1900030 115.8
1900040 115.8
1900050 115.8
1900060 115.9
1900070 116.0
1900080 116.0
1900090 116.0
1900100 116.0
1900110 116.0
1900120 116.0
1900130 116.0
1900140 116.0
1900150 116.0
1900160 116.1
1900170 116.1
1900180 116.1
1900190 116.1
1900200 116.1
1900210 116.1
1900220 116.1
1900230 116.1
1900240 116.2
1900250 116.2
1900260 116.2
1900270 116.1
1900280 116.1
1900290 116.2
1900300 116.2
1900310 116.2
1900320 116.2
1900330 116.2
1900340 116.1
1900350 116.2
1900360 116.2
1900370 116.2
1900380 116.2
1900390 116.2
1900400 116.2
1900410 116.2
1900420 116.2
1900430 116.2
1900440 116.2
1900450 116.2
1900460 116.1
1900470 116.1
1900480 116.1
1900490 116.1
1900500 116.1
1900510 116.1
1900520 116.2
1900530 116.2
1900540 116.2
1900550 116.2
1900560 116.2
1900570 116.2
1900580 116.2
1900590 116.2
1900600 116.2
1900610 116.1
1900620 116.0
1900630 116.0
1900640 115.7
1900650 115.5
1900660 115.4
1900670 115.2
1900680 115.0
1900690 115.0
1900700 115.1
1900710 115.3
1900720 115.3
1900730 115.4
1900740 115.5
1900750 115.5
1900760 115.6
1900770 115.9
1900780 115.9
1900790 116.1
1900800 116.2
1900810 116.2
1900820 116.3
1900830 116.2
1900840 116.2
1900850 116.4
1900860 116.3
1900870 116.3
1900880 116.3
1900890 116.1
1900900 116.0
1900910 116.0
1900920 116.0
1900930 116.0
1900940 116.0
1900950 115.9
1900960 115.8
1900970 115.8
1900980 115.9
1900990 116.0
1901000 116.0
1901010 115.9
1901020 115.8
1901030 115.8
1901040 115.7
1901050 115.7
1901060 115.7
1901070 115.9
1901080 116.1
1901090 116.1
1901100 116.1
1901110 116.1
1901120 116.1
1901130 116.1
1901140 116.1
1901150 116.1
1901160 116.0
1901170 116.0
1901180 116.0
1901190 116.0
1901200 116.1
1901210 116.1
1901220 115.8
1901230 115.9
1901240 115.9
1901250 115.8
1901260 115.8
1901270 115.9
1901280 115.9
1901290 115.8
1901300 115.8
1901310 115.7
1901320 115.8
1901330 115.8
1901340 115.9
1901350 115.9
1901360 115.9
1901370 115.9
1901380 115.8
1901390 115.8
1901400 115.8
1901410 115.9
1901420 115.9
