1900000 115.8
1900010 116.3
1900020 115.2
1900030 115.2
1900040 115.8
1900050 115.9
1900060 115.9
1900070 115.9
1900080 115.9
1900090 115.9
1900100 115.8
1900110 115.8
1900120 115.8
1900130 115.8
1900140 116.0
1900150 116.0
1900160 116.1
1900170 116.0
1900180 116.1
1900190 116.1
1900200 116.0
1900210 116.0
1900220 116.0
1900230 116.1
1900240 116.1
1900250 116.1
1900260 116.2
1900270 116.2
1900280 116.1
1900290 116.1
1900300 116.1
1900310 116.2
1900320 116.2
1900330 116.2
1900340 116.2
1900350 116.2
1900360 116.2
1900370 116.2
1900380 116.2
1900390 116.2
1900400 116.3
1900410 116.3
1900420 116.3
1900430 116.3
1900440 116.3
1900450 116.3
1900460 116.3
1900470 116.2
1900480 116.2
1900490 116.3
1900500 116.2
1900510 116.2
1900520 116.2
1900530 116.2
1900540 116.1
1900550 116.1
1900560 116.1
1900570 116.1
1900580 116.1
1900590 116.2
1900600 116.2
1900610 116.2
1900620 116.2
1900630 116.1
1900640 116.1
1900650 116.1
1900660 116.1
1900670 116.1
1900680 116.1
1900690 116.1
1900700 116.1
1900710 116.0
1900720 115.9
1900730 115.9
1900740 115.8
1900750 115.7
1900760 115.7
1900770 115.8
1900780 115.9
1900790 115.9
1900800 115.7
1900810 115.6
1900820 115.6
1900830 115.5
1900840 115.4
1900850 115.4
1900860 115.4
1900870 115.4
1900880 115.4
1900890 115.3
1900900 115.2
1900910 115.2
1900920 115.2
1900930 115.2
1900940 115.2
1900950 115.3
1900960 115.3
1900970 115.3
1900980 115.2
1900990 115.2
1901000 115.2
1901010 115.1
1901020 115.1
1901030 115.1
1901040 115.1
1901050 115.1
1901060 115.2
1901070 115.2
1901080 115.1
1901090 115.0
1901100 115.0
1901110 115.1
1901120 115.0
1901130 115.0
1901140 115.0
1901150 115.0
1901160 115.0
1901170 115.1
1901180 115.3
1901190 115.3
1901200 115.3
1901210 115.3
1901220 115.3
1901230 115.4
1901240 115.5
1901250 115.5
1901260 115.5
1901270 115.7
1901280 115.7
1901290 115.9
1901300 115.9
1901310 115.9
1901320 115.9
1901330 116.0
1901340 116.0
1901350 116.0
1901360 116.1
1901370 116.1
1901380 116.1
