1900000 115.8
1900010 115.8
1900020 115.8
1900030 115.8
1900040 115.8
1900050 115.8
1900060 115.7
1900070 115.6
1900080 115.6
1900090 115.6
1900100 115.7
1900110 115.7
1900120 116.3
1900130 115.4
1900140 115.4
1900150 115.6
1900160 115.7
1900170 115.7
1900180 115.7
1900190 115.6
1900200 115.5
1900210 115.5
1900220 115.5
1900230 115.6
1900240 115.6
1900250 115.6
1900260 115.7
1900270 115.7
1900280 115.6
1900290 115.6
1900300 115.6
1900310 115.6
1900320 115.6
1900330 115.6
1900340 115.6
1900350 115.7
1900360 115.7
1900370 115.9
1900380 115.9
1900390 115.9
1900400 115.7
1900410 115.6
1900420 115.6
1900430 115.6
1900440 115.3
1900450 115.3
1900460 115.2
1900470 115.1
1900480 115.1
1900490 115.2
1900500 115.2
1900510 115.2
1900520 115.2
1900530 115.2
1900540 115.2
1900550 115.2
1900560 115.0
1900570 115.0
1900580 115.1
1900590 115.1
1900600 115.1
1900610 115.1
1900620 115.1
1900630 115.1
1900640 115.3
1900650 115.4
1900660 115.4
1900670 115.4
1900680 115.2
1900690 115.2
1900700 115.7
1900710 115.9
1900720 115.9
1900730 116.0
1900740 115.9
1900750 115.9
1900760 115.9
1900770 115.9
1900780 116.0
1900790 116.0
1900800 116.1
1900810 116.1
1900820 116.1
1900830 116.1
1900840 116.1
1900850 116.1
1900860 116.1
1900870 115.9
1900880 115.9
1900890 115.9
1900900 115.9
1900910 115.9
1900920 115.9
1900930 115.9
1900940 115.9
1900950 115.8
1900960 115.9
1900970 115.9
1900980 116.0
1900990 116.1
1901000 116.1
1901010 116.0
1901020 116.0
1901030 116.0
1901040 115.9
1901050 115.9
1901060 115.9
1901070 116.0
1901080 116.0
1901090 116.0
1901100 115.7
1901110 115.9
1901120 115.9
1901130 116.2
1901140 116.1
1901150 116.1
1901160 115.9
1901170 115.9
1901180 115.9
1901190 115.9
1901200 115.9
1901210 115.9
1901220 115.8
1901230 115.8
1901240 115.8
