1900000 115.8
1900010 115.8
1900020 115.7
1900030 115.8
1900040 115.8
1900050 115.9
1900060 115.9
1900070 115.9
1900080 116.0
1900090 116.1
1900100 116.1
1900110 116.1
1900120 116.1
1900130 116.1
1900140 116.1
1900150 116.1
1900160 116.1
1900170 116.1
1900180 116.1
1900190 116.1
1900200 116.2
1900210 116.2
1900220 116.2
1900230 116.2
1900240 116.2
1900250 116.2
1900260 116.2
1900270 116.2
1900280 116.2
1900290 116.3
1900300 116.4
1900310 116.4
1900320 116.4
1900330 116.4
1900340 116.4
1900350 116.5
1900360 116.5
1900370 116.4
1900380 116.3
1900390 116.3
1900400 116.3
1900410 116.2
1900420 116.1
1900430 116.1
1900440 115.9
1900450 115.9
1900460 115.9
1900470 115.9
1900480 115.9
1900490 115.9
1900500 115.9
1900510 115.9
1900520 115.9
1900530 115.9
1900540 115.8
1900550 115.8
1900560 115.8
1900570 115.8
1900580 115.8
1900590 115.8
1900600 116.0
1900610 116.0
1900620 116.0
1900630 116.0
1900640 115.9
1900650 115.9
1900660 115.8
1900670 115.8
1900680 115.9
1900690 115.4
1900700 115.3
1900710 115.3
1900720 115.3
1900730 115.3
1900740 115.3
1900750 115.2
1900760 115.1
1900770 115.1
1900780 115.0
1900790 115.0
1900800 115.0
1900810 115.0
1900820 115.1
1900830 115.1
1900840 115.2
1900850 115.1
1900860 115.1
1900870 115.1
1900880 115.2
1900890 115.2
1900900 115.3
1900910 115.3
1900920 115.3
1900930 115.5
1900940 115.6
1900950 115.6
1901250 115.8
1901260 115.8
1901270 115.9
1901280 115.9
1901300 116.0
1901310 116.0
1901320 116.0
1901330 116.0
1901340 116.0
1901350 116.0
1901360 116.0
1901370 116.0
1901380 116.0
