1900000 115.6
1900010 115.5
1900020 115.5
1900030 115.8
1900040 115.8
1900050 115.8
1900060 115.8
1900070 115.8
1900080 115.8
1900090 115.8
1900100 115.8
1900110 115.8
1900120 115.8
1900130 115.9
1900140 115.9
1900150 115.9
1900160 116.0
1900170 116.0
1900180 116.1
1900190 116.1
1900200 116.1
1900210 116.1
1900220 116.1
1900230 116.1
1900240 116.1
1900250 116.1
1900260 116.1
1900270 116.0
1900280 116.1
1900290 116.1
1900300 116.1
1900310 116.2
1900320 116.2
1900330 116.2
1900340 116.1
1900350 116.1
1900360 116.2
1900370 116.2
1900380 116.3
1900390 116.3
1900400 116.3
1900410 116.3
1900420 116.3
1900430 116.2
1900440 116.2
1900450 116.2
1900460 116.2
1900470 116.2
1900480 116.1
1900490 116.1
1900500 116.1
1900510 116.1
1900520 116.0
1900530 116.0
1900540 116.0
1900550 116.0
1900560 116.0
1900570 116.0
1900580 115.9
1900590 115.9
1900600 115.9
1900610 115.9
1900620 115.9
1900630 115.9
1900640 115.9
1900650 116.0
1900660 116.0
1900670 116.0
1900680 116.0
1900690 115.9
1900700 115.8
1900710 115.9
1900720 115.9
1900730 115.8
1900740 115.6
1900750 115.6
1901090 115.5
1901100 115.5
1901110 115.4
1901120 115.4
1901130 115.2
1901140 115.2
1901150 115.2
1901160 115.1
1901170 115.2
1901180 115.2
1901190 115.3
1901200 115.2
1901210 115.2
1901220 115.4
1901230 115.6
1901240 115.6
1901250 115.8
1901260 115.9
1901270 115.9
1901280 116.0
1901290 116.1
1901300 116.1
1901310 116.1
1901320 116.1
1901330 116.1
1901340 116.0
1901350 116.0
1901360 116.0
