1900000 115.2
1900010 115.2
1900020 115.1
1900030 115.2
1900040 115.2
1900050 115.2
1900060 115.2
1900070 115.2
1900080 115.2
1900090 115.2
1900100 115.2
1900110 115.2
1900120 115.2
1900130 115.2
1900140 115.2
1900150 115.3
1900160 115.3
1900170 115.3
1900180 115.4
1900190 115.5
1900200 115.5
1900210 115.5
1900220 115.5
1900230 115.5
1900240 115.7
1900250 115.8
1900260 115.8
1900270 115.8
1900280 115.7
1900290 115.7
1900300 115.5
1900310 115.4
1900320 115.4
1900330 115.4
1900340 115.7
1900350 115.7
1900360 115.6
1900370 115.5
1900380 115.5
1900390 115.6
1900400 115.8
1900410 115.8
1900420 115.8
1900430 115.9
1900440 115.9
1900450 115.9
1900460 116.0
1900470 116.0
1900480 116.0
1900490 116.0
1900500 116.0
1900510 116.0
1900520 116.1
1900530 116.1
1900540 116.1
1900550 116.1
1900560 116.1
1900570 116.1
1900580 116.1
1900590 116.1
1900600 116.1
1900610 116.1
1900620 116.1
1900630 116.1
1900640 116.0
1900650 116.0
1900660 115.9
1900670 115.9
1900680 115.9
1900690 116.0
1900700 116.0
1900710 116.0
1900720 115.9
1900730 115.9
1900740 115.9
1900750 115.9
1900760 115.9
1900770 115.9
1900780 115.9
1900790 115.9
1900800 115.9
1900810 115.9
1900950 116.3
1900960 116.3
1900970 116.3
1900980 116.2
1900990 116.3
1901000 116.3
1901010 116.2
1901020 116.2
1901030 116.1
1901040 116.1
1901050 116.1
1901250 116.7
1901260 116.7
1901270 116.7
1901280 116.8
1901290 116.8
1901300 116.7
1901310 116.9
1901320 116.9
1901330 117.0
1901340 117.0
