1900000 115.4
1900010 115.4
1900020 115.4
1900030 115.6
1900040 115.6
1900050 115.5
1900060 115.4
1900070 115.4
1900080 115.4
1900090 115.3
1900100 115.3
1900110 115.3
1900120 115.2
1900130 115.2
1900140 115.2
1900150 115.3
1900160 115.3
1900170 115.4
1900180 115.5
1900190 115.5
1900200 115.7
1900210 116.0
1900220 116.0
1900230 116.2
1900240 116.1
1900250 116.1
1900260 116.0
1900270 116.0
1900280 116.0
1900290 116.1
1900300 116.0
1900310 116.0
1900320 115.9
1900330 115.6
1900340 115.6
1900350 115.5
1900360 115.5
1900370 115.5
1900380 115.6
1900390 115.7
1900400 115.7
1900410 115.8
1900420 116.0
1900430 116.0
1900440 116.0
1900450 116.0
1900460 116.0
1900470 116.1
1900480 116.0
1900490 116.0
1900500 115.9
1900510 115.8
1900520 115.8
1900530 115.9
1900540 115.9
1900550 115.9
1900560 116.0
1900570 115.9
1900580 115.9
1900590 116.0
1900600 116.2
1900610 116.2
1900620 116.2
1900630 116.2
1900640 116.3
1900650 116.3
1900660 116.2
1900670 116.2
1900680 116.2
1900690 116.2
1900700 116.1
1900710 116.1
1900720 116.1
1900730 116.0
1900740 116.0
1900750 116.0
1900760 115.9
1900770 115.9
1900780 115.9
1900790 115.9
1900800 115.9
1900810 116.0
1900820 116.1
1900830 116.1
1900840 116.1
1900850 116.1
1900860 116.1
1900870 116.1
1900880 116.2
1900890 116.2
1900900 116.1
1900910 116.1
1900920 116.1
1900930 116.2
1900940 116.2
1900950 116.2
1900960 116.3
1900970 116.3
1900980 116.3
1900990 116.2
1901000 116.2
1901010 116.2
1901020 116.2
1901030 116.1
1901040 116.1
1901050 116.1
1901060 116.3
1901070 116.3
1901080 116.3
1901090 116.3
1901100 116.3
1901110 116.2
1901120 116.2
1901130 116.2
1901140 116.3
1901150 116.3
1901160 116.3
1901170 116.2
1901180 116.3
1901190 116.2
1901200 116.2
1901210 116.2
1901220 116.2
1901230 116.2
1901240 116.3
1901250 116.2
1901260 116.2
1901270 116.3
1901280 116.5
1901290 116.5
1901300 116.5
1901310 116.4
1901320 116.4
