1900000 116.5
1900010 116.5
1900020 116.5
1900030 116.5
1900040 116.3
1900050 116.3
1900060 116.3
1900070 116.3
1900080 116.3
1900090 116.3
1900100 116.4
1900110 116.4
1900120 116.4
1900130 116.4
1900140 116.4
1900150 116.4
1900160 116.5
1900170 116.5
1900180 116.5
1900190 116.5
1900200 116.5
1900210 116.4
1900220 116.3
1900230 116.3
1900240 116.3
1900250 116.4
1900260 116.4
1900270 116.4
1900280 116.5
1900290 116.5
1900300 116.5
1900310 116.5
1900320 116.5
1900330 116.5
1900340 116.5
1900350 116.4
1900360 116.4
1900370 116.3
1900380 116.1
1900390 116.1
1900400 116.0
1900410 115.9
1900420 115.9
1900430 115.9
1900440 115.9
1900450 115.9
1900460 116.0
1900470 116.0
1900480 116.0
1900490 116.0
1900500 115.9
1900510 115.9
1900520 115.9
1900530 115.8
1900540 115.8
1900550 115.9
1900560 116.0
1900570 116.0
1900580 116.3
1900590 116.4
1900600 116.4
1900610 116.4
1900620 116.4
1900630 116.4
1900640 116.4
1900650 116.4
1900660 116.4
1900670 116.3
1900680 116.2
1900690 116.2
1900700 116.2
1900710 116.3
1900720 116.3
1900730 116.4
1900740 116.4
1900750 116.4
1900760 116.4
1900770 116.5
1900780 116.5
1900790 116.4
1900800 116.4
1900810 116.4
1900820 116.3
1900830 116.3
1900840 116.3
1900850 116.3
1900860 116.3
1900870 116.3
1900880 116.3
1900890 116.3
1900900 116.4
1900910 116.4
1900920 116.3
1900930 116.3
1900940 116.3
1900950 116.3
1900960 116.3
1900970 116.3
1900980 116.3
1900990 116.3
1901000 116.3
1901010 116.2
1901020 116.3
1901030 116.3
1901040 116.3
1901050 116.5
1901060 116.5
1901070 116.5
1901080 116.4
1901090 116.4
1901100 116.5
1901110 116.6
1901120 116.6
1901130 116.7
1901140 116.8
1901150 116.8
1901160 116.7
1901170 116.6
1901180 116.6
1901190 116.5
1901200 116.4
1901210 116.4
1901220 116.4
1901230 116.4
1901240 116.4
1901250 116.4
1901260 116.4
1901270 116.4
1901280 116.2
1901290 116.4
1901300 116.4
