1900000 115.6
1900010 115.6
1900020 115.6
1900030 115.6
1900040 115.7
1900050 115.7
1900060 115.8
1900070 115.9
1900080 115.9
1900090 115.9
1900100 115.9
1900110 115.9
1900120 115.9
1900130 115.9
1900140 115.9
1900150 115.9
1900160 115.9
1900170 116.1
1900180 116.1
1900190 116.2
1900200 116.4
1900210 116.4
1900220 116.5
1900230 116.6
1900240 116.6
1900250 116.5
1900260 116.5
1900270 116.5
1900280 116.4
1900290 116.3
1900300 116.3
1900310 116.1
1900320 115.7
1900330 115.7
1900340 115.5
1900350 115.5
1900360 115.5
1900370 115.3
1900380 115.5
1900390 115.5
1900400 115.6
1900410 115.7
1900420 115.7
1900430 115.8
1900440 115.9
1900450 115.9
1900460 116.0
1900470 116.0
1900480 116.0
1900490 116.1
1900500 116.1
1900510 116.1
1900520 116.0
1900530 116.0
1900540 116.0
1900550 116.0
1900560 116.1
1900570 116.1
1900580 116.0
1900590 116.0
1900600 116.0
1900610 116.1
1900620 116.1
1900630 116.1
1900640 116.1
1900650 116.2
1900960 116.2
1900970 116.2
1900980 116.1
1900990 116.0
1901020 115.9
1901030 115.9
1901040 115.9
1901050 116.1
1901060 116.1
1901070 116.4
1901080 116.5
1901090 116.5
1901100 116.4
1901110 116.3
1901120 116.3
1901130 116.3
1901140 116.5
1901150 116.5
1901160 116.5
1901170 116.6
1901180 116.6
1901190 116.7
1901200 116.8
1901210 116.8
1901220 116.9
1901230 116.9
1901240 117.0
1901250 117.0
1901260 117.0
1901270 117.0
1901280 117.0
1901290 117.0
1901300 116.9
1901310 117.0
1901320 117.0
1901330 117.1
1901340 117.1
1901350 117.1
1901360 117.2
1901370 117.2
