1900000 116.2
1900010 116.2
1900020 116.2
1900030 116.3
1900040 116.3
1900050 116.2
1900060 116.2
1900070 116.2
1900080 116.2
1900090 116.1
1900100 116.1
1900110 116.1
1900120 116.2
1900130 116.2
1900140 116.2
1900150 116.2
1900160 116.3
1900170 116.3
1900180 116.3
1900190 116.2
1900200 116.2
1900210 116.3
1900220 116.3
1900230 116.3
1900240 116.3
1900250 116.3
1900260 116.3
1900270 116.3
1900280 116.3
1900290 116.3
1900300 116.2
1900310 116.1
1900320 116.1
1900330 115.9
1900340 115.6
1900350 115.6
1900360 115.5
1900370 115.4
1900380 115.4
1900390 115.2
1900400 115.3
1900410 115.4
1900420 115.4
1900430 115.7
1900440 115.7
1900450 115.7
1900460 115.8
1900470 115.8
1900480 115.8
1900490 115.9
1900500 115.9
1900510 116.0
1900520 116.0
1900530 116.0
1900540 115.9
1900550 115.9
1900560 115.9
1900570 115.9
1900580 115.8
1900590 115.8
1900600 115.8
1900610 115.8
1900620 115.8
1900630 115.8
1900640 115.8
1900650 115.9
1900660 115.9
1900670 116.0
1900680 116.1
1900690 116.1
1900700 116.2
1900710 116.2
1900720 116.2
1900730 116.2
1900740 116.2
1900750 116.2
1900760 116.2
1900770 116.2
1900780 116.2
1900790 116.3
1900800 116.3
1900810 116.3
1900820 116.3
1900830 116.3
1900840 116.3
1900850 116.3
1900860 116.3
1900870 116.3
1900880 116.1
1900890 116.0
1900900 116.0
1900910 115.9
1900920 115.8
1900930 115.8
1900940 115.8
1900950 115.7
1900960 115.7
1900970 115.8
1900980 116.0
1900990 116.0
1901000 116.2
1901010 116.2
1901020 116.2
1901030 116.2
1901040 116.2
1901050 116.2
1901060 116.2
1901070 116.3
1901080 116.3
1901090 116.4
1901100 116.4
1901110 116.4
1901120 116.4
1901130 116.2
1901140 116.2
1901150 116.2
1901160 116.2
1901170 116.2
1901180 116.3
1901190 116.3
1901200 116.3
1901210 116.3
1901220 116.2
1901230 116.2
1901240 116.2
1901250 116.2
1901260 116.2
1901270 116.2
1901280 116.2
1901290 116.2
1901300 116.2
1901310 116.2
1901320 116.2
1901330 116.3
1901340 116.3
1901350 116.4
1901360 116.4
1901370 116.4
1901380 116.4
1901390 116.4
1901400 116.4
