1900000 115.8
1900010 115.8
1900020 115.8
1900030 116.2
1900040 116.2
1900050 116.3
1900060 116.4
1900070 116.4
1900080 116.0
1900090 116.4
1900100 116.4
1900110 116.4
1900120 115.9
1900130 115.9
1900140 116.5
1900150 116.4
1900160 116.4
1900170 116.3
1900180 116.3
1900190 116.3
1900200 116.3
1900210 116.3
1900220 116.3
1900230 115.9
1900240 116.0
1900250 116.0
1900260 116.0
1900270 115.8
1900280 115.8
1900290 115.8
1900300 115.8
1900310 115.8
1900320 115.7
1900330 115.7
1900340 115.7
1900350 115.6
1900360 115.6
1900370 115.6
1900380 115.7
1900390 115.8
1900400 115.8
1900410 116.0
1900420 115.9
1900430 115.9
1900440 115.9
1900450 116.0
1900460 116.0
1900470 116.0
1900480 116.1
1900490 116.1
1900500 116.1
1900510 116.1
1900520 115.8
1900530 115.8
1900540 115.4
1900550 115.5
1900560 115.5
1900570 115.5
1900580 115.4
1900590 115.4
1900600 115.2
1900610 115.2
1900620 115.2
1900630 115.3
1900640 115.2
1900650 115.2
1900660 115.2
1900670 115.2
1900680 115.2
1900690 115.2
1900700 115.2
1900710 115.2
1900720 115.2
1900730 115.3
1900740 115.3
1900750 115.4
1900760 115.7
1900770 115.7
1900780 115.9
1900790 116.0
1900800 116.0
1900810 116.1
1900820 116.0
1900830 116.0
1900840 115.9
1900850 115.5
1900860 115.5
1900870 115.5
1900880 115.5
1900890 115.5
1900900 115.6
1900910 115.8
1900920 115.8
1900930 115.8
1900940 115.8
1900950 115.8
1900960 115.9
1900970 116.0
1900980 116.0
1900990 115.8
1901000 115.9
1901010 115.9
1901020 116.0
1901030 116.0
1901040 116.0
1901050 116.0
1901060 116.0
1901070 116.0
1901080 116.0
1901090 116.1
1901100 116.2
1901110 116.2
1901120 116.2
1901130 116.2
1901140 116.2
1901150 115.9
1901160 116.1
1901170 116.1
1901180 116.0
1901190 115.7
1901200 115.7
1901210 115.6
1901220 115.9
1901230 115.9
1901240 116.0
1901250 116.2
1901260 116.2
1901270 116.3
1901280 116.4
1901290 116.4
1901300 116.0
1901310 116.0
1901320 116.0
1901330 116.2
1901340 116.2
1901350 116.2
1901360 116.1
1901370 116.1
1901380 116.1
1901390 116.1
1901400 116.2
1901410 116.2
1901420 116.3
