1900000 116.3
1900010 116.3
1900020 116.3
1900030 116.3
1900040 116.3
1900050 116.3
1900060 116.3
1900070 116.3
1900080 116.2
1900090 116.3
1900100 116.3
1900110 116.3
1900120 116.3
1900130 116.3
1900140 116.3
1900150 116.3
1900160 116.3
1900170 116.3
1900180 116.3
1900190 116.3
1900200 116.4
1900210 116.4
1900220 116.4
1900230 116.3
1900240 116.3
1900250 116.3
1900260 116.4
1900270 116.3
1900280 116.3
1900290 116.2
1900300 116.2
1900310 116.2
1900320 116.0
1900330 115.7
1900340 115.7
1900350 115.3
1900360 115.2
1900370 115.2
1900380 115.3
1900390 115.4
1900400 115.4
1900410 115.7
1900420 115.7
1900430 115.7
1900440 115.9
1900450 116.0
1900460 116.1
1900470 116.1
1900480 116.1
1900490 116.1
1900500 116.1
1900510 116.0
1900520 116.1
1900530 116.1
1900540 116.1
1900550 116.0
1900560 116.0
1900570 116.0
1900580 116.0
1900590 116.0
1900600 115.9
1900610 115.9
1900620 115.9
1900630 116.0
1900640 116.0
1900650 116.0
1900660 115.9
1900670 115.9
1900680 115.9
1900690 115.8
1900700 115.8
1900710 115.8
1900720 115.9
1900730 115.9
1900740 115.9
1900750 115.9
1900760 115.9
1900770 115.9
1900780 116.0
1900790 116.1
1900800 116.1
1900810 116.1
1900820 116.1
1900830 116.1
1900840 116.1
1900850 115.9
1900860 115.9
1900870 115.9
1900880 115.8
1900890 115.8
1900900 115.9
1900910 115.9
1900920 115.9
1900930 115.8
1900940 115.8
1900950 115.8
1900960 115.8
1900970 115.9
1900980 115.9
1900990 116.1
1901000 116.2
1901010 116.2
1901020 116.3
1901030 116.3
1901040 116.3
1901050 116.3
1901060 116.3
1901070 116.4
1901080 116.4
1901090 116.4
1901100 116.5
1901110 116.5
1901120 116.2
1901130 116.2
1901140 116.2
1901150 116.3
1901160 116.3
1901170 116.3
1901180 116.4
1901190 116.3
1901200 116.3
1901210 116.3
1901220 116.4
1901230 116.4
1901240 116.4
1901250 116.4
1901260 116.4
1901270 116.5
1901280 116.5
1901290 116.5
1901300 116.5
1901310 116.5
1901320 116.5
1901330 116.5
1901340 116.7
1901350 116.7
1901360 116.7
1901370 116.7
1901380 116.7
1901390 116.6
