1900000 116.4
1900010 116.4
1900020 116.5
1900030 116.4
1900040 116.4
1900050 116.4
1900060 116.7
1900070 116.7
1900080 116.8
1900090 116.7
1900100 116.7
1900110 116.6
1900120 116.5
1900130 116.5
1900140 116.4
1900150 116.3
1900160 116.3
1900170 116.3
1900180 116.3
1900190 116.3
1900200 116.3
1900210 116.3
1900220 116.3
1900230 116.5
1900240 116.5
1900250 116.5
1900260 116.5
1900270 116.3
1900280 116.3
1900290 116.2
1900300 116.2
1900310 116.2
1900320 116.1
1900330 116.1
1900340 116.1
1900350 116.0
1900360 115.9
1900370 115.9
1900380 115.9
1900390 115.8
1900400 115.8
1900410 115.9
1900420 115.7
1900430 115.9
1900440 116.0
1900450 116.1
1900460 116.1
1900470 116.1
1900480 116.1
1900490 116.1
1900500 115.9
1900510 115.8
1900520 115.8
1900530 115.6
1900540 115.5
1900550 115.5
1900560 115.4
1900570 115.4
1900580 115.4
1900590 115.3
1900600 115.2
1900610 115.3
1900620 115.3
1900630 115.4
1900640 115.3
1900650 115.3
1900660 115.3
1900670 115.2
1900680 115.2
1900690 115.2
1900700 115.2
1900710 115.2
1900720 115.2
1900730 115.3
1900740 115.6
1900750 115.7
1900760 115.7
1900770 115.7
1900780 115.7
1900790 115.9
1900800 115.9
1900810 116.0
1900820 116.0
1900830 116.0
1900840 116.0
1900850 116.0
1900860 116.0
1900870 115.9
1900880 115.9
1900890 115.9
1900900 116.0
1900910 116.1
1900920 116.1
1900930 116.1
1900940 116.1
1900950 116.1
1900960 116.1
1900970 115.8
1900980 115.8
1900990 115.7
1901000 115.6
1901010 115.6
1901020 115.6
1901030 115.6
1901040 115.6
1901050 116.5
1901060 116.5
1901070 116.5
1901080 116.5
1901090 116.5
1901100 116.5
1901110 116.4
1901120 116.4
1901130 116.4
1901140 116.3
1901150 116.1
1901160 116.1
1901170 115.9
1901180 116.0
1901190 116.0
1901200 116.0
1901210 116.0
1901220 116.0
1901230 116.0
1901240 116.0
1901250 116.1
1901260 116.1
1901270 116.2
1901280 116.0
1901290 116.0
1901300 115.8
1901310 115.8
1901320 115.8
1901330 115.8
1901340 115.7
1901350 115.7
1901360 116.2
1901370 116.2
1901380 116.2
1901390 116.2
1901400 116.3
1901410 116.3
1901420 116.4
