1900000 117.0
1900010 117.0
1900020 117.0
1900030 117.1
1900040 117.1
1900050 117.1
1900060 117.0
1900070 117.2
1900080 117.2
1900090 117.2
1900100 117.1
1900110 117.1
1900120 117.1
1900130 117.2
1900140 117.2
1900150 117.2
1900160 117.0
1900170 117.0
1900180 117.0
1900190 116.9
1900200 116.9
1900210 116.9
1900220 116.9
1900230 116.9
1900240 117.0
1900250 117.0
1900260 117.0
1900270 117.1
1900280 117.0
1900290 117.0
1900300 117.0
1900310 117.0
1900320 117.0
1900330 117.0
1900340 117.0
1900350 117.1
1900360 117.1
1900370 117.0
1900380 117.0
1900390 117.0
1900400 117.0
1900410 117.0
1900420 117.0
1900430 117.0
1900440 117.0
1900450 117.0
1900850 116.1
1900860 116.1
1900870 116.1
1900880 116.5
1900890 116.2
1900900 116.0
1900910 116.0
1900920 116.1
1900930 116.3
1900940 116.3
1900950 116.5
