1900000 116.9
1900010 116.9
1900020 116.8
1900030 116.8
1900040 116.8
1900050 116.8
1900060 116.8
1900070 116.8
1900080 116.7
1900090 116.7
1900100 116.7
1900110 116.8
1900120 116.7
1900130 116.7
1900140 116.6
1900150 116.7
1900160 116.7
1900170 116.9
1900180 117.0
1900190 117.0
1900200 117.1
1900210 117.2
1900220 117.2
1900230 117.3
1900240 117.3
1900250 117.3
1900260 117.4
1900270 117.5
1900280 117.5
1900290 117.5
1900300 117.5
1900310 117.5
1900320 117.4
1900330 117.3
1900340 117.3
1900350 117.4
1900360 117.3
1900370 117.3
1900380 117.2
1900390 117.2
1900400 117.3
1900410 117.3
1900420 117.3
1900430 117.3
1900440 117.3
1900450 117.3
1900460 117.2
1900470 117.2
1900480 117.2
1900490 117.2
1900500 117.2
1900510 117.2
1900520 117.2
1900530 117.2
1900540 117.0
1900550 116.9
1900560 116.9
1900570 116.8
1900580 116.6
1900590 116.6
1900600 116.4
1900610 116.3
1900620 116.3
1900630 116.3
1900640 116.2
1900650 116.2
1900660 116.1
1900670 115.9
1900680 115.9
1900690 115.8
1900700 115.8
1900710 115.8
1900720 115.8
1900730 116.1
1900740 116.1
1900750 116.2
1900760 116.4
1900770 116.4
1900780 116.5
1900790 116.5
1900800 116.5
1900810 116.5
1900820 116.5
1900830 116.5
1900840 116.5
1900850 116.6
1900860 116.6
1900870 116.6
1900880 116.6
1900890 116.6
1900900 116.6
1900910 116.8
1900920 116.8
1900930 117.0
1900940 117.1
1900950 117.1
1900960 116.9
1900970 117.1
1900980 117.1
1900990 117.2
1901000 117.3
1901010 117.3
1901020 117.3
1901030 117.4
1901040 117.5
1901050 117.5
1901060 117.6
1901070 117.5
1901080 117.5
1901090 117.5
1901100 117.6
1901110 117.6
1901120 117.3
1901130 117.3
1901140 117.3
1901150 117.4
1901160 117.2
1901170 117.2
1901180 117.2
1901190 117.5
1901200 117.5
