1900000 116.9
1900010 116.9
1900020 116.8
1900030 116.8
1900040 116.8
1900050 116.9
1900060 116.9
1900070 116.8
1900080 116.9
1900090 116.9
1900100 116.9
1900110 116.7
1900120 116.7
1900130 116.6
1900140 116.8
1900150 116.8
1900160 116.8
1900170 116.8
1900180 116.8
1900190 116.8
1900200 116.8
1900210 116.8
1900220 116.9
1900230 117.0
1900240 117.0
1900250 117.0
1900260 117.2
1900270 117.2
1900280 117.2
1900290 117.2
1900300 117.2
1900310 117.2
1900320 117.3
1900330 117.3
1900340 117.3
1900350 117.3
1900360 117.3
1900370 117.4
1900380 117.4
1900390 117.3
1900400 117.3
1900920 116.8
1901080 117.1
1901090 117.1
1901100 117.1
1901110 117.0
1901120 117.0
1901130 117.0
1901140 117.0
1901150 117.1
1901160 117.1
1901170 117.3
