1900000 117.0
1900010 117.0
1900020 117.0
1900030 117.0
1900040 117.0
1900050 117.0
1900060 117.0
1900070 117.1
1900080 117.1
1900090 117.1
1900100 117.0
1900110 117.0
1900120 116.9
1900130 116.9
1900140 117.0
1900150 117.0
1900160 116.9
1900170 116.8
1900180 116.8
1900190 116.8
1900200 116.8
1900210 116.8
1900220 116.9
1900230 117.0
1900240 117.0
1900250 117.0
1900260 117.1
1900270 117.1
1900280 117.1
1900290 117.1
1900300 117.1
1900310 117.2
1900320 117.1
1900330 117.1
1900340 117.2
1900350 117.3
1900360 117.3
1900370 117.3
1900380 117.2
1900390 117.2
1900400 117.2
1900410 117.3
1900420 117.3
1900900 116.2
1900910 116.2
1900920 116.3
1900930 116.5
1900940 116.5
