1900000 117.3
1900010 117.2
1900020 117.2
1900030 117.2
1900040 117.2
1900050 117.1
1900060 117.1
1900070 117.0
1900080 117.1
1900090 117.1
1900100 117.1
1900110 117.1
1900120 117.1
1900130 117.2
1900140 117.2
1900150 117.2
1900160 117.1
1900170 117.0
1900180 117.0
1900190 117.1
1900200 117.1
1900210 117.1
1900220 117.1
1900230 117.0
1900240 117.0
1900250 116.9
1900260 116.9
1900270 116.9
1900280 116.9
1900290 117.0
1900300 117.0
1900310 116.9
1900320 116.9
1900330 116.9
1900340 117.0
1900350 116.9
1900360 116.9
1900370 116.9
1900380 116.8
1900390 116.8
1900400 116.9
1900410 117.0
1900420 117.0
1900430 117.0
1900440 117.0
1900450 116.9
1900460 116.9
1900470 116.8
1900480 116.8
1900490 116.8
1900500 116.7
1900510 116.8
1900520 116.8
1900530 116.9
1900540 116.9
1900550 116.9
1900560 116.9
1900570 117.0
1900580 117.0
1900590 117.0
1900600 117.0
1900610 117.0
1900620 117.0
1900630 117.0
1900640 117.0
1900650 117.0
1900660 116.9
1900670 116.9
1900680 116.9
1900690 116.9
1900700 116.9
1900710 116.9
1900720 116.9
1900730 116.9
1900740 116.8
1900750 116.7
1900760 116.7
1900770 116.8
1900780 116.8
1900790 116.8
1900800 116.9
1900810 117.1
1900820 117.1
1900830 116.9
1900840 116.9
1900850 116.9
1900860 116.8
1900870 116.9
1900880 116.9
1900890 116.9
1900900 116.9
1900910 116.9
1900920 116.8
1900930 116.8
1900940 116.8
1900950 116.8
1900960 116.9
1900970 116.9
1900980 116.9
1900990 116.9
1901000 116.9
1901010 116.8
1901020 116.8
1901030 116.7
1901040 116.7
1901050 116.7
1901060 116.8
1901070 116.8
1901080 116.8
1901090 116.4
1901100 116.4
