1900000 117.0
1900010 116.9
1900020 116.9
1900030 116.9
1900040 116.8
1900050 116.8
1900060 116.8
1900070 116.8
1900080 116.8
1900090 116.8
1900100 116.8
1900110 116.8
1900120 116.9
1900130 117.0
1900140 117.0
1900150 116.9
1900160 117.0
1900170 117.0
1900180 117.1
1900190 117.3
1900200 117.3
1900210 117.4
1900220 117.4
1900230 117.4
1900240 117.4
1900250 117.4
1900260 117.4
1900270 117.4
1900280 117.4
1900290 117.4
1900300 117.4
1900310 117.4
1900320 117.4
1900330 117.3
1900340 117.2
1900350 117.2
1900360 117.2
1900370 117.2
1900380 117.2
1900390 117.1
1900400 117.0
1900410 117.0
1900420 116.9
1900430 116.8
1900440 116.8
1900450 116.8
1900460 116.8
1900470 116.8
1900480 116.8
1900490 116.6
1900500 116.6
1900510 116.6
1900520 116.5
1900530 116.5
1900540 116.5
1900550 116.4
1900560 116.3
1900570 116.3
1900580 116.1
1900590 116.0
1900600 116.0
1900610 116.1
1900620 116.1
1900630 116.1
1900640 115.9
1900650 115.7
1900660 115.7
1900670 115.8
1900680 116.0
1900690 116.0
1900700 116.0
1900710 116.2
1900720 116.2
1900730 116.5
1900740 116.6
1900750 116.6
1900760 116.6
1900770 116.6
1900780 116.6
1900790 116.6
1900800 116.6
1900810 116.6
1900820 116.6
1900830 116.5
1900840 116.5
1900850 116.5
1900860 116.5
1900870 116.5
1900880 116.6
1900890 116.7
1900900 116.7
1900910 116.7
1900920 116.8
1900930 116.8
1900940 116.7
1900950 117.3
1900960 117.3
1900970 117.3
1900980 117.4
1900990 117.4
1901000 117.5
1901010 117.4
1901020 117.4
1901030 117.3
1901040 117.4
1901050 117.4
1901060 117.4
1901070 117.4
1901080 117.4
1901090 117.4
1901100 117.4
1901110 117.6
1901120 117.6
1901130 117.5
1901140 117.2
1901150 117.2
1901160 117.3
1901170 117.3
1901180 117.3
1901190 117.3
1901200 117.3
1901210 117.3
1901220 117.6
