1900000 116.7
1900010 116.7
1900020 116.7
1900030 116.7
1900040 116.7
1900050 116.7
1900060 116.7
1900070 116.7
1900080 116.7
1900090 116.6
1900100 116.6
1900110 116.6
1900120 116.7
1900130 116.7
1900140 116.7
1900150 116.8
1900160 116.8
1900170 116.8
1900180 116.8
1900190 116.8
1900200 116.7
1900210 116.7
1900220 116.7
1900230 117.1
1900240 117.1
1900250 117.1
1900260 117.1
1900270 117.0
1900280 117.0
1900290 117.0
1900300 117.0
1900310 117.0
1900320 116.9
1900330 116.9
1900340 116.9
1900350 116.9
1900360 116.8
1900370 116.8
1900380 116.8
1900390 116.6
1900400 116.5
1900410 116.5
1900420 116.4
1900430 116.2
1900440 116.2
1900450 116.1
1900460 116.1
1900470 116.1
1900480 116.2
1900490 116.3
1900500 116.3
1900510 116.2
1900520 116.2
1900530 116.2
1900540 116.2
1900550 116.1
1900560 116.1
1900570 116.1
1900580 115.9
1900590 115.9
1900600 115.8
1900610 115.7
1900620 115.7
1900630 115.9
1900640 116.0
1900650 116.0
1900660 116.2
1900670 116.2
1900680 116.2
1900690 116.3
1900700 116.3
1900710 116.3
1900720 116.4
1900730 116.4
1900740 116.4
1900750 116.5
1900760 116.4
1900770 116.4
1900780 116.4
1900790 116.4
1900800 116.4
1900810 116.4
1900820 116.3
1900830 116.3
1900840 116.3
1900850 116.4
1900860 116.4
1900870 116.4
1900880 116.4
1900890 116.4
1900900 116.4
1900910 116.4
1900920 116.4
1900930 116.4
1900940 116.5
1900950 116.5
1900960 116.6
1900970 116.6
1900980 116.5
1900990 116.5
1901000 116.8
1901010 117.0
1901020 117.0
1901030 117.0
1901040 117.0
1901050 117.0
1901060 116.9
1901070 116.8
1901080 116.8
1901090 116.8
1901100 116.9
1901110 116.9
1901120 117.0
1901130 117.0
1901140 117.0
1901150 117.0
1901160 117.0
1901170 117.0
1901180 117.0
1901190 117.0
1901200 117.0
1901210 117.0
1901220 117.0
1901230 117.0
1901240 116.8
1901250 116.8
1901260 116.8
