1900000 117.0
1900010 117.1
1900020 117.1
1900030 117.1
1900040 117.0
1900050 117.0
1900060 117.1
1900070 117.2
1900080 117.2
1900090 117.2
1900100 117.0
1900110 117.0
1900120 117.2
1900130 117.2
1900140 117.2
1900150 117.2
1900160 117.1
1900170 117.1
1900180 117.1
1900190 117.0
1900200 117.0
1900210 116.9
1900220 116.9
1900230 116.9
1900240 117.0
1900250 117.0
1900260 117.0
1900270 117.1
1900280 117.0
1900290 117.0
1900300 117.1
1900310 116.9
1900320 116.9
1900330 117.0
1900340 117.0
1900350 117.0
1900360 116.9
1900370 116.9
1900380 116.9
1900390 116.9
1900400 117.0
1900410 117.0
1900420 117.0
1900430 116.9
1900440 117.0
1900450 117.0
1900460 117.1
1900470 117.1
1900480 117.1
1900590 116.8
1900600 116.8
1900610 116.8
1900620 116.8
1900630 116.8
1900640 116.8
1900650 116.7
1900660 116.7
1900670 116.5
1900680 116.4
1900690 116.4
1900700 116.4
1900710 116.4
1900720 116.4
1900830 116.3
1900840 116.3
1900850 116.2
1900860 116.3
1900870 116.3
1900880 116.7
1900890 116.2
1900900 116.2
1900910 116.1
1900920 116.1
1900930 116.1
1900940 116.2
1900950 116.1
1900960 116.1
