1900000 117.1
1900010 117.1
1900020 117.3
1900030 117.3
1900040 117.3
1900050 117.4
1900060 117.4
1900070 117.4
1900080 117.5
1900090 117.4
1900100 117.4
1900110 117.4
1900120 117.6
1900130 117.5
1900140 117.5
1900150 117.4
1900160 117.3
1900170 117.5
1900180 117.4
1900190 117.3
1900200 117.3
1900210 117.1
1900220 117.1
1900230 117.1
1900240 117.0
1900250 117.0
1900260 117.0
1900270 117.0
1900280 117.0
1900290 117.0
1900300 116.9
1900310 116.9
1900320 116.9
1900330 117.0
1900340 116.9
1900350 116.9
1900360 116.8
1900370 116.9
1900380 116.9
1900390 116.9
1900400 116.9
1900410 116.9
1900420 116.8
1900430 116.8
1900440 116.8
1900450 116.9
1900460 117.0
1900470 117.0
1900480 116.8
1900490 116.8
1900500 116.8
1900510 116.8
1900520 116.7
1900530 116.7
1900540 116.7
1900550 116.8
1900560 116.8
1900570 116.8
1900580 116.8
1900590 116.8
1900600 116.8
1900610 116.8
1900620 116.8
1900630 116.8
1900640 116.7
1900650 116.7
1900660 116.6
1900670 116.6
1900680 116.6
1900690 116.5
1900700 116.5
1900710 116.6
1900720 116.6
1900730 116.7
1900740 116.8
1900750 116.8
1900760 116.9
1900770 116.7
1900780 116.8
1900790 116.6
1900800 116.5
1900810 116.5
1900820 116.5
1900830 116.6
1900840 116.6
1900850 116.8
1900860 116.7
1900870 116.7
1900880 116.4
1900890 116.3
1900900 116.3
1900910 116.4
1900920 116.7
1900930 116.7
1900940 116.6
1900950 116.2
1900960 116.2
1900970 116.0
1900980 116.0
1900990 116.0
