1900000 117.0
1900010 117.0
1900020 116.9
1900030 116.9
1900040 116.9
1900050 117.0
1900060 117.0
1900070 116.9
1900080 116.8
1900090 116.8
1900100 116.8
1900110 116.8
1900120 116.6
1900130 116.6
1900140 116.6
1900150 116.7
1900160 116.7
1900170 116.8
1900180 116.8
1900190 116.8
1900200 116.9
1900210 117.0
1900220 117.0
1900230 117.0
1900240 117.1
1900250 117.1
1900260 117.2
1900270 117.3
1900280 117.3
1900290 117.3
1900300 117.3
1900310 117.3
1900320 117.3
1900330 117.4
1900340 117.4
1900350 117.3
1900360 117.3
1900370 117.3
1900380 117.3
1900390 117.3
1900400 117.3
1900410 117.3
1900420 117.3
1900430 117.3
1900440 117.3
1900700 115.9
1900710 115.9
1900720 115.9
1900730 116.1
1900740 116.1
1900750 116.2
1900760 116.4
1900770 116.4
1900780 116.5
1900790 116.6
1900800 116.6
1900810 116.6
1900820 116.6
1900830 116.6
1900840 116.6
1900850 116.7
1900860 116.7
1900870 116.6
1900880 116.6
1900890 116.6
1900900 116.8
1900910 117.1
1900920 117.1
1900930 117.0
1900940 116.9
1900950 116.9
1900960 116.9
1900970 117.0
1900980 117.0
1900990 117.0
1901000 117.1
1901010 117.1
1901020 117.1
1901030 117.1
1901040 117.1
1901050 117.2
1901060 117.3
1901070 117.3
1901080 117.4
1901090 117.4
1901100 117.4
1901110 117.4
1901120 117.1
1901130 117.1
1901140 117.2
1901150 117.1
1901160 117.1
1901170 117.1
1901180 117.3
1901190 117.3
