1900000 117.5
1900010 117.6
1900020 117.6
1900030 117.6
1900040 117.6
1900050 117.6
1900060 117.6
1900070 117.5
1900080 117.5
1900090 117.5
1900100 117.5
1900110 117.5
1900120 117.5
1900130 117.5
1900140 117.5
1900150 117.5
1900160 117.6
1900170 117.6
1900180 117.6
1900190 117.6
1900200 117.6
1900210 117.7
1900220 117.7
1900230 117.7
1900240 117.8
1900250 117.9
1900260 117.9
1900270 117.9
1900280 117.9
1900290 117.9
1900300 117.9
1900310 117.9
1900320 117.9
1900330 117.8
1900340 117.9
1900350 117.9
1900360 118.0
1900370 118.0
1900380 118.0
1900390 118.0
1900400 118.0
1900410 118.0
1900420 118.0
1900430 118.0
1900440 118.0
1900450 117.9
1900460 117.7
1900470 117.7
1900480 117.6
1900490 117.6
1900500 117.6
1900510 117.6
1900520 117.6
1900530 117.7
1900540 117.7
1900550 117.8
1900560 118.0
1900570 118.0
1900580 118.3
1900590 118.3
1900600 118.3
1900610 118.2
1900620 118.1
1900630 118.1
1900640 118.1
1900650 118.2
1900660 118.2
1900670 118.3
1900680 118.4
1900690 118.4
1900700 118.4
1900710 118.4
1900720 118.4
1900730 118.3
1900740 118.2
1900750 118.2
1900760 118.2
1900770 118.4
1900780 118.4
1900790 118.6
1900800 118.7
1900810 118.7
1900820 118.7
1900830 118.3
1900840 118.3
1900850 118.2
1900860 118.1
1900870 118.1
1900880 118.4
1900890 118.5
1900900 118.5
1900910 118.5
