1900000 117.2
1900010 117.2
1900020 117.2
1900030 117.2
1900040 117.2
1900050 117.1
1900060 117.1
1900070 117.1
1900080 117.1
1900090 117.2
1900100 117.2
1900110 117.2
1900120 117.2
1900130 117.2
1900140 117.2
1900150 117.3
1900160 117.3
1900170 117.3
1900180 117.4
1900190 117.4
1900200 117.4
1900210 117.4
1900220 117.5
1900230 117.5
1900240 117.6
1900250 117.7
1900260 117.7
1900270 118.0
1900280 118.2
1900290 118.2
1900300 118.0
1900310 117.9
1900320 117.9
1900330 117.9
1900340 117.8
1900350 117.8
1900360 117.9
1900370 117.8
1900380 117.8
1900390 117.6
1900400 117.6
1900410 117.6
1900420 117.6
1900430 117.6
1900440 117.6
1900450 117.5
1900460 117.6
1900470 117.6
1900480 117.6
1900490 117.6
1900500 117.6
1900510 117.6
1900520 117.6
1900530 117.6
1900540 117.7
1900550 117.7
1900560 117.7
1900570 117.7
1900580 117.7
1900590 117.7
1900600 117.8
1900610 117.8
1900620 117.8
1900630 117.8
1900640 117.8
1900650 117.8
1900660 117.8
1900670 118.1
1900680 118.1
1900690 118.2
1900700 118.0
1900710 118.0
1900720 117.9
1900730 117.8
1900740 117.8
1900750 117.8
1900760 117.1
1900770 117.1
1900780 116.7
1900790 116.8
1900800 116.8
1900810 117.3
1900850 115.6
1900860 115.6
1900870 115.6
1900880 115.5
1900890 116.0
1900900 116.0
1900910 118.3
1900920 118.7
1900930 118.7
1900940 118.7
1900950 118.5
1900960 118.5
1900970 117.5
1900980 117.2
1900990 117.2
1901000 117.2
