1900000 117.2
1900010 117.1
1900020 117.1
1900030 117.1
1900040 117.2
1900050 117.2
1900060 117.3
1900070 117.2
1900080 117.2
1900090 117.2
1900100 117.2
1900110 117.2
1900120 117.3
1900130 117.4
1900140 117.4
1900150 117.7
1900160 117.9
1900170 117.9
1900180 118.0
1900190 118.2
1900200 118.2
1900210 118.2
1900220 118.1
1900230 118.1
1900240 117.8
1900250 117.6
1900260 117.6
1900270 117.6
1900280 117.5
1900290 117.5
1900300 117.5
1900310 117.5
1900320 117.5
1900330 117.5
1900340 117.6
1900350 117.6
1900360 117.5
1900370 117.5
1900380 117.5
1900390 117.5
1900400 117.3
1900410 117.3
1900420 117.4
1900430 117.5
1900440 117.5
1900450 117.6
1900460 117.6
1900470 117.6
1900480 117.6
1900490 117.8
1900500 117.8
1900510 117.7
1900520 117.7
1900530 117.7
1900540 117.7
1900550 117.7
1900560 117.7
1900570 117.6
1900580 117.6
1900590 117.7
1900600 117.7
1900610 117.7
1900620 117.7
1900630 117.7
1900640 117.7
1900650 117.7
1900660 117.7
1900670 117.6
1900680 117.8
1900690 117.8
1900700 117.6
1900710 117.6
1900720 117.6
1900730 117.7
1900740 117.7
1900750 117.7
1900760 117.8
1900770 116.8
1900780 116.8
1900790 116.0
1900800 115.7
1900810 115.7
1900820 115.8
1900830 115.6
1900840 115.6
1900850 115.5
1900860 115.4
1900870 115.4
1900880 115.4
1900890 115.5
1900900 115.5
1900910 116.2
1900920 118.2
1900930 118.2
1900940 118.3
1900950 118.5
1900960 118.5
1900970 118.2
1900980 117.4
1900990 117.4
1901000 117.2
1901010 117.0
1901020 117.0
