1900000 117.3
1900010 117.3
1900020 117.2
1900030 117.2
1900040 117.2
1900050 117.2
1900060 117.3
1900070 117.3
1900080 117.3
1900090 117.2
1900100 117.2
1900110 117.2
1900120 117.2
1900130 117.2
1900140 117.2
1900150 117.3
1900160 117.3
1900170 117.2
1900180 117.3
1900190 117.3
1900200 117.3
1900210 117.3
1900220 117.3
1900230 117.3
1900240 117.3
1900250 117.3
1900260 117.3
1900270 117.4
1900280 117.4
1900290 117.5
1900300 117.5
1900310 117.5
1900320 117.5
1900330 117.6
1900340 117.6
1900350 117.6
1900360 117.8
1900370 117.8
1900380 118.1
1900390 118.2
1900400 118.2
1900410 118.2
1900420 118.2
1900430 118.2
1900440 118.2
1900450 118.5
1900460 118.5
1900470 118.5
1900480 118.5
1900490 118.4
1900500 118.4
1900510 118.4
1900520 118.4
1900530 118.4
1900540 118.3
1900550 118.3
1900560 118.3
1900570 118.3
1900580 118.4
1900590 118.4
1900600 118.3
1900670 118.7
1900680 118.7
1900690 118.6
1900700 118.5
1900710 118.5
1900720 118.4
1900730 118.3
1900740 118.3
1900750 117.6
1900880 115.7
1900890 115.7
1900900 116.9
1900910 118.9
1900920 119.0
1900930 118.9
1900940 119.0
1900950 119.0
1900960 117.9
1900970 117.4
1900980 117.4
1900990 117.2
