1900000 117.6
1900010 117.6
1900020 117.6
1900030 117.6
1900040 117.6
1900050 117.5
1900060 117.5
1900070 117.5
1900080 117.4
1900090 117.4
1900100 117.4
1900110 117.4
1900120 117.5
1900130 117.5
1900140 117.5
1900150 117.5
1900160 117.5
1900170 117.5
1900180 117.6
1900190 117.6
1900200 117.6
1900210 117.7
1900220 117.7
1900230 117.6
1900240 117.6
1900250 117.6
1900260 117.6
1900270 117.6
1900280 117.6
1900290 117.6
1900300 117.6
1900310 117.6
1900320 117.6
1900330 117.7
1900340 117.7
1900350 117.7
1900360 117.7
1900370 117.7
1900380 117.7
1900390 117.6
1900400 117.6
1900410 117.6
1900420 117.6
1900430 117.6
1900440 117.6
1900450 117.5
1900460 117.5
1900470 117.5
1900480 117.6
1900490 117.6
1900500 117.7
1900510 117.6
1900520 117.6
1900530 117.6
1900540 117.6
1900550 117.6
1900560 117.6
1900570 117.7
1900580 117.8
1900590 117.8
1900600 117.9
1900610 118.0
1900620 118.0
1900630 118.1
1900640 118.1
1900650 118.1
1900660 118.1
1900670 118.2
1900680 118.2
1900690 118.2
1900700 118.2
1900710 118.2
1900720 118.2
1900730 118.2
1900740 118.2
1900750 118.3
1900760 118.4
1900770 118.4
1900780 118.4
1900790 118.6
1900800 118.6
1900810 118.7
1900820 118.7
1900830 118.7
1900840 118.4
1900850 118.2
1900860 118.2
1900870 118.2
