1900000 117.9
1900010 117.8
1900020 117.8
1900030 117.6
1900040 117.5
1900050 117.5
1900060 117.3
1900070 117.2
1900080 117.2
1900090 117.2
1900100 117.3
1900110 117.3
1900120 117.3
1900130 117.3
1900140 117.2
1900150 117.2
1900160 117.3
1900170 117.3
1900180 117.3
1900190 117.3
1900200 117.4
1900210 117.4
1900220 117.4
1900230 117.4
1900240 117.4
1900250 117.4
1900260 117.4
1900270 117.4
1900280 117.4
1900290 117.3
1900300 117.3
1900310 117.4
1900320 117.4
1900330 117.4
1900340 117.4
1900350 117.5
1900360 117.5
1900370 116.7
1900380 117.2
1900390 117.2
1900400 117.7
1900410 117.3
1900420 117.3
1900430 117.3
1900440 117.4
1900450 117.4
1900460 117.6
1900470 117.5
1900480 117.5
1900490 117.4
1900500 117.5
1900510 117.5
1900520 117.6
1900530 117.5
1900540 117.5
1900550 117.4
1900560 117.4
1900570 117.4
1900580 117.4
1900590 117.3
1900600 117.3
1900610 117.3
1900620 117.3
1900630 117.3
1900640 117.3
1900650 117.3
1900660 117.3
1900670 117.2
1900680 117.2
1900690 117.2
1900700 117.2
1900710 117.5
1900720 117.4
1900730 117.4
1900740 117.3
1900750 117.3
1900760 117.3
1900770 117.4
1900780 117.5
1900790 117.5
1900800 117.5
1900810 117.5
1900820 117.5
1900830 117.5
1900840 117.4
1900850 117.4
1900860 117.5
1900870 117.5
1900880 117.5
1900890 117.5
1900900 117.5
1900910 117.5
1900920 117.4
1900930 117.4
1900940 117.4
1900950 117.4
1900960 117.4
1900970 117.4
1900980 117.6
1900990 117.7
1901000 117.7
1901010 117.4
1901020 117.1
1901030 117.1
