1900000 117.6
1900010 117.6
1900020 117.6
1900030 117.6
1900040 117.6
1900050 117.5
1900060 117.5
1900070 117.5
1900080 117.5
1900090 117.5
1900100 117.6
1900110 117.6
1900120 117.6
1900130 117.7
1900140 117.7
1900150 117.7
1900160 117.6
1900170 117.6
1900180 117.6
1900190 117.5
1900200 117.5
1900210 117.5
1900220 117.4
1900230 117.4
1900240 117.4
1900250 117.5
1900260 117.4
1900270 117.4
1900280 117.4
1900290 117.4
1900300 117.4
1900310 117.5
1900320 117.5
1900330 117.5
1900340 117.5
1900350 117.4
1900360 117.4
1900370 117.3
1900380 117.2
1900390 117.2
1900400 117.2
1900410 117.2
1900420 117.2
1900430 117.0
1900440 116.7
1900450 116.7
1900460 116.7
1900470 116.6
1900480 116.5
1900490 116.5
1900500 116.5
1900510 116.6
1900520 116.6
1900530 116.7
1900540 116.9
1900550 116.9
1900560 116.9
1900570 117.2
1900580 117.2
1900590 117.4
1900600 117.6
1900610 117.6
1900620 117.7
1900630 117.8
1900640 117.8
1900650 117.8
1900660 117.8
1900670 117.8
1900680 117.8
1900690 117.9
1900700 117.9
1900710 117.9
1900720 117.9
1900730 117.9
1900740 117.9
1900750 117.9
1900760 117.9
1900770 118.0
1900780 118.3
1900790 118.3
1900800 118.3
1900810 118.3
1900820 118.3
