1900000 117.3
1900010 117.3
1900020 117.3
1900030 117.2
1900040 117.6
1900050 117.6
1900060 117.9
1900070 118.0
1900080 118.0
1900090 118.2
1900100 118.1
1900110 118.1
1900120 118.2
1900130 118.2
1900140 118.2
1900150 117.9
1900160 117.6
1900170 117.6
1900180 117.5
1900190 117.5
1900200 117.5
1900210 117.4
1900220 117.3
1900230 117.3
1900240 117.3
1900250 117.3
1900260 117.3
1900270 117.3
1900280 117.3
1900290 117.3
1900300 117.4
1900310 117.5
1900320 117.5
1900330 117.5
1900340 117.6
1900350 117.6
1900360 117.6
1900370 117.4
1900380 117.4
1900390 117.5
1900400 117.8
1900410 117.3
1900420 117.3
1900430 117.4
1900440 117.6
1900450 117.6
1900460 117.6
1900470 117.6
1900480 117.6
1900490 117.7
1900500 117.8
1900510 117.8
1900520 117.6
1900530 117.6
1900540 117.6
1900550 117.6
1900560 117.6
1900570 117.6
1900580 117.5
1900590 117.5
1900600 117.5
1900610 117.6
1900620 117.6
1900630 117.6
1900640 117.6
1900650 117.5
1900660 117.5
1900670 117.4
1900680 117.5
1900690 117.5
1900700 117.6
1900710 117.5
1900720 117.6
1900730 117.6
1900740 117.6
1900750 117.6
1900760 117.6
1900770 116.5
1900780 116.5
1900790 115.5
1900800 115.6
1900810 115.6
1900820 115.7
1900830 115.5
1900840 115.5
1900850 115.5
1900860 115.5
1900870 115.5
1900880 115.8
1900890 116.2
1900900 116.2
1900910 117.6
1900920 118.0
1900930 118.0
1900940 118.0
1900950 118.0
1900960 118.0
1900970 118.1
1900980 117.9
1900990 117.9
1901000 117.4
1901010 117.3
