1900000 117.2
1900010 117.2
1900020 117.2
1900030 117.2
1900040 117.2
1900050 117.2
1900060 117.2
1900070 117.2
1900080 117.3
1900090 117.3
1900100 117.3
1900110 117.2
1900120 117.2
1900130 117.2
1900140 117.2
1900150 117.2
1900160 117.2
1900170 117.2
1900180 117.2
1900190 117.2
1900200 117.2
1900210 117.2
1900220 117.2
1900230 117.2
1900240 117.2
1900250 117.2
1900260 117.3
1900270 117.4
1900280 117.4
1900290 117.4
1900300 117.4
1900310 117.4
1900320 117.4
1900330 117.5
1900340 117.5
1900350 117.5
1900360 117.6
1900370 117.6
1900380 117.4
1900390 116.6
1900400 116.6
1900410 117.0
1900420 117.3
1900430 117.3
1900440 117.8
1900450 118.3
1900460 118.3
1900470 118.4
1900480 118.3
1900490 118.3
1900500 118.1
1900510 118.2
1900520 118.2
1900530 118.2
1900540 118.1
1900550 118.1
1900560 118.2
1900720 118.8
1900730 118.6
1900740 118.6
1900750 117.9
1900900 119.1
1900910 119.1
1900920 119.1
1900930 119.1
1900940 119.1
1900950 119.1
1900960 118.3
1900970 117.9
1900980 117.9
1900990 117.8
