1900000 117.3
1900010 117.3
1900020 117.3
1900030 117.3
1900040 117.4
1900050 117.4
1900060 117.4
1900070 117.4
1900080 117.4
1900090 117.4
1900100 117.4
1900110 117.3
1900120 117.3
1900130 117.3
1900140 117.3
1900150 117.3
1900160 117.2
1900170 117.2
1900180 117.2
1900190 117.1
1900200 117.1
1900210 117.1
1900220 117.2
1900230 117.3
1900240 117.3
1900250 117.4
1900260 117.4
1900270 117.4
1900280 117.5
1900290 117.6
1900300 117.6
1900310 117.6
1900320 117.6
1900330 117.6
1900340 117.5
1900350 117.5
1900360 117.5
1900370 117.5
1900380 117.5
1900390 117.6
1900400 117.6
1900410 117.6
1900420 117.5
1900430 117.5
1900440 117.4
1900450 117.4
1900460 117.4
1900470 117.5
1900480 117.3
1900490 117.3
1900500 116.9
1900510 116.9
1900520 116.9
1900530 116.9
1900540 117.0
1900550 117.0
1900960 118.7
