1900000 116.9
1900010 117.0
1900020 117.0
1900030 117.0
1900040 117.0
1900050 117.0
1900060 117.0
1900070 117.0
1900080 117.0
1900090 117.0
1900100 117.1
1900110 117.1
1900120 117.0
1900130 117.0
1900140 117.0
1900150 117.0
1900160 117.1
1900170 117.1
1900180 117.0
1900190 117.0
1900200 117.0
1900210 117.1
1900220 117.1
1900230 117.1
1900240 117.1
1900250 117.0
1900260 117.0
1900270 116.9
1900280 116.9
1900290 117.1
1900300 117.1
1900310 117.1
1900320 117.2
1900330 117.2
1900340 117.1
1900350 116.9
1900360 116.9
1900370 116.8
1900380 116.8
1900390 116.8
1900400 116.8
1900410 116.8
1900420 116.8
