1900000 116.9
1900010 116.9
1900020 117.0
1900030 117.0
1900040 117.0
1900050 117.0
1900060 117.1
1900070 117.1
1900080 117.0
1900090 117.0
1900100 117.0
1900110 117.1
1900120 117.2
1900130 117.2
1900140 117.2
1900150 117.2
1900160 117.2
1900170 117.3
1900180 117.5
1900190 117.5
1900200 117.5
1900210 117.6
1900220 117.6
1900230 117.6
1900240 117.6
1900250 117.6
1900260 117.6
1900270 117.6
1900280 117.6
1900290 117.7
1900300 117.6
1900310 117.6
1900320 117.7
1900330 117.7
1900340 117.7
1900350 117.7
1900360 117.8
1900370 117.8
1900380 117.8
1900390 117.8
1900400 117.8
