1900000 117.7
1900010 117.7
1900020 117.7
1900030 117.7
1900040 117.8
1900050 117.8
1900060 117.8
1900070 117.9
1900080 117.9
1900090 117.9
1900100 118.0
1900110 118.0
1900120 118.0
1900130 117.9
1900140 117.9
1900150 117.9
1900160 117.9
1900170 118.0
1900180 118.0
1900190 118.1
1900200 118.1
1900210 118.1
1900220 118.1
1900230 118.0
1900240 118.0
1900250 117.9
1900260 118.0
1900270 118.0
1900280 118.0
1900290 118.0
1900300 118.0
1900310 118.0
1900320 118.0
1900330 118.0
1900340 118.0
1900350 118.0
1900360 118.0
