1900000 117.4
1900010 117.5
1900020 117.6
1900030 117.6
1900040 117.6
1900050 117.6
1900060 117.6
1900070 117.5
1900080 117.5
1900090 117.5
1900100 117.5
1900110 117.7
1900120 117.7
1900130 117.9
1900140 117.9
1900150 117.9
1900160 117.8
1900170 117.7
1900180 117.7
1900190 117.6
1900200 117.6
1900210 117.6
1900220 117.6
1900230 117.7
1900240 117.7
1900250 117.7
1900260 117.7
1900270 117.7
1900280 117.6
1900290 117.5
1900300 117.5
1900310 117.4
1900320 117.3
1900330 117.3
1900340 117.0
1900350 116.8
1900360 116.8
1900370 116.7
1900380 116.7
1900390 116.7
1900400 116.7
1900410 116.8
1900420 116.8
1900430 116.8
1900440 116.8
1900450 116.8
1900460 116.7
1900470 116.5
1900480 116.5
1900490 116.4
1900500 116.3
1900510 116.3
1900520 116.3
1900530 116.3
1900540 116.3
