1900000 116.8
1900010 116.8
1900020 116.8
1900030 116.8
1900040 116.9
1900050 116.9
1900060 116.9
1900070 116.9
1900080 116.9
1900090 116.9
1900100 116.9
1900110 116.9
1900120 117.0
1900130 117.0
1900140 117.0
1900150 117.0
1900160 117.0
1900170 117.0
1900180 117.0
1900190 117.0
1900200 117.0
1900210 117.1
1900220 117.1
1900230 117.1
1900240 117.1
1900250 117.1
1900260 117.1
1900270 117.1
1900280 117.0
1900290 117.0
1900300 116.9
1900310 117.0
1900320 117.0
1900330 117.0
1900340 117.1
1900350 117.1
1900360 117.1
1900370 117.0
1900380 117.0
1900390 116.9
1900400 116.9
1900410 116.9
1900420 116.9
