1900000 118.4
1900010 118.4
1900020 118.4
1900030 118.5
1900040 118.5
1900050 118.5
1900060 118.4
1900070 118.4
1900080 118.4
1900090 118.3
1900100 118.3
1900110 118.3
1900120 118.3
1900130 118.5
1900140 118.5
1900150 118.7
1900160 119.0
1900170 119.0
1900180 118.9
1900190 118.7
1900200 118.7
1900210 118.7
1900220 118.7
1900230 118.7
1900240 118.6
1900250 118.6
1900260 118.6
1900270 118.5
1900280 118.5
1900290 118.5
1900300 118.5
1900310 118.5
1900320 118.5
1900330 118.5
1900340 118.7
1900350 119.1
1900360 119.1
1900370 119.1
