1900000 118.8
1900010 118.8
1900020 118.9
1900030 118.9
1900040 118.8
1900050 118.8
1900060 118.8
1900070 118.8
1900080 118.8
1900090 118.8
1900100 118.8
1900110 118.8
1900120 118.8
1900130 118.8
1900140 118.8
1900150 118.8
1900160 118.9
1900170 118.8
1900180 118.8
1900190 118.8
1900200 118.8
1900210 118.8
1900220 118.8
1900230 118.8
1900240 118.9
1900250 118.9
1900260 118.9
1900270 118.9
1900280 118.9
1900290 118.9
1900300 118.9
1900310 118.9
1900320 118.8
1900330 118.6
1900340 118.6
1900350 118.4
1900360 118.3
1900370 118.3
1900380 118.4
1900390 118.6
1900400 118.6
1900410 118.9
1900420 118.9
1900430 118.9
1900440 118.9
1900450 118.9
1900460 118.9
1900470 118.7
1900480 118.6
1900490 118.6
1900500 118.5
1900510 118.6
1900520 118.6
1900530 118.8
1900540 118.9
1900550 118.8
1900560 118.9
1900570 119.0
1900580 119.0
1900590 119.1
1900600 119.1
1900610 119.1
1900620 119.2
1900630 119.2
1900640 119.2
1900650 119.3
1900660 119.4
1900670 119.4
1900680 119.3
1900690 119.3
1900700 119.3
1900710 119.2
1900720 119.2
1900730 119.2
1900740 119.0
1900750 118.9
1900760 118.9
1900770 119.0
1900780 119.1
1900790 119.1
1900800 119.1
1900810 119.0
1900820 119.0
1900830 119.0
1900840 119.0
1900850 119.0
1900860 119.1
1900870 119.1
1900880 119.1
1900890 119.1
1900900 119.2
1900910 119.2
1900920 119.2
1900930 119.2
1900940 119.2
1900950 119.2
1900960 119.2
1900970 119.2
1900980 119.2
1900990 119.2
1901000 119.2
1901010 119.2
1901020 119.2
1901030 119.1
1901040 119.1
1901050 119.2
1901060 119.2
1901070 119.2
1901080 119.2
1901090 119.1
1901100 119.1
1901150 118.1
1901160 118.1
1901200 118.2
1901210 118.6
1901220 118.6
1901230 118.6
1901240 118.8
1901250 118.8
1901260 119.0
1901270 119.1
1901280 119.1
1901290 119.3
1901380 119.4
1901390 119.4
1901400 119.4
1901410 119.5
1901420 119.5
1901430 119.5
1901440 119.5
1901450 119.6
1901460 119.6
1901470 119.6
1901480 119.5
1901490 119.5
1901500 119.5
1901510 119.5
1901520 119.5
1901530 119.5
1901540 119.4
1901550 119.3
1901560 119.3
1901570 119.3
1901580 119.3
1901590 119.3
