1900000 118.7
1900010 118.7
1900020 118.8
1900030 118.8
1900040 118.8
1900050 118.7
1900060 118.9
1900070 118.9
1900080 118.9
1900090 119.0
1900100 119.0
1900110 119.0
1900120 118.8
1900130 118.8
1900140 118.8
1900150 118.7
1900160 118.7
1900170 118.6
1900180 118.8
1900190 118.8
1900200 118.9
1900210 118.9
1900220 118.9
1900230 118.3
1900240 118.2
1900250 118.2
1900260 118.6
1900270 118.7
1900280 118.7
1900290 118.7
1900300 118.6
1900310 118.6
1900320 118.6
1900330 118.6
1900340 118.6
1900350 118.5
1900360 118.4
1900370 118.4
1900380 118.3
1900390 118.5
1900400 118.5
1900410 118.8
1900420 118.6
1900430 118.6
1900440 118.7
1900450 118.8
1900460 118.8
1900470 118.9
1900480 119.0
1900490 119.0
1900500 119.2
1900510 118.7
1900520 118.7
1900530 118.5
1900540 118.5
1900550 118.5
1900560 118.6
