1900000 119.0
1900010 119.0
1900020 118.9
1900030 119.0
1900040 119.0
1900050 119.0
1900060 118.9
1900070 118.9
1900080 118.9
1900090 118.9
1900100 118.9
1900110 118.9
1900120 118.9
1900130 118.9
1900140 118.9
1900150 118.8
1900160 118.9
1900170 118.9
1900180 118.9
1900190 118.8
1900200 118.8
1900210 118.8
1900220 118.8
1900230 118.8
1900240 118.8
1900250 118.9
1900260 118.9
1900270 118.8
1900280 118.8
1900290 118.8
1900300 118.8
1900310 118.8
1900320 118.8
1900330 118.8
1900340 118.8
1900350 118.8
1900360 118.7
1900370 118.8
1900380 118.8
1900390 118.9
1900400 118.9
1900410 118.9
1900420 118.9
1900430 118.9
1900440 118.9
1900450 118.9
1900460 118.9
1900470 118.9
1900480 118.9
1900490 118.9
1900500 118.8
1900510 118.8
1900520 118.9
1900530 119.2
1900540 119.2
1900550 119.3
1900560 119.3
1900570 119.3
1900580 119.0
1900590 119.1
1900600 119.1
1900610 119.0
1900620 119.0
1900630 119.0
1900640 119.0
1900650 119.1
1900660 119.1
1900670 119.1
1900680 119.2
1900690 119.2
1900700 119.1
1900710 119.1
1900720 119.1
1900730 119.2
1900740 119.2
1900750 119.2
1900760 119.2
1900770 119.1
1900780 119.1
1900790 119.1
1900800 119.1
1900810 119.1
1900820 119.1
1900830 119.2
1900840 119.2
1900850 119.2
1900860 119.3
1900870 119.3
1900880 119.2
1900890 119.2
1900900 119.2
1900910 119.2
1900920 119.2
1900930 119.2
1900940 119.2
1900950 119.2
1900960 119.2
1901660 119.4
1901670 119.4
1901680 119.4
1901690 119.4
1901700 119.4
1901710 119.5
1901720 119.6
1901730 119.6
1901740 119.6
1901750 119.6
1901760 119.6
