1900000 118.9
1900010 118.8
1900020 118.8
1900030 118.8
1900040 118.8
1900050 118.8
1900060 118.8
1900070 118.7
1900080 118.6
1900090 118.6
1900100 118.5
1900110 118.9
1900120 118.9
1900130 119.0
1900140 118.9
1900150 118.9
1900160 118.8
1900170 118.9
1900180 118.7
1900190 118.7
1900200 118.3
1900210 117.8
1900220 117.8
1900230 116.9
1900240 117.0
1900250 117.0
1900260 117.3
1900270 118.1
1900280 118.1
1900290 118.7
1900300 119.1
1900310 119.1
1900320 118.7
1900330 118.7
1900340 118.7
1900350 118.8
1900360 118.8
1900370 118.8
1900380 118.9
1900390 118.7
1900400 118.7
1900410 118.6
1900420 118.6
1900430 118.6
1900440 118.8
1900450 118.9
1900460 118.9
1900470 119.0
1900480 118.8
1900490 118.8
1900500 118.5
1900510 118.4
1900520 118.4
1900530 118.5
1900540 118.5
1900550 118.5
1900560 118.5
1900570 118.5
1900580 118.5
1900590 118.5
1900610 118.5
