1900000 117.2
1900010 116.6
1900020 116.6
1900030 116.7
1900040 117.4
1900050 117.4
1900060 118.3
1900070 118.8
1900080 118.8
1900090 118.8
1900100 118.8
1900110 118.8
1900120 118.8
1900130 119.0
1900140 119.1
1900150 119.1
1900160 119.0
1900170 119.0
1900180 119.0
1900190 118.9
1900200 118.9
1900210 118.9
1900220 117.8
1900230 116.5
1900240 116.5
1900250 116.4
1900260 118.5
1900270 118.5
1900280 119.4
1900290 118.9
1900300 118.7
1900310 118.7
1900320 118.9
1900330 118.9
1900340 119.1
1900350 119.1
1900360 119.1
1900370 119.0
1900380 119.0
1900390 119.0
1900400 119.0
1900410 118.9
1900420 118.9
1900430 118.8
1900440 118.8
1900450 118.8
1900460 118.6
1900470 118.5
1900480 118.5
1900490 118.4
1900500 118.4
1900510 118.4
1900520 118.4
1900530 118.4
1900540 118.4
1900550 118.5
1900560 118.5
1900570 118.5
1900580 118.5
1900590 118.5
1900600 118.5
1900610 118.5
1900620 118.5
1900630 118.5
1900640 118.4
1900650 118.5
1900660 118.5
1900670 118.5
1900680 118.6
1900690 118.6
1900700 118.6
