1900000 119.0
1900010 119.0
1900020 119.0
1900030 119.0
1900040 119.0
1900050 119.0
1900060 119.0
1900070 119.0
1900080 119.1
1900090 119.1
1900100 119.3
1900110 119.3
1900120 119.3
1900130 119.1
1900140 119.0
1900150 119.0
1900160 118.9
1900170 118.8
1900180 118.8
1900190 118.7
1900200 118.7
1900210 118.7
1900220 118.6
1900230 118.7
1900240 118.7
1900250 118.7
1900260 118.7
1900270 118.8
1900280 118.8
1900290 118.8
1900300 118.8
1900310 118.9
1900320 119.0
1900330 119.0
1900340 119.1
1900350 119.1
1900360 119.1
1900370 119.0
1900380 118.9
1900390 118.9
1900400 118.9
1900410 118.9
1900420 118.9
1900430 118.9
1900440 118.9
1900450 118.9
1900460 118.9
1900470 118.9
1900480 119.0
1900490 119.0
1900500 119.0
1900510 118.9
1900520 118.9
1900530 119.0
1900540 118.9
1900550 118.9
1900560 118.9
1900570 118.8
1900580 118.9
1900590 118.8
1900600 118.8
1900610 118.8
1900620 118.8
1900630 118.8
1900640 118.8
1900650 118.8
1900660 118.8
1900670 118.8
1900680 118.7
1900690 118.7
1900700 118.7
1900710 118.8
1900720 118.8
1900730 118.8
1900740 118.9
1900750 118.9
1900760 118.9
1900770 118.9
1900780 118.9
1900790 118.9
1900800 119.0
1900810 119.0
1900820 119.0
1900830 118.9
1900840 118.8
1900850 118.8
1900860 118.7
1900870 118.8
1900880 118.8
1900890 119.1
1900900 119.1
1900910 119.1
1900920 119.0
1900930 119.0
1900940 119.0
1900950 118.9
1900960 118.7
1900970 118.7
1900980 118.7
1900990 118.7
1901000 118.7
