1900000 118.8
1900010 118.8
1900020 118.8
1900030 118.8
1900040 118.8
1900050 118.8
1900060 118.8
1900070 118.9
1900080 118.9
1900090 118.9
1900100 118.9
1900110 118.9
1900120 118.9
1900130 118.8
1900140 118.8
1900150 118.8
1900160 118.8
1900170 118.8
1900180 118.8
1900190 118.8
1900200 118.9
1900210 118.9
1900220 118.9
1900230 118.9
1900240 118.9
1900250 118.9
1900260 119.0
1900270 119.0
1900280 118.9
1900290 118.9
1900300 118.9
1900310 118.8
1900320 118.8
1900330 118.8
1900340 118.7
1900350 118.7
1900360 118.7
1900370 118.6
1900380 118.5
1900390 118.5
1900400 118.5
1900410 118.5
1900420 118.5
1900430 118.6
1900440 118.8
1900450 118.8
1900460 119.0
1900470 119.0
1900480 118.8
1900490 118.8
1900500 118.8
1900510 118.7
1900520 118.7
1900530 118.6
1900540 118.6
1900550 118.6
1900560 118.6
1900570 118.7
1900580 118.7
1900590 118.9
1900600 119.0
1900610 119.0
1900620 119.2
1900630 119.4
1900640 119.4
1900650 119.3
1900660 119.2
1900670 119.2
1900680 119.2
1900690 119.1
1900700 119.1
1900710 119.0
1900720 119.0
1900730 119.0
1900740 119.1
1900750 119.1
1900760 119.1
1900770 119.1
1900780 119.1
1900790 119.1
1900800 119.1
1900810 119.2
1900820 119.2
1900830 119.1
1900840 119.1
1900850 119.1
1900860 119.1
1900870 119.1
1900880 119.1
1900890 119.1
1900900 119.2
1900910 119.2
1900920 119.3
1900930 119.3
1900940 119.3
1900950 119.3
1900960 119.3
1900970 119.3
1900980 119.2
1900990 119.2
1901000 119.2
1901010 119.2
1901530 119.4
1901540 119.3
1901550 119.3
1901560 119.4
1901570 119.4
1901580 119.4
1901590 119.5
1901600 119.5
1901610 119.5
1901620 119.4
1901630 119.3
1901640 119.3
1901650 119.2
1901660 119.3
1901670 119.3
