1900000 119.0
1900010 119.1
1900020 119.1
1900030 119.2
1900040 119.2
1900050 119.2
1900060 119.1
1900070 119.1
1900080 119.1
1900090 119.0
1900100 118.9
1900110 119.0
1900120 119.0
1900130 119.2
1900140 119.3
1900150 119.3
1900160 119.2
1900170 118.9
1900180 118.9
1900190 118.8
1900200 118.7
1900210 118.7
1900220 118.7
1900230 118.7
1900240 118.7
1900250 118.8
1900260 118.9
1900270 118.9
1900280 118.9
1900290 119.0
1900300 119.0
1900310 119.0
1900320 119.0
1900330 119.0
1900340 119.0
1900350 118.9
1900360 118.9
1900370 118.9
1900380 118.9
1900390 118.9
1900400 118.9
1900410 118.9
1900420 118.9
1900430 118.9
1900440 119.0
1900450 119.0
1900460 119.1
1900470 119.0
1900480 119.0
1900490 119.0
1900500 119.1
1900510 119.1
1900520 119.1
1900530 119.1
1900540 119.1
1900550 119.1
1900560 119.0
1900570 119.0
1900580 119.0
1900590 118.9
1900600 118.9
1900610 118.8
1900620 118.8
1900630 118.8
1900640 118.8
1900650 118.8
1900660 118.8
1900670 118.8
1900680 118.9
1900690 118.9
1900700 118.9
1900710 118.8
1900720 118.8
1900730 118.8
1900740 118.8
1900750 118.9
1900760 118.9
1900770 119.0
1900780 119.0
1900790 119.0
1900800 118.9
1900810 118.8
1900820 118.8
1900830 118.8
1900840 118.9
1900850 118.9
1900860 119.0
1900870 119.0
1900880 119.0
1900890 118.9
1900900 119.0
1900910 119.0
1900920 118.9
1900930 118.9
1900940 118.9
1900950 118.8
1900960 118.8
1900970 118.8
1900980 118.8
1900990 118.8
1901000 118.8
1901010 118.6
1901020 118.6
1901030 118.6
1901040 118.6
1901050 118.5
1901060 118.5
