1900000 119.0
1900010 119.0
1900020 119.0
1900030 119.0
1900040 119.1
1900050 119.1
1900060 119.1
1900070 119.1
1900080 119.1
1900090 119.1
1900100 119.1
1900110 119.1
1900120 119.0
1900130 118.9
1900140 118.9
1900150 118.8
1900160 118.7
1900170 118.7
1900180 118.9
1900190 119.1
1900200 119.1
1900210 119.2
1900220 119.0
1900230 119.0
1900240 119.1
1900250 119.1
1900260 119.1
1900270 119.1
1900280 119.0
1900290 119.0
1900300 119.0
1900310 119.0
1900320 119.0
1900330 119.0
1900340 118.9
1900350 118.9
1900360 118.9
1900370 118.8
1900380 118.8
1900390 118.8
1900400 118.8
1900410 118.9
1900420 118.9
1900430 118.8
1900440 118.9
1900450 118.9
1900460 119.0
1900470 119.1
1900480 119.1
1900490 119.1
1900500 119.1
1900510 119.1
1900520 119.2
1900530 119.1
1900540 119.1
1900550 119.1
1900560 119.0
1900570 119.1
1900580 119.0
1900590 118.9
1900600 118.9
1900610 118.9
1900620 118.9
1900630 118.9
1900640 119.0
1900650 119.0
1900660 119.0
1900670 119.0
1900680 118.9
1900690 118.9
1900700 118.9
1900710 118.9
1900720 118.9
1900730 118.9
1900740 118.9
1900750 118.9
1900760 118.8
1900770 118.7
1900780 118.7
1900790 118.8
1900800 119.0
1900810 119.0
1900820 119.2
1900830 119.3
1900840 119.3
1900850 119.1
1900860 119.1
1900870 119.1
1900880 119.0
1900890 119.0
1900900 119.0
1900910 118.9
1900920 118.9
1900930 118.9
1900940 118.9
1900950 118.8
1900960 118.8
1900970 118.8
1900980 118.8
1900990 118.8
1901000 118.9
1901010 118.8
1901020 118.8
1901030 118.7
1901040 118.6
1901050 118.4
1901060 118.4
1901070 118.4
1901080 118.4
1901090 118.4
1901100 118.4
1901110 118.1
1901120 118.1
1901130 118.0
1901140 117.9
1901150 117.9
1901160 117.8
1901170 117.8
1901180 117.8
1901190 117.8
1901200 117.7
1901210 117.7
1901220 117.8
1901230 118.1
1901240 118.1
