1900000 119.1
1900010 119.0
1900020 119.0
1900030 119.0
1900040 119.0
1900050 119.0
1900060 119.0
1900070 118.9
1900080 118.9
1900090 118.9
1900100 118.9
1900110 118.9
1900120 118.9
1900130 118.9
1900140 118.9
1900150 118.9
1900160 118.8
1900170 118.8
1900180 118.7
1900190 118.6
1900200 118.6
1900210 118.7
1900220 118.8
1900230 118.8
1900240 119.1
1900250 119.2
1900260 119.2
1900270 119.1
1900280 119.1
1900290 119.1
1900300 119.1
1900310 119.0
1900320 119.0
1900330 118.9
1900340 118.8
1900350 118.8
1900360 118.8
1900370 118.8
1900380 118.8
1900390 118.8
1900400 118.8
1900410 118.8
1900420 118.8
1900430 118.9
1900440 118.9
1900450 118.9
1900460 119.0
1900470 119.0
1900480 119.0
1900490 119.1
1900500 119.1
1900510 119.1
1900520 119.1
1900530 119.1
1900540 119.1
1900550 119.1
1900560 119.1
1900570 119.0
1900580 119.1
1900590 119.1
1900600 119.0
1900610 119.0
1900620 119.0
1900630 119.0
1900640 119.0
1900650 119.0
1900660 119.0
1900670 119.0
1900680 119.0
1900690 119.0
1900700 119.0
1900710 118.9
1900720 118.9
1900730 118.8
1900740 118.8
1900750 118.8
1900760 118.9
1900770 119.1
1900780 119.1
1900790 119.1
1900800 119.0
1900810 119.0
1900820 119.1
1900830 119.1
1900840 119.1
1900850 119.1
1900860 119.0
1900870 119.0
1900880 119.0
1900890 119.1
1900900 119.1
1900910 119.1
1900920 119.0
1900930 119.0
1900940 118.9
1900950 118.9
1900960 118.9
1900970 118.9
1900980 118.9
1900990 118.9
1901000 118.8
1901010 118.6
1901020 118.6
1901030 118.7
1901040 118.7
1901050 118.7
1901060 118.7
1901070 118.6
1901080 118.6
1901090 118.5
1901100 118.4
1901110 118.4
1901120 118.3
1901130 118.1
1901140 118.1
1901150 117.9
1901160 117.9
1901170 117.9
1901180 117.8
1901190 117.8
1901200 117.8
1901210 117.8
1901220 117.9
1901230 117.9
1901240 118.3
1901250 118.7
1901260 118.7
1901270 118.8
1901280 119.1
1901290 119.3
1901300 119.3
1901310 119.4
1901320 119.4
1901330 119.4
1901340 119.3
