1900000 118.8
1900010 118.8
1900020 118.8
1900030 118.8
1900040 118.7
1900050 118.7
1900060 118.7
1900070 118.8
1900080 118.9
1900090 118.9
1900100 118.9
1900110 119.0
1900120 119.0
1900130 119.0
1900140 118.9
1900150 118.9
1900160 118.9
1900170 118.9
1900180 118.9
1900190 117.6
1900200 116.2
1900210 116.2
1900220 116.1
1900230 116.2
1900240 116.2
1900250 116.2
1900260 116.2
1900270 116.2
1900280 117.0
1900290 118.4
1900300 116.9
1900310 118.6
1900320 118.3
1900330 118.3
1900340 118.7
1900350 118.8
1900360 118.7
1900370 118.7
1900380 118.7
1900390 118.8
1900400 118.8
1900410 118.9
1900420 119.0
1900430 119.0
1900440 118.9
1900450 118.7
1900460 118.7
1900470 118.7
1900480 118.5
1900490 118.5
1900500 118.5
1900510 118.5
1900520 118.5
1900530 118.4
1900540 118.4
1900550 118.4
1900560 118.4
1900570 118.5
1900580 118.5
1900590 118.5
1900600 118.6
1900610 118.6
1900620 118.6
1900630 118.5
1900640 118.5
