1900000 118.6
1900010 118.6
1900020 118.5
1900030 118.4
1900040 118.4
1900050 118.4
1900060 118.4
1900070 118.4
1900080 118.6
1900090 118.7
1900100 118.7
1900110 119.0
1900120 118.8
1900130 118.8
1900140 118.7
1900150 118.8
1900160 118.9
1900170 118.9
1900180 119.1
1900190 119.1
1900200 119.1
1900210 119.0
1900220 118.9
1900230 118.9
1900240 118.8
1900250 118.8
1900260 118.8
1900270 118.7
1900280 118.6
1900290 118.6
1900300 118.5
1900310 118.5
1900320 118.5
1900330 118.5
1900340 118.5
1900350 118.5
1900360 118.6
1900370 118.6
1900380 118.6
1900390 118.8
1900400 118.7
1900410 118.7
1900420 118.7
1900430 118.7
1900440 118.7
1900450 118.7
1900460 118.7
1900470 118.7
