1900000 118.8
1900010 118.8
1900020 118.8
1900030 118.8
1900040 118.8
1900050 118.8
1900060 118.8
1900070 118.8
1900080 118.8
1900090 119.0
1900100 118.9
1900110 118.9
1900120 118.9
1900130 118.9
1900140 118.9
1900150 118.8
1900160 118.8
1900170 118.8
1900180 118.8
1900190 118.8
1900200 118.8
1900210 118.7
1900220 118.7
1900230 118.7
1900240 118.6
1900250 118.6
1900260 118.6
1900270 118.7
1900280 118.9
1900290 118.9
1900300 119.0
1900310 118.9
1900320 118.9
1900330 118.9
1900340 119.0
1900350 119.0
1900360 119.0
1900370 119.0
1900380 119.0
1900390 119.0
1900400 119.0
1900410 119.0
1900420 119.1
1900430 119.0
1900440 119.0
1900450 119.0
1900460 119.0
1900470 119.0
1900480 118.9
1900490 118.9
1900500 118.9
1900510 118.8
1900520 118.7
1900530 118.7
1900540 118.7
1900550 118.6
1900560 118.6
1900570 118.5
1900580 118.5
1900590 118.5
1900600 118.5
1900610 118.4
1900620 118.4
1900630 118.5
1900640 118.5
1900650 118.5
1900660 118.5
1900670 118.5
1900680 118.5
1900690 118.6
1900700 118.7
1900710 118.7
1900720 118.7
1900730 118.7
1900740 118.7
1900750 118.7
1900760 118.7
1900770 118.8
1900780 118.8
1900790 118.8
1900800 118.8
1900810 118.8
