1900000 119.1
1900010 119.1
1900020 119.0
1900030 119.0
1900040 119.2
1900050 119.1
1900060 119.1
1900070 119.2
1900080 118.9
1900090 118.9
1900100 118.8
1900110 118.9
1900120 118.9
1900130 118.8
1900140 118.7
1900150 118.7
1900160 118.7
1900170 118.6
1900180 118.7
1900190 118.7
1900200 118.7
1900210 118.8
1900220 118.8
1900230 118.9
1900240 119.0
1900250 119.0
1900260 118.9
1900270 118.9
1900280 118.9
1900290 118.9
1900300 118.8
1900310 118.8
1900320 118.8
1900330 118.9
1900340 118.9
1900350 118.9
1900360 119.0
1900370 119.0
1900380 119.0
1900390 118.9
1900400 118.9
1900410 118.9
1900420 118.9
1900430 118.9
1900440 118.9
1900450 119.0
1900460 119.0
1900470 119.0
1900480 119.0
1900490 119.0
1900500 118.9
1900510 118.8
1900520 118.8
1900530 118.8
1900540 118.8
1900550 118.8
1900560 118.7
1900570 118.7
1900580 118.7
1900590 118.8
1900600 118.8
1900610 118.8
1900620 118.9
1900630 118.9
1900640 118.9
1900650 118.8
1900660 118.7
1900670 118.7
1900680 118.7
1900690 118.7
1900700 118.7
1900710 118.7
1900720 118.8
1900730 118.8
1900740 118.8
1900750 118.9
1900760 118.9
1900770 119.0
1900780 119.1
1900790 119.1
1900800 119.0
1900810 119.0
1900820 119.0
1900830 119.0
1900840 119.0
1900850 118.9
1900860 118.9
1900870 118.9
1900880 118.8
1900890 118.8
1900900 118.8
1900910 118.9
1900920 118.9
1900930 119.1
