1900000 119.0
1900010 119.0
1900020 119.0
1900030 118.9
1900040 118.9
1900050 118.9
1900060 118.9
1900070 118.9
1900080 118.9
1900090 118.9
1900100 118.9
1900110 118.8
1900120 118.8
1900130 118.8
1900140 118.8
1900150 118.8
1900160 118.8
1900170 118.8
1900180 118.8
1900190 118.8
1900200 118.9
1900210 118.8
1900220 118.8
1900230 118.7
1900240 118.7
1900250 118.7
1900260 118.7
1900270 118.7
1900280 118.7
1900290 118.9
1900300 119.1
1900310 119.1
1900320 119.2
1900330 119.1
1900340 119.0
1900350 119.0
1900360 119.0
1900370 119.0
1900380 119.0
1900390 118.9
1900400 118.8
1900410 118.8
1900420 118.8
1900430 118.9
1900440 118.9
1900450 118.9
1900460 118.9
1900470 118.9
1900480 118.8
1900490 118.9
1900500 118.9
1900510 119.0
1900520 119.0
1900530 119.0
1900540 119.0
1900550 119.2
1900560 119.2
1900570 119.2
1900580 119.3
1900590 119.3
1900600 119.2
1900610 119.2
1900620 119.2
1900630 119.2
1900640 119.1
1900650 119.1
1900660 119.1
1900670 118.9
1900680 118.9
1900690 118.8
1900700 118.8
1900710 118.8
1900720 118.9
1900730 119.1
1900740 119.1
1900750 119.1
1900760 119.0
1900770 119.0
1900780 119.1
1900790 119.1
1900800 119.1
1900810 119.1
1900820 118.9
1900830 118.9
1900840 118.9
1900850 119.0
1900860 119.0
1900870 119.0
1900880 119.0
1900890 119.0
1900900 119.0
1900910 119.0
1900920 119.0
1900930 119.0
1900940 119.0
1900950 119.0
1900960 119.0
1900970 119.0
1900980 119.0
1900990 119.0
1901000 119.0
1901010 118.9
1901020 118.9
1901030 118.8
1901040 118.7
1901050 118.7
1901060 118.7
1901070 118.7
1901080 118.7
1901090 118.7
1901100 118.6
1901110 118.6
1901120 118.5
1901130 118.2
1901140 118.2
1901150 118.0
1901160 117.9
1901170 117.9
1901180 117.8
1901190 117.7
1901200 117.7
1901210 117.8
1901220 118.2
1901230 118.2
1901240 118.5
1901250 118.7
1901260 118.7
1901270 119.0
1901280 119.3
1901290 119.3
1901300 119.4
1901310 119.4
1901320 119.4
1901330 119.3
1901340 119.3
1901350 119.3
1901360 119.3
1901370 119.3
1901380 119.3
1901390 119.3
1901400 119.4
1901410 119.4
1901420 119.4
1901430 119.4
1901440 119.4
