1900000 119.0
1900010 119.0
1900020 119.0
1900030 118.9
1900040 118.8
1900050 118.8
1900060 118.9
1900070 118.9
1900080 118.9
1900090 118.9
1900100 119.0
1900110 119.0
1900120 119.0
1900130 119.0
1900140 119.0
1900150 118.9
1900160 118.9
1900170 118.9
1900180 118.8
1900190 118.8
1900200 118.8
1900210 118.8
1900220 118.9
1900230 118.9
1900240 118.9
1900250 118.9
1900260 118.9
1900270 118.8
1900280 118.8
1900290 118.8
1900300 118.8
1900310 118.7
1900320 118.7
1900330 118.7
1900340 118.8
1900350 118.8
1900360 118.8
1900370 118.9
1900380 118.9
1900390 118.9
1900400 118.9
1900410 118.9
1900420 118.9
1900430 119.0
1900440 119.0
1900450 118.9
1900460 118.9
1900470 118.9
1900480 119.0
1900490 119.1
1900500 119.1
1900510 119.2
1900520 119.4
1900530 119.4
1900540 119.3
1900550 119.3
1900560 119.3
1900570 119.2
1900580 119.1
1900590 119.1
1900600 119.0
1900610 119.1
1900620 119.1
1900630 119.1
1900640 119.3
1900650 119.3
1900660 119.3
1900670 119.3
1900680 119.3
1900690 119.3
1900700 119.4
1900710 119.4
1900720 119.4
1900730 119.3
1900740 119.3
1900750 119.3
1900760 119.3
1900770 119.2
1900780 119.2
1900790 119.2
1900800 119.2
1900810 119.2
1900820 119.2
1900830 119.2
1900840 119.2
1900850 119.1
1900860 119.1
1900870 119.1
1900880 119.1
1900890 119.2
1900900 119.2
1900910 119.2
1900920 119.1
1900930 119.1
1900940 119.1
1900950 119.0
1900960 119.0
1900970 119.0
1900980 119.1
1900990 119.1
1901000 119.1
1901010 119.1
1901020 119.1
1901050 119.1
1901060 119.2
1901070 119.2
1901080 119.2
1901090 119.3
1901100 119.3
1901110 119.3
1901120 119.3
1901130 119.3
1901140 119.3
1901700 119.5
1901710 119.5
1901720 119.5
1901730 119.6
1901740 119.7
1901750 119.7
1901760 119.8
