1900000 118.8
1900010 118.7
1900020 118.7
1900030 118.7
1900040 118.7
1900050 118.7
1900060 118.8
1900070 118.9
1900080 118.9
1900090 119.0
1900100 118.9
1900110 118.9
1900120 118.9
1900130 119.0
1900140 119.0
1900150 118.9
1900160 118.8
1900170 118.8
1900180 118.7
1900190 118.6
1900200 118.6
1900210 118.6
1900220 118.6
1900230 118.6
1900240 118.7
1900250 119.0
1900260 119.0
1900270 119.0
1900280 119.0
1900290 119.0
1900300 119.0
1900310 119.1
1900320 119.1
1900330 119.2
1900340 119.4
1900350 119.4
1900360 119.2
1900370 119.1
1900380 119.1
1900390 119.0
1900400 119.0
1900410 119.0
1900420 119.0
1900430 118.9
1900440 118.9
1900450 118.8
1900460 118.8
1900470 118.7
1900480 118.7
1900490 118.7
1900500 118.7
1900510 118.7
1900520 118.7
1900530 118.6
1900540 118.6
1900550 118.6
1900560 118.5
1900570 118.5
1900580 118.5
1900590 118.5
1900600 118.4
1900610 118.5
1900620 118.5
1900630 118.5
1900640 118.4
1900650 118.5
1900660 118.5
1900670 118.5
1900680 118.5
1900690 118.5
1900700 118.5
1900710 118.6
1900720 118.6
1900730 118.6
1900740 118.7
1900750 118.7
1900760 118.6
