1900000 119.0
1900010 119.0
1900020 119.0
1900030 118.9
1900040 119.0
1900050 119.0
1900060 119.2
1900070 119.3
1900080 119.3
1900090 119.3
1900100 119.3
1900110 119.3
1900120 119.3
1900130 119.2
1900140 119.2
1900150 119.2
1900160 119.2
1900170 119.2
1900180 119.2
1900190 119.2
1900200 119.1
1900210 119.1
1900220 119.1
1900230 119.0
1900240 119.0
1900250 119.0
1900260 119.0
1900270 119.0
1900280 119.0
1900290 118.9
1900300 118.9
1900310 118.9
1900320 118.9
1900330 118.9
1900340 118.8
1900350 118.8
1900360 118.8
1900370 118.8
1900380 118.9
1900390 118.9
1900400 118.9
1900410 118.9
1900420 118.9
1900430 118.9
1900440 118.9
1900450 118.9
1900460 118.9
1900470 118.9
1900480 118.9
1900490 118.9
1900500 119.0
1900510 119.0
1900520 119.1
1900530 119.3
1900540 119.3
1900550 119.4
1900560 119.4
1900570 119.4
1900580 119.4
1900590 119.4
1900600 119.4
1900610 119.4
1900620 119.4
1900630 119.4
1900640 119.3
1900650 119.3
1900660 119.3
1900670 119.2
1900680 119.3
1900690 119.2
1900700 119.3
1900710 119.3
1900720 119.3
1900730 119.3
1900740 119.3
1900750 119.3
1900760 119.3
1900770 119.3
1900780 119.3
1900790 119.3
1900800 119.3
1900810 119.3
1900820 119.3
1900830 119.4
1900840 119.4
1900850 119.4
1900860 119.4
1900870 119.4
1900880 119.4
1900890 119.4
1900900 119.5
1900910 119.5
1900920 119.5
1900930 119.5
1900940 119.5
1900950 119.4
1900960 119.4
1900970 119.4
1900980 119.5
1900990 119.7
1901000 119.7
1901010 119.8
1901020 119.9
1901030 119.9
1901040 119.7
1901050 119.4
1901060 119.4
1901070 119.3
1901080 119.3
1901090 119.3
1901100 119.4
1901110 119.4
1901120 119.4
1901130 119.4
1901140 119.4
1901150 119.4
1901160 119.3
1901170 119.2
1901180 119.2
1901190 119.3
1901200 119.5
1901210 119.5
1901220 119.6
1901230 119.6
1901240 119.6
1901250 119.6
1901260 119.5
1901270 119.5
1901280 119.4
1901290 119.4
1901300 119.4
1901310 119.4
1901320 119.4
1901330 119.4
1901340 119.3
1901350 119.3
1901360 119.3
1901370 119.4
1901380 119.5
1901390 119.5
1901400 119.6
1901410 119.6
1901420 119.6
1901430 119.6
1901440 119.7
1901450 119.7
1901460 119.7
1901470 119.7
1901480 119.7
1901490 119.7
1901500 119.7
1901510 119.7
1901520 119.7
1901530 119.8
1901540 119.8
1901550 119.8
1901560 119.9
1901570 120.0
1901580 120.0
1901590 119.9
1901600 119.9
1901610 119.9
1901620 119.9
1901630 119.9
1901640 119.9
1901650 119.9
1901660 119.9
1901670 119.9
1901680 119.9
1901690 119.9
1901700 119.9
1901710 119.8
1901720 119.7
1901730 119.7
1901740 119.8
1901750 119.9
1901760 119.9
1901770 120.1
1901780 120.3
1901790 120.3
1901800 120.1
1901810 120.1
1901820 120.1
1901830 120.2
1901840 120.2
1901850 120.2
1901860 120.1
1901870 120.0
1901880 120.0
1901890 120.1
1901900 120.3
1901910 120.3
1901920 120.3
1901930 120.2
1901940 120.2
1901950 120.1
1901960 120.1
1901970 120.1
1901980 120.1
1901990 120.0
1902000 120.0
1902010 119.9
1902020 120.0
1902030 120.0
1902040 120.1
1902050 120.1
1902060 120.1
1902070 120.2
1902080 120.3
1902090 120.4
1902100 120.4
1902110 120.5
1902120 120.4
1902130 120.4
1902140 120.2
1902150 120.3
1902160 120.3
