1900000 119.4
1900010 119.4
1900020 119.4
1900030 119.4
1900040 119.4
1900050 119.4
1900060 119.4
1900070 119.4
1900080 119.4
1900090 119.4
1900100 119.4
1900110 119.3
1900120 119.2
1900130 119.1
1900140 119.1
1900150 119.1
1900160 119.2
1900170 119.2
1900180 119.2
1900190 119.1
1900200 119.1
1900210 119.1
1900220 119.1
1900230 119.1
1900240 119.1
1900250 119.1
1900260 119.1
1900270 119.1
1900280 119.1
1900290 119.1
1900300 119.1
1900310 119.1
1900320 119.1
1900330 119.1
1900340 119.1
1900350 119.1
1900360 119.1
1900370 119.1
1900380 119.1
1900390 119.2
1900400 119.2
1900410 119.2
1900420 119.3
1900430 119.3
1900440 119.3
1900450 119.3
1900460 119.4
1900470 119.4
1900480 119.4
1900490 119.4
1900500 119.4
1900510 119.4
1900520 119.4
1900530 119.4
1900540 119.5
1900550 119.5
1900560 119.5
1900570 119.4
1900580 119.4
1900590 119.4
1900600 119.4
1900610 119.5
1900620 119.5
1900630 119.6
1900640 119.5
1900650 119.5
1900660 119.5
1900670 119.4
1900680 119.4
1900690 119.4
1900700 119.4
1900710 119.4
1900720 119.4
1900730 119.5
1900740 119.5
1900750 119.5
1900760 119.5
1900770 119.5
1900780 119.5
1900790 119.5
1900800 119.5
1900810 119.5
1900820 119.5
1900830 119.5
1900840 119.5
1900850 119.5
1900860 119.4
1900870 119.4
1900880 119.4
1900890 119.4
1900900 119.4
1900910 119.5
1900920 119.6
1900930 119.6
1900940 119.7
1900950 119.7
1900960 119.7
1900970 119.5
1900980 119.4
1900990 119.4
1901000 119.4
1901010 119.5
1901020 119.5
1901030 119.5
1901040 119.4
1901050 119.4
1901060 119.4
1901070 119.4
1901080 119.4
1901090 119.4
1901100 119.4
1901110 119.4
1901120 119.4
1901130 119.5
1901140 119.5
1901150 119.5
1901160 119.5
1901170 119.5
1901180 119.4
1901190 119.4
1901200 119.4
1901210 119.5
1901220 119.5
1901230 119.5
1901240 119.5
1901250 119.4
1901260 119.4
1901270 119.3
1901280 119.3
1901290 119.3
1901300 119.4
1901310 119.5
1901320 119.5
1901330 119.6
1901340 119.7
1901350 119.7
1901360 119.7
1901370 119.7
1901380 119.7
1901390 119.7
1901400 119.6
1901410 119.5
1901420 119.5
1901430 119.5
1901440 119.6
1901450 119.6
1901460 119.7
1901470 119.8
1901480 119.8
1901490 119.8
1901500 119.8
1901510 119.8
1901520 119.8
1901530 119.8
1901540 119.8
1901550 119.8
1901560 119.9
1901570 119.9
1901580 119.9
1901590 120.0
1901600 120.0
1901610 120.0
1901620 119.8
1901630 119.8
1901640 119.9
1901650 119.9
1901660 119.9
1901670 120.0
1901680 120.1
1901690 120.1
1901700 120.4
1901710 120.2
1901720 120.2
1901730 120.0
1901740 120.1
1901750 120.1
1901760 120.0
1901770 119.9
1901780 119.9
1901790 119.9
1901800 119.9
1901810 119.9
1901820 119.8
1901830 119.7
1901840 119.7
1901850 119.8
1901860 119.9
1901870 119.9
1901880 120.0
1901890 120.0
1901900 120.0
1901910 120.2
1901920 120.4
1901930 120.4
1901940 120.7
1901950 120.7
1901960 120.7
1901970 120.7
1901980 120.6
1901990 120.6
1902000 120.7
1902010 120.9
1902020 120.9
1902030 121.0
1902040 120.9
1902050 120.9
1902060 120.9
1902070 121.0
1902080 121.0
1902090 121.0
1902100 121.0
1902110 120.9
1902120 120.9
1902130 120.8
1902140 120.9
1902150 120.9
1902160 121.0
1902170 121.0
1902180 121.0
1902190 121.1
