1900000 119.5
1900010 119.5
1900020 119.5
1900030 119.4
1900040 119.4
1900050 119.3
1900060 119.3
1900070 119.3
1900080 119.3
1900090 119.2
1900100 119.2
1900110 119.2
1900120 119.2
1900130 119.2
1900140 119.2
1900150 119.2
1900160 119.3
1900170 119.3
1900180 119.3
1900190 119.3
1900200 119.3
1900210 119.2
1900220 119.1
1900230 119.1
1900240 119.1
1900250 119.1
1900260 119.1
1900270 119.1
1900280 119.4
1900290 119.4
1900300 119.5
1900310 119.5
1900320 119.5
1900330 119.4
1900340 119.4
1900350 119.4
1900360 119.4
1900370 119.5
1900380 119.5
1900390 119.6
1900400 119.6
1900410 119.6
1900420 119.6
1900430 119.5
1900440 119.7
1900450 119.7
1900460 119.6
1900470 119.6
1900480 119.6
1900490 119.5
1900500 119.5
1900510 119.5
1900520 119.5
1900530 119.5
1900540 119.5
1900550 119.4
1900560 119.4
1900570 119.4
1900580 119.4
1900590 119.4
1900600 119.3
1900610 119.2
1900620 119.2
1900630 119.3
1900640 119.4
1900650 119.4
1900660 119.4
1900670 119.6
1900680 119.6
1900690 119.7
1900700 119.0
1900710 118.5
1900720 118.5
1900730 118.2
1900740 119.3
1900750 119.4
1900760 119.6
1900770 119.7
1900780 119.7
1900790 119.7
1900800 119.7
1900810 119.7
1900820 119.8
1900830 119.8
1900840 119.8
1900850 119.9
1900860 120.0
1900870 120.0
1900880 120.1
1900890 120.1
1900900 120.1
1900910 120.1
1900920 120.0
1900930 120.0
1900940 119.9
1900950 119.9
1900960 119.9
1900970 119.8
1900980 119.8
1900990 119.8
1901000 119.7
1901010 119.6
1901020 119.6
1901030 119.5
1901040 119.3
1901050 119.3
1901060 119.1
1901070 119.0
1901080 119.0
1901090 119.0
1901100 119.0
1901110 119.0
1901120 119.0
1901130 119.1
1901140 119.1
1901150 119.1
1901160 119.1
1901170 119.1
1901180 119.1
1901190 119.2
1901200 119.2
1901210 119.1
1901220 119.1
1901230 119.1
1901240 119.1
1901250 119.2
1901260 119.2
1901270 119.2
1901280 119.2
1901290 119.2
1901300 119.2
1901310 119.3
1901320 119.3
1901330 119.5
1901340 119.6
1901350 119.8
1901360 119.8
1901370 120.0
1901380 120.1
1901390 120.1
1901400 120.5
1901410 120.9
1901420 120.9
1901430 121.1
1901440 121.2
1901450 121.2
1901460 121.2
1901470 121.2
1901480 121.2
1901490 121.3
1901500 121.6
1901510 121.6
1901520 121.9
1901530 122.1
1901540 122.1
1901550 122.2
1901560 122.3
1901570 122.3
1901580 122.2
1901590 122.0
1901600 122.0
1901610 122.0
1901620 122.0
1901630 122.0
1901640 121.9
1901650 121.9
1901660 121.9
1901670 121.8
1901680 121.8
1901690 121.8
1901700 121.5
1901710 121.4
1901720 121.4
1901730 121.4
1901740 121.3
1901750 121.3
1901760 121.2
1901770 121.2
1901780 121.2
1901790 121.4
1901800 121.4
1901810 121.4
1901820 121.4
1901830 121.5
1901840 121.5
1901850 121.5
1901860 121.6
1901870 121.6
1901880 121.5
1901890 121.5
1901900 121.5
1901910 121.4
1901920 121.2
1901930 121.2
1901940 121.1
1901950 121.1
1901960 121.1
1901970 121.0
1901980 120.9
1901990 120.9
1902000 120.9
1902010 120.8
1902020 120.7
1902030 120.7
1902040 120.6
1902050 120.5
1902060 120.5
1902070 120.5
1902080 120.5
1902090 120.5
1902100 120.5
1902110 120.4
1902120 120.4
1902130 120.3
1902140 120.3
1902150 120.3
1902160 120.3
1902170 120.3
1902180 120.3
1902190 120.3
1902200 120.3
1902210 120.3
1902220 120.2
1902230 120.2
1902240 120.2
1902250 120.2
