1900000 119.2
1900010 119.1
1900020 119.1
1900030 119.1
1900040 119.1
1900050 119.1
1900060 119.1
1900070 119.1
1900080 119.1
1900090 119.1
1900100 119.1
1900110 119.1
1900120 119.1
1900130 119.1
1900140 119.1
1900150 119.1
1900160 119.1
1900170 119.1
1900180 119.1
1900190 119.2
1900200 119.2
1900210 119.2
1900220 119.2
1900230 119.2
1900240 119.2
1900250 119.1
1900260 119.1
1900270 119.1
1900280 119.1
1900290 119.1
1900300 119.1
1900310 119.1
1900320 119.2
1900330 119.2
1900340 119.2
1900350 119.0
1900360 119.0
1900370 119.0
1900380 119.1
1900390 119.1
1900400 119.0
1900410 119.0
1900420 119.0
1900430 119.0
1900440 119.0
1900450 119.0
1900460 119.2
1900470 119.3
1900480 119.3
1900490 119.2
1900500 119.2
1900510 119.2
1900520 119.3
1900530 119.3
1900540 119.3
1900550 119.3
1900560 119.4
1900570 119.4
1900580 119.3
1900590 119.3
1900600 119.3
1900610 119.3
1900620 119.3
1900630 119.3
1900640 119.3
1900650 119.3
1900660 119.3
1900670 119.3
1900680 119.3
1900690 119.3
1900700 119.3
1900710 119.3
1900720 119.3
1900730 119.3
1900740 119.2
1900750 119.1
1900760 119.1
1900770 119.1
1900780 119.1
1900790 119.1
1900800 119.1
1900810 119.1
1900820 119.1
1900830 119.2
1900840 119.3
1900850 119.3
1900860 119.2
1900870 119.3
1900880 119.3
1900890 119.2
1900900 119.2
1900910 119.2
1900920 119.2
1900930 119.2
1900940 119.2
1900950 119.2
1900960 119.2
1900970 119.2
1900980 119.2
1900990 119.2
1901000 119.2
1901010 119.3
1901020 119.3
1901030 119.3
1901040 119.4
1901050 119.5
1901060 119.5
1901070 119.5
1901080 119.5
1901090 119.5
1901100 119.6
1901110 119.6
1901120 119.6
1901130 119.7
1901140 119.6
1901150 119.6
1901160 119.6
1901170 119.5
1901180 119.5
1901190 119.5
1901200 119.5
1901210 119.5
1901220 119.6
1901230 119.5
1901240 119.5
1901250 119.5
1901260 119.4
1901270 119.5
1901280 119.5
1901290 119.6
