1900000 119.0
1900010 119.0
1900020 118.9
1900030 118.9
1900040 118.9
1900050 118.9
1900060 118.9
1900070 118.9
1900080 119.0
1900090 119.0
1900100 119.0
1900110 119.0
1900120 118.9
1900130 118.9
1900140 119.0
1900150 119.0
1900160 119.0
1900170 118.9
1900180 118.9
1900190 118.9
1900200 118.9
1900210 118.8
1900220 118.9
1900230 118.9
1900240 118.9
1900250 118.9
1900260 118.8
1900270 118.8
1900280 118.8
1900290 118.8
1900300 118.8
1900310 118.8
1900320 118.8
1900330 118.8
1900340 118.8
1900350 118.7
1900360 118.8
1900370 118.8
1900380 118.9
1900390 118.9
1900400 118.9
1900410 118.9
1900420 118.9
1900430 118.9
1900440 119.1
1900450 119.2
1900460 119.3
1900470 119.3
1900480 119.3
1900490 119.4
1900500 119.4
1900510 119.3
1900520 119.3
1900530 119.2
1900540 119.1
1900550 119.2
1900560 119.2
1900570 119.3
1900580 119.3
1900590 119.3
1900600 119.3
1900610 119.2
1900620 119.2
1900630 119.2
1900640 119.4
1900650 119.4
1900660 119.5
1900670 119.8
1900680 119.8
1900690 120.0
1900700 119.8
1900710 119.8
1900720 119.8
1900730 119.6
1900740 119.6
1900750 119.4
1900760 119.3
1900770 119.3
1900780 119.2
1900790 119.2
1900800 119.2
1900810 119.2
1900820 119.1
1900830 119.2
1900840 119.2
1900850 119.2
1900860 119.2
1900870 119.2
1900880 119.2
1900890 119.2
1900900 119.2
1900910 119.1
1900920 119.1
1900930 119.1
1900940 119.1
1900950 119.1
1900960 119.1
1900970 119.1
1900980 119.1
1900990 119.2
1901000 119.2
1901010 119.2
1901020 119.2
1901030 119.3
1901040 119.3
1901050 119.3
1901060 119.2
1901070 119.2
1901080 119.2
1901090 119.3
1901100 119.3
1901110 119.3
1901120 119.2
1901130 119.2
1901140 119.2
1901150 119.3
1901160 119.3
1901170 119.3
1901180 119.3
1901190 119.2
1901200 119.2
1901210 119.2
1901220 119.2
1901230 119.2
1901240 119.2
1901250 119.2
1901260 119.2
1901270 119.2
1901280 119.3
1901290 119.3
1901300 119.4
1901310 119.5
1901320 119.5
1901330 119.6
