1900000 119.7
1900010 119.6
1900020 119.6
1900030 119.6
1900040 119.5
1900050 119.5
1900060 119.5
1900070 119.5
1900080 119.5
1900090 119.5
1900100 119.5
1900110 119.5
1900120 119.4
1900130 119.4
1900140 119.4
1900150 119.4
1900160 119.4
1900170 119.4
1900180 119.4
1900190 119.3
1900200 119.3
1900210 119.3
1900220 119.2
1900230 119.2
1900240 119.2
1900250 119.4
1900260 119.4
1900270 119.4
1900280 119.5
1900290 119.5
1900300 119.5
1900310 119.6
1900320 119.6
1900330 119.6
1900340 119.6
1900350 119.7
1900360 119.7
1900370 119.7
1900380 119.7
1900390 119.7
1900400 119.7
1900410 119.7
1900420 119.7
1900430 119.7
1900440 119.7
1900450 119.7
1900460 119.7
1900470 119.7
1900480 119.7
1900490 119.6
1900500 119.6
1900510 119.6
1900520 119.5
1900530 119.4
1900540 119.4
1900550 119.4
1900560 119.4
1900570 119.4
1900580 119.4
1900590 119.3
1900600 119.3
1900610 119.4
1900620 119.4
1900630 119.4
1900640 119.4
1900650 119.6
1900660 119.6
1900670 119.5
1900680 119.5
1900690 119.5
1900700 119.6
1900710 119.6
1900720 119.6
1900730 119.7
1900740 119.7
1900750 119.7
1900760 119.7
1900770 119.7
1900780 119.7
1900790 119.7
1900800 119.7
1900810 119.8
1900820 119.8
1900830 119.9
1900840 119.9
1900850 119.9
1900860 119.9
1900870 120.0
1900880 120.0
1900890 119.9
1900900 119.9
1900910 119.9
1900920 119.9
1900930 119.8
1900940 119.8
1900950 119.8
1900960 119.7
1900970 119.7
1900980 119.6
1900990 119.6
1901000 119.6
1901010 119.6
1901020 119.5
1901030 119.5
1901040 119.3
1901050 119.0
1901060 119.0
1901070 119.0
1901080 119.0
1901090 119.0
1901100 118.9
1901110 118.9
1901120 118.9
1901130 118.9
1901140 118.9
1901150 118.9
1901160 118.9
1901170 118.9
1901180 118.9
1901190 119.0
1901200 119.0
1901210 119.0
1901220 119.0
1901230 119.0
1901240 119.0
1901250 119.0
1901260 119.0
1901270 119.0
1901280 118.9
1901290 118.9
1901300 118.9
1901310 118.9
1901320 118.8
1901330 118.8
1901340 118.7
1901350 118.6
1901360 118.6
1901370 118.6
1901380 118.6
1901390 118.6
1901400 118.6
1901410 118.8
1901420 118.8
1901430 119.0
1901440 119.3
1901450 119.4
1901460 119.4
1901470 119.5
1901480 119.6
1901490 119.6
1901500 119.8
1901510 120.0
1901520 120.0
1901530 120.0
1901540 120.0
1901550 120.0
1901560 120.0
1901570 120.0
1901580 120.0
1901590 120.0
1901600 120.1
1901610 120.1
1901620 120.1
1901630 120.2
1901640 120.2
1901650 120.3
1901660 120.4
1901670 120.4
1901680 120.5
1901690 120.7
1901700 120.7
1901710 120.8
1901720 121.0
1901730 121.0
1901740 121.1
1901750 121.2
1901760 121.1
1901770 121.1
1901780 121.1
1901790 121.1
1901800 121.2
1901810 121.3
1901820 121.3
1901830 121.3
1901840 121.2
1901850 121.2
1901860 121.2
1901870 121.2
1901880 121.2
1901890 121.0
1901900 120.9
1901910 120.9
1901920 120.9
1901930 120.7
1901940 120.7
1901950 120.6
1901960 120.5
1901970 120.5
1901980 120.4
1901990 120.4
1902000 120.4
1902010 120.4
1902020 120.3
1902030 120.3
1902040 120.4
1902050 120.5
1902060 120.5
1902070 120.5
1902080 120.6
1902090 120.7
1902100 120.7
1902110 120.8
1902120 120.9
1902130 120.9
1902140 121.0
1902150 121.0
1902160 121.0
1902170 121.0
1902180 121.0
1902190 121.0
1902200 121.0
1902210 121.0
1902220 121.0
1902230 121.0
1902240 120.9
1902250 120.9
1902260 120.9
