1900000 120.6
1900010 120.6
1900020 120.6
1900030 120.5
1900040 120.5
1900050 120.5
1900060 120.4
1900070 120.5
1900080 120.5
1900090 120.6
1900100 120.6
1900110 120.6
1900120 120.6
1900130 120.7
1900140 120.7
1900150 120.8
1900160 120.9
1900170 120.9
1900180 120.8
1900190 120.8
1900200 120.8
1900210 120.8
1900220 120.9
1900230 120.9
1900240 121.0
1900250 121.0
1900260 121.0
1900270 121.0
1900280 121.0
1900290 121.0
1900300 121.0
1900310 121.0
1900320 121.0
1900330 121.0
1900340 121.0
1900350 121.0
1900360 121.1
1900370 121.1
1900380 121.1
1900390 121.1
1900400 121.2
1900410 121.2
1900420 121.3
1900430 121.4
1900440 121.4
1900450 121.6
1900460 121.6
1900470 121.6
1900480 121.6
1900490 121.7
1900500 121.8
1900510 121.8
1900520 121.9
1900530 122.0
1900540 122.0
1900550 122.1
1900560 122.3
1900570 122.3
1900580 122.4
1900590 122.4
1900600 122.4
1900610 122.4
1900620 122.4
1900630 122.4
1900640 122.4
1900650 122.4
1900660 122.4
1900670 122.3
1900680 122.2
1900690 122.2
1900700 122.2
1900710 122.1
1900720 122.1
1900730 122.0
1900740 122.0
1900750 122.0
1900760 121.9
1900770 121.9
1900780 121.9
1900790 121.9
1900800 121.9
1900810 121.9
1900820 121.9
1900830 122.0
1900840 122.0
1900850 122.0
1900860 122.1
1900870 122.2
1900880 122.2
1900890 122.1
1900900 122.1
1900910 122.1
1900920 122.1
1900930 122.1
1900940 122.0
1900950 122.0
1900960 122.0
1900970 122.0
1900980 122.0
1900990 122.0
1901000 122.0
1901010 122.1
1901020 122.1
1901030 122.2
1901040 122.3
1901050 122.3
1901060 122.2
1901070 122.1
1901080 122.1
1901090 122.0
1901100 122.0
1901110 122.0
1901120 122.0
1901130 122.0
1901140 122.0
1901150 122.0
1901160 122.0
1901170 122.0
1901180 121.9
1901190 122.0
1901200 122.1
1901210 122.1
1901220 122.1
1901230 122.1
1901240 122.1
1901250 122.1
1901260 122.2
1901270 122.2
1901280 122.2
1901290 122.2
1901300 122.2
1901310 122.3
1901320 122.3
1901330 122.3
1901340 122.2
1901350 122.2
1901360 122.2
1901370 122.1
1901380 122.1
1901390 122.1
1901400 121.9
1901410 121.7
1901420 121.7
1901430 121.6
1901440 121.5
1901450 121.5
1901460 121.3
1901470 121.2
1901480 121.2
1901490 120.9
1901500 120.8
1901510 120.8
1901520 120.8
1901530 120.8
1901540 120.8
1901550 120.9
1901560 120.9
1901570 120.9
1901580 120.8
1901590 120.8
1901600 120.8
1901610 120.8
1901620 120.9
1901630 120.9
1901640 120.9
1901650 120.9
1901660 120.9
1901670 120.9
1901680 120.9
1901690 120.9
1901700 120.9
1901710 120.9
1901720 120.9
1901730 120.9
1901740 120.8
1901750 120.8
1901760 120.8
1901770 120.8
1901780 120.8
1901790 120.8
1901800 120.9
1901810 120.9
1901820 120.9
1901830 121.0
1901840 121.2
1901850 121.2
1901860 121.3
1901870 121.3
1901880 121.3
1901890 121.5
1901900 121.6
1901910 121.6
1901920 121.7
1901930 121.8
1901940 121.8
1901950 121.8
1901960 121.9
1901970 121.9
1901980 122.0
1901990 122.0
1902000 122.0
1902010 122.1
1902020 122.2
1902030 122.2
1902040 122.3
1902050 122.3
1902060 122.3
