1900000 120.0
1900010 120.0
1900020 120.0
1900030 120.0
1900040 120.0
1900050 120.0
1900060 120.0
1900070 119.9
1900080 119.9
1900090 119.9
1900100 119.9
1900110 119.9
1900120 119.8
1900130 119.8
1900140 119.8
1900150 119.8
1900160 119.7
1900170 119.7
1900180 119.7
1900190 119.6
1900200 119.6
1900210 119.7
1900220 119.9
1900230 119.9
1900240 120.0
1900250 120.2
1900260 120.2
1900270 120.3
1900280 120.4
1900290 120.4
1900300 120.6
1900310 120.6
1900320 120.6
1900330 120.4
1900340 120.3
1900350 120.3
1900360 120.3
1900370 120.3
1900380 120.3
1900390 120.4
1900400 120.3
1900410 120.3
1900420 120.3
1900430 120.3
1900440 120.3
1900450 120.4
1900460 120.4
1900470 120.4
1900480 120.4
1900490 120.4
1900500 120.4
1900510 120.4
1900520 120.5
1900530 120.5
1900540 120.5
1900550 120.6
1900560 120.6
1900570 120.6
1900580 120.6
1900590 120.6
1900600 120.6
1900610 120.6
1900620 120.6
1900630 120.6
1900640 120.7
1900650 120.7
1900660 120.7
1900670 120.9
1900680 120.9
1900690 121.3
1900700 121.5
1900710 121.5
1900720 121.6
1900730 121.7
1900740 121.7
1900750 121.9
1900760 121.9
1900770 121.9
1900780 121.9
1900790 121.8
1900800 121.7
1900810 121.7
1900820 121.6
1900830 121.5
1900840 121.5
1900850 121.4
1900860 121.3
1900870 121.3
1900880 121.2
1900890 121.1
1900900 121.1
1900910 121.0
1900920 120.9
1900930 120.9
1900940 120.8
1900950 120.8
1900960 120.8
1900970 120.8
1900980 120.7
1900990 120.7
1901000 120.9
1901010 120.9
1901020 120.9
1901030 120.9
1901040 120.9
1901050 120.9
1901060 120.9
1901070 121.0
1901080 121.0
1901090 121.1
1901100 121.1
1901110 121.1
1901120 121.1
1901130 121.1
1901140 121.1
1901150 121.2
1901160 121.1
1901170 121.1
1901180 121.1
1901190 121.0
1901200 121.0
1901210 121.0
1901220 121.0
1901230 121.0
1901240 121.0
1901250 121.0
1901260 121.0
1901270 121.0
1901280 121.0
1901290 121.0
1901300 121.0
1901310 121.1
1901320 121.1
1901330 121.1
1901340 121.1
1901350 121.1
1901360 121.1
1901370 121.0
1901380 121.0
1901390 121.0
1901400 121.0
1901410 121.0
1901420 120.9
1901430 120.9
1901440 120.8
1901450 120.8
1901460 120.8
1901470 120.8
1901480 120.8
1901490 120.9
1901500 120.9
1901510 120.9
1901520 120.8
1901530 120.7
1901540 120.7
1901550 120.7
1901560 120.7
1901570 120.7
1901580 120.6
1901590 120.6
1901600 120.6
1901610 120.6
1901620 120.6
1901630 120.6
1901640 120.7
1901650 120.8
1901660 120.8
1901670 120.7
1901680 120.8
1901690 120.8
1901700 120.9
1901710 120.9
1901720 120.9
1901730 120.9
1901740 120.9
1901750 120.9
1901760 120.8
1901770 120.8
1901780 120.8
1901790 120.8
1901800 120.7
1901810 120.7
1901820 120.7
1901830 120.7
1901840 120.7
1901850 120.8
1901860 120.8
1901870 120.8
1901880 120.8
1901890 120.8
1901900 120.8
1901910 120.8
1901920 120.8
1901930 120.8
1901940 120.7
1901950 120.7
1901960 120.7
1901970 120.7
1901980 120.6
1901990 120.6
1902000 120.6
1902010 120.5
1902020 120.5
1902030 120.5
1902040 120.5
1902050 120.5
1902060 120.5
1902070 120.5
1902080 120.5
1902090 120.5
1902100 120.6
1902110 120.6
1902120 120.6
1902130 120.8
1902140 120.8
1902150 120.8
1902160 120.9
1902170 120.9
1902180 120.9
