1900000 120.8
1900010 121.0
1900020 121.1
1900030 121.1
1900040 121.2
1900050 121.4
1900060 121.4
1900070 121.7
1900080 121.9
1900090 121.9
1900100 122.0
1900110 122.1
1900120 122.1
1900130 121.9
1900140 121.9
1900150 121.9
1900160 121.9
1900170 121.9
1900180 121.9
1900190 121.9
1900200 121.9
1900210 121.9
1900220 121.8
1900230 121.7
1900240 121.6
1900250 121.6
1900260 121.6
1900270 121.6
1900280 121.6
1900290 121.6
1900300 121.5
1900310 121.5
1900320 121.5
1900330 121.5
1900340 121.5
1900350 121.6
1900360 121.6
1900370 121.6
1900380 121.6
1900390 121.6
1900400 121.6
1900410 121.6
1900420 121.6
1900430 121.6
1900440 121.5
1900450 121.5
1900460 121.5
1900470 121.6
1900480 121.7
1900490 121.7
1900500 121.8
1900510 121.9
1900520 121.9
1900530 121.9
1900540 122.0
1900550 122.0
1900560 122.1
1900570 122.1
1900580 122.1
1900590 122.0
1900600 122.0
1900610 122.0
1900620 122.1
1900630 122.2
1900640 122.2
1900650 122.1
1900660 122.1
1900670 122.1
1900680 122.1
1900690 122.2
1900700 122.2
1900710 122.2
1900720 122.3
1900730 122.3
1900740 122.4
1900750 122.4
1900760 122.4
1900770 122.4
1900780 122.4
1900790 122.4
1900800 122.3
1900810 122.4
1900820 122.4
1900830 122.4
1900840 122.4
1900850 122.4
1900860 122.3
1900870 122.2
1900880 122.2
1900890 122.2
1900900 122.2
1900910 122.2
1900920 122.2
1900930 122.2
1900940 122.2
1900950 122.2
1900960 122.1
1900970 122.1
1900980 122.1
1900990 122.1
1901000 122.0
1901010 122.0
1901020 122.0
1901030 122.0
1901040 122.0
1901050 122.0
1901060 121.9
1901070 121.9
1901080 121.9
1901090 121.9
1901100 121.9
1901110 121.9
1901120 121.8
1901130 121.8
1901140 121.7
1901150 121.6
1901160 121.6
1901170 121.5
1901180 121.4
1901190 121.4
1901200 121.4
1901210 121.4
1901220 121.4
1901230 121.4
1901240 121.5
1901250 121.5
1901260 121.3
1901270 121.3
1901280 121.3
1901290 121.2
1901300 121.2
1901310 121.2
1901320 121.2
1901330 121.1
1901340 121.1
1901350 121.1
1901360 121.1
1901370 121.1
1901380 121.1
1901390 121.1
1901400 121.1
1901410 121.1
1901420 121.0
1901430 121.0
1901440 120.9
1901450 120.9
1901460 120.9
1901470 120.8
1901480 120.8
1901490 120.8
1901500 120.8
1901510 120.8
1901520 120.8
1901530 120.8
1901540 120.9
1901550 121.0
1901560 121.0
1901570 121.1
1901580 121.2
1901590 121.2
1901600 121.3
1901610 121.5
1901620 121.5
1901630 121.8
1901640 122.1
1901650 122.1
1901660 122.1
1901670 122.2
1901680 122.3
1901690 122.2
1901700 122.1
1901710 122.1
1901720 122.0
1901730 121.8
1901740 121.8
1901750 121.6
1901760 121.6
1901770 121.6
1901780 121.6
1901790 121.5
1901800 121.5
1901810 121.4
1901820 121.4
1901830 121.4
1901840 121.3
1901850 121.3
1901860 121.3
1901870 121.3
1901880 121.3
1901890 121.3
1901900 121.3
1901910 121.4
1901920 121.4
1901930 121.4
1901940 121.5
1901950 121.5
