1900000 119.8
1900010 119.8
1900020 119.8
1900030 119.7
1900040 119.7
1900050 119.7
1900060 119.6
1900070 119.6
1900080 119.6
1900090 119.8
1900100 119.8
1900110 119.9
1900120 119.8
1900130 119.8
1900140 119.6
1900150 119.6
1900160 119.6
1900170 119.6
1900180 119.6
1900190 119.6
1900200 119.6
1900210 119.6
1900220 119.6
1900230 119.6
1900240 119.7
1900250 119.7
1900260 119.8
1900270 120.0
1900280 120.0
1900290 120.0
1900300 120.1
1900310 120.1
1900320 120.1
1900330 120.1
1900340 120.1
1900350 120.0
1900360 120.0
1900370 120.0
1900380 120.0
1900390 119.9
1900400 119.9
1900410 119.9
1900420 119.8
1900430 119.8
1900440 119.8
1900450 119.7
1900460 119.7
1900470 119.7
1900480 119.7
1900490 119.7
1900500 119.7
1900510 119.8
1900520 119.9
1900530 119.9
1900540 119.8
1900550 119.8
1900560 119.8
1900570 119.8
1900580 119.8
1900590 119.8
1900600 119.9
1900610 119.9
1900620 119.9
1900630 119.7
1900640 119.6
1900650 119.6
1900660 119.6
1900670 119.7
1900680 119.7
1900690 119.7
1900700 119.7
1900710 119.7
1900720 119.8
1900730 119.8
1900740 119.8
1900750 119.8
1900760 119.9
1900770 119.9
1900780 120.0
1900790 120.1
1900800 120.1
1900810 120.1
1900820 120.1
1900830 120.1
1900840 120.1
1900850 120.1
1900860 120.1
1900870 120.1
1900880 120.1
1900890 120.1
1900900 120.0
1900910 120.0
1900920 120.0
1900930 119.9
1900940 119.9
1900950 119.9
1900960 119.9
1900970 119.9
1900980 119.9
1900990 119.8
1901000 119.8
1901010 119.8
1901020 119.8
1901030 119.8
1901040 119.8
1901050 119.7
1901060 119.7
1901070 119.7
1901080 119.7
1901090 119.7
1901100 119.7
1901110 119.7
1901120 119.8
1901130 119.8
1901140 119.8
1901150 119.7
1901160 119.7
1901170 119.7
1901180 119.7
1901190 119.7
1901200 119.7
1901210 119.8
1901220 119.8
1901230 119.8
1901240 119.8
1901250 119.9
1901260 119.9
1901270 120.0
1901280 120.0
1901290 120.0
1901300 120.0
1901310 120.1
1901320 120.1
1901330 120.1
1901340 120.1
1901350 120.1
1901360 120.0
1901370 120.0
1901380 120.0
1901390 120.0
1901400 120.0
1901410 120.0
1901420 120.1
1901430 120.2
1901440 120.2
1901450 120.2
1901460 120.3
1901470 120.3
1901480 120.4
1901490 120.4
1901500 120.4
1901510 120.4
1901520 120.4
1901530 120.4
1901540 120.3
1901550 120.4
1901560 120.4
1901570 120.4
1901580 120.4
1901590 120.4
1901600 120.4
1901610 120.5
1901620 120.5
1901630 120.5
1901640 120.4
1901650 120.4
1901660 120.3
1901670 120.3
1901680 120.3
1901690 120.2
1901700 120.1
1901710 120.1
1901720 120.1
1901730 120.0
1901740 120.0
1901750 120.0
1901760 120.0
1901770 119.9
1901780 119.9
1901790 119.9
1901800 119.9
1901810 119.9
1901820 119.9
1901830 120.0
1901840 120.0
1901850 120.0
1901860 120.1
1901870 120.1
1901880 120.2
1901890 120.3
1901900 120.3
1901910 120.5
1901920 120.6
1901930 120.6
1901940 120.7
1901950 120.8
1901960 120.8
1901970 120.9
1901980 120.9
1901990 120.9
1902000 120.9
1902010 120.8
1902020 120.8
1902030 120.7
1902040 120.6
1902050 120.7
1902060 120.6
1902070 120.6
1902080 120.6
1902090 120.7
1902100 120.7
1902110 120.7
1902120 120.6
1902130 120.6
1902140 120.6
1902150 120.6
1902160 120.6
1902170 120.6
1902180 120.6
1902190 120.6
1902200 120.6
1902210 120.6
1902220 120.7
1902230 120.7
1902240 120.8
