1900000 120.1
1900010 120.1
1900020 120.1
1900030 120.1
1900040 120.0
1900050 120.0
1900060 120.0
1900070 119.9
1900080 120.0
1900090 120.0
1900100 119.9
1900110 119.9
1900120 119.9
1900130 119.9
1900140 119.9
1900150 119.9
1900160 120.0
1900170 120.0
1900180 120.2
1900190 120.2
1900200 120.3
1900210 120.7
1900220 120.7
1900230 120.5
1900240 120.6
1900250 120.6
1900260 120.6
1900270 120.7
1900280 120.7
1900290 120.8
1900300 120.7
1900310 120.7
1900320 120.6
1900330 120.7
1900340 120.7
1900350 120.7
1900360 120.7
1900370 120.7
1900380 120.7
1900390 120.7
1900400 120.7
1900410 120.8
1900420 120.9
1900430 120.9
1900440 120.9
1900450 121.0
1900460 121.0
1900470 121.1
1900480 121.1
1900490 121.1
1900500 121.1
1900510 121.1
1900520 121.1
1900530 121.1
1900540 121.2
1900550 121.2
1900560 121.3
1900570 121.5
1900580 121.5
1900590 121.6
1900600 121.7
1900610 121.7
1900620 121.9
1900630 122.0
1900640 122.0
1900650 122.0
1900660 122.0
1900670 122.0
1900680 122.1
1900690 122.1
1900700 122.1
1900710 122.2
1900720 122.2
1900730 122.2
1900740 122.2
1900750 122.1
1900760 122.1
1900770 122.1
1900780 122.1
1900790 122.1
1900800 122.0
1900810 121.8
1900820 121.7
1900830 121.7
1900840 121.7
1900850 121.7
1900860 121.7
1900870 121.6
1900880 121.6
1900890 121.6
1900900 121.5
1900910 121.4
1900920 121.4
1900930 121.4
1900940 121.4
1900950 121.4
1900960 121.4
1900970 121.5
1900980 121.5
1900990 121.5
1901000 121.6
1901010 121.6
1901020 121.7
1901030 121.7
1901040 121.7
1901050 121.7
1901060 121.7
1901070 121.7
1901080 121.7
1901090 121.7
1901100 121.7
1901110 121.7
1901120 121.7
1901130 121.7
1901140 121.7
1901150 121.7
1901160 121.7
1901170 121.6
1901180 121.6
1901190 121.7
1901200 121.7
1901210 121.8
1901220 121.8
1901230 121.9
1901240 121.9
1901250 121.9
1901260 121.8
1901270 121.7
1901280 121.7
1901290 121.7
1901300 121.6
1901310 121.6
1901320 121.5
1901330 121.4
1901340 121.4
1901350 121.3
1901360 121.3
1901370 121.3
1901380 121.3
1901390 121.2
1901400 121.2
1901410 121.1
1901420 121.1
1901430 121.1
1901440 121.0
1901450 120.9
1901460 120.9
1901470 120.9
1901480 120.9
1901490 120.9
1901500 120.8
1901510 120.8
1901520 120.9
1901530 120.9
1901540 120.9
1901550 120.8
1901560 120.8
1901570 120.7
1901580 120.7
1901590 120.7
1901600 120.7
1901610 120.7
1901620 120.7
1901630 120.7
1901640 120.6
1901650 120.6
1901660 120.5
1901670 120.6
1901680 120.6
1901690 120.6
1901700 120.6
1901710 120.6
1901720 120.6
1901730 120.7
1901740 120.7
1901750 120.8
1901760 120.9
1901770 120.9
1901780 121.0
1901790 121.1
1901800 121.1
1901810 121.1
1901820 121.2
1901830 121.2
1901840 121.2
1901850 121.2
1901860 121.2
1901870 121.3
1901880 121.3
1901890 121.3
1901900 121.3
1901910 121.4
1901920 121.4
1901930 121.4
1901940 121.5
1901950 121.5
1901960 121.6
1901970 121.6
1901980 121.6
1901990 121.7
1902000 121.7
1902010 121.7
1902020 121.7
1902030 121.6
1902040 121.6
1902050 121.7
1902060 121.8
1902070 121.8
1902080 121.8
1902090 121.7
1902100 121.7
1902110 121.7
1902120 122.0
