1900000 120.0
1900010 120.0
1900020 120.0
1900030 120.0
1900040 119.9
1900050 119.9
1900060 119.9
1900070 119.9
1900080 119.9
1900090 119.9
1900100 120.0
1900110 120.0
1900120 120.0
1900130 120.1
1900140 120.2
1900150 120.2
1900160 120.6
1900170 120.6
1900180 120.6
1900190 120.7
1900200 120.6
1900210 120.6
1900220 120.6
1900230 120.7
1900240 120.7
1900250 120.8
1900260 120.9
1900270 120.9
1900280 120.9
1900290 120.8
1900300 120.8
1900310 120.8
1900320 120.8
1900330 120.8
1900340 120.9
1900350 121.1
1900360 121.1
1900370 121.1
1900380 121.1
1900390 121.1
1900400 121.2
1900410 121.3
1900420 121.3
1900430 121.3
1900440 121.3
1900450 121.3
1900460 121.4
1900470 121.4
1900480 121.4
1900490 121.4
1900500 121.4
1900510 121.4
1900520 121.4
1900530 121.5
1900540 121.6
1900550 121.6
1900560 121.7
1900570 121.9
1900580 121.9
1900590 122.0
1900600 122.1
1900610 122.1
1900620 122.2
1900630 122.2
1900640 122.2
1900650 122.3
1900660 122.3
1900670 122.3
1900680 122.3
1900690 122.3
1900700 122.3
1900710 122.3
1900720 122.3
1900730 122.3
1900740 122.4
1900750 122.3
1900760 122.3
1900770 122.2
1900780 122.2
1900790 122.2
1900800 122.1
1900810 121.9
1900820 121.9
1900830 121.8
1900840 121.7
1900850 121.7
1900860 121.6
1900870 121.6
1900880 121.6
1900890 121.6
1900900 121.6
1900910 121.6
1900920 121.6
1900930 121.7
1900940 121.7
1900950 121.8
1900960 121.8
1900970 121.8
1900980 121.8
1900990 121.8
1901000 121.8
1901010 121.8
1901020 121.9
1901030 121.9
1901040 121.9
1901050 121.9
1901060 121.9
1901070 121.9
1901080 121.9
1901090 121.9
1901100 121.9
1901110 121.9
1901120 121.9
1901130 121.8
1901140 121.9
1901150 121.9
1901160 121.9
1901170 122.0
1901180 122.0
1901190 122.0
1901200 122.1
1901210 122.1
1901220 122.1
1901230 122.1
1901240 122.1
1901250 122.1
1901260 122.0
1901270 122.0
1901280 122.0
1901290 122.1
1901300 122.1
1901310 122.1
1901320 122.0
1901330 122.0
1901340 122.0
1901350 121.9
1901360 121.8
1901370 121.8
1901380 121.6
1901390 121.4
1901400 121.4
1901410 121.3
1901420 121.2
1901430 121.2
1901440 121.2
1901450 121.1
1901460 121.1
1901470 121.0
1901480 120.9
1901490 120.9
1901500 120.9
1901510 120.9
1901520 120.9
1901530 120.9
1901540 120.9
1901550 120.9
1901560 120.9
1901570 120.9
1901580 120.9
1901590 120.9
1901600 120.8
1901610 120.8
1901620 120.8
1901630 120.7
1901640 120.7
1901650 120.6
1901660 120.6
1901670 120.6
1901680 120.7
1901690 120.7
1901700 120.7
1901710 120.7
1901720 120.8
1901730 120.8
1901740 120.8
1901750 120.8
1901760 120.8
1901770 120.9
1901780 121.0
1901790 121.0
1901800 121.0
1901810 121.1
1901820 121.1
1901830 121.1
1901840 121.1
1901850 121.2
1901860 121.2
1901870 121.2
1901880 121.4
1901890 121.4
1901900 121.5
1901910 121.6
1901920 121.6
1901930 121.7
1901940 121.8
1901950 121.8
1901960 121.9
1901970 121.9
1901980 121.9
1901990 122.1
1902000 122.1
1902010 122.1
1902020 122.1
1902030 122.2
1902040 122.2
1902050 122.2
1902060 122.2
1902070 122.2
1902080 122.4
1902090 122.5
1902100 122.5
