1900000 120.7
1900010 120.7
1900020 120.7
1900030 120.8
1900040 120.6
1900050 120.6
1900060 120.6
1900070 120.6
1900080 120.6
1900090 120.7
1900100 120.7
1900110 120.9
1900120 121.1
1900130 121.1
1900140 121.4
1900150 121.5
1900160 121.5
1900170 121.5
1900180 121.5
1900190 121.5
1900200 121.5
1900210 121.5
1900220 121.5
1900230 121.5
1900240 121.5
1900250 121.4
1900260 121.4
1900270 121.4
1900280 121.4
1900290 121.4
1900300 121.4
1900310 121.3
1900320 121.3
1900330 121.3
1900340 121.3
1900350 121.3
1900360 121.4
1900370 121.4
1900380 121.4
1900390 121.5
1900400 121.6
1900410 121.6
1900420 121.6
1900430 121.6
1900440 121.6
1900450 121.7
1900460 121.8
1900470 121.8
1900480 121.9
1900490 122.0
1900500 122.0
1900510 122.1
1900520 122.2
1900530 122.2
1900540 122.2
1900550 122.2
1900560 122.2
1900570 122.3
1900580 122.3
1900590 122.3
1900600 122.3
1900610 122.3
1900620 122.3
1900630 122.2
1900640 122.2
1900650 122.2
1900660 122.1
1900670 122.1
1900680 122.1
1900690 122.0
1900700 122.0
1900710 122.0
1900720 122.1
1900730 122.2
1900740 122.2
1900750 122.3
1900760 122.3
1900770 122.3
1900780 122.3
1900790 122.3
1900800 122.3
1900810 122.3
1900820 122.4
1900830 122.4
1900840 122.3
1900850 122.2
1900860 122.2
1900870 122.2
1900880 122.2
1900890 122.2
1900900 122.1
1900910 122.1
1900920 122.2
1900930 122.2
1900940 122.2
1900950 122.3
1900960 122.3
1900970 122.3
1900980 122.4
1900990 122.4
1901000 122.5
1901010 122.5
1901020 122.5
1901030 122.4
1901040 122.2
1901050 122.2
1901060 122.1
1901070 122.0
1901080 122.0
1901090 122.0
1901100 122.0
1901110 122.0
1901120 122.0
1901130 122.0
1901140 122.0
1901150 121.8
1901160 121.8
1901170 121.8
1901180 121.8
1901190 121.8
1901200 121.8
1901210 121.9
1901220 121.8
1901230 121.8
1901240 121.9
1901250 122.0
1901260 122.0
1901270 121.9
1901280 121.9
1901290 121.9
1901300 121.8
1901310 121.7
1901320 121.7
1901330 121.5
1901340 121.5
1901350 121.5
1901360 121.5
1901370 121.3
1901380 121.3
1901390 121.2
1901400 121.1
1901410 121.1
1901420 120.9
1901430 120.8
1901440 120.8
1901450 120.8
1901460 120.8
1901470 120.8
1901480 120.8
1901490 120.8
1901500 120.8
1901510 120.8
1901520 120.8
1901530 120.8
1901540 120.8
1901550 120.9
1901560 120.8
1901570 120.8
1901580 120.8
1901590 120.8
1901600 120.8
1901610 120.8
1901620 121.0
1901630 121.0
1901640 121.2
1901650 121.4
1901660 121.4
1901670 121.4
1901680 121.4
1901690 121.4
1901700 121.4
1901710 121.3
1901720 121.3
1901730 121.2
1901740 121.1
1901750 121.1
1901760 120.9
1901770 120.9
1901780 120.9
1901790 121.0
1901800 121.0
1901810 121.0
1901820 121.1
1901830 121.1
1901840 121.1
1901850 121.1
1901860 121.2
1901870 121.2
1901880 121.2
1901890 121.4
1901900 121.4
1901910 121.5
1901920 121.5
1901930 121.5
1901940 121.7
1901950 121.8
1901960 121.8
1901970 121.9
1901980 121.9
1901990 121.9
1902000 121.9
1902010 122.0
1902020 122.0
