1900000 120.8
1900010 120.8
1900020 120.8
1900030 120.8
1900040 120.8
1900050 120.7
1900060 120.7
1900070 120.7
1900080 120.9
1900090 120.9
1900100 121.0
1900110 121.0
1900120 121.0
1900130 121.0
1900140 121.1
1900150 121.1
1900160 121.3
1900170 121.4
1900180 121.4
1900190 121.5
1900200 121.6
1900210 121.6
1900220 121.6
1900230 121.6
1900240 121.6
1900250 121.6
1900260 121.6
1900270 121.6
1900280 121.7
1900290 121.6
1900300 121.7
1900310 121.6
1900320 121.7
1900330 121.7
1900340 121.8
1900350 121.8
1900360 121.8
1900370 121.9
1900380 121.9
1900390 121.9
1900400 121.8
1900410 121.9
1900420 121.9
1900430 121.9
1900440 121.8
1900450 121.8
1900460 121.8
1900470 121.8
1900480 121.8
1900490 121.8
1900500 121.7
1900510 121.7
1900520 121.7
1900530 121.7
1900540 121.7
1900550 121.7
1900560 121.7
1900570 121.7
1900580 121.7
1900590 121.7
1900600 121.7
1900610 121.6
1900620 121.6
1900630 121.5
1900640 121.5
1900650 121.6
1900660 121.6
1900670 121.6
1900680 121.6
1900690 121.7
1900700 121.7
1900710 121.6
1900720 121.7
1900730 121.7
1900740 121.8
1900750 121.9
1900760 121.9
1900770 122.0
1900780 121.9
1900790 121.9
1900800 121.9
1900810 121.8
1900820 121.8
1900830 121.8
1900840 121.8
1900850 121.8
1900860 121.8
1900870 121.9
1900880 121.9
1900890 121.9
1900900 122.0
1900910 122.0
1900920 122.1
1900930 122.2
1900940 122.2
1900950 122.2
1900960 122.2
1900970 122.2
1900980 122.1
1900990 122.1
1901000 122.1
1901010 122.2
1901020 122.3
1901030 122.3
1901040 122.2
1901050 122.2
1901060 122.2
1901070 122.1
1901080 121.9
1901090 121.9
1901100 121.9
1901110 121.9
1901120 121.9
1901130 121.8
1901140 121.9
1901150 121.8
1901160 121.8
1901170 121.8
1901180 121.8
1901190 121.8
1901200 121.8
1901210 121.8
1901220 121.8
1901230 121.9
1901240 121.8
1901250 121.8
1901260 121.8
1901270 121.8
1901280 121.8
1901290 121.8
1901300 121.7
1901310 121.7
1901320 121.8
1901330 121.7
1901340 121.7
1901350 121.6
1901360 121.6
1901370 121.6
1901380 121.5
1901390 121.5
1901400 121.5
1901410 121.5
1901420 121.5
1901430 121.5
1901440 121.4
1901450 121.4
1901460 121.4
1901470 121.4
1901480 121.4
1901490 121.4
1901500 121.3
1901510 121.3
1901520 121.3
1901530 121.3
1901540 121.4
1901550 121.4
1901560 121.5
1901570 121.6
1901580 121.6
1901590 121.8
1901600 121.9
1901610 121.9
1901620 121.9
1901630 121.9
1901640 121.9
