1900000 120.8
1900010 120.7
1900020 120.7
1900030 120.8
1900040 120.8
1900050 120.8
1900060 120.8
1900070 120.8
1900080 120.9
1900090 120.9
1900100 120.9
1900110 120.9
1900120 120.9
1900130 120.9
1900140 120.9
1900150 120.9
1900160 120.9
1900170 121.0
1900180 121.0
1900190 121.0
1900200 121.0
1900210 121.0
1900220 121.0
1900230 121.0
1900240 121.1
1900250 121.2
1900260 121.2
1900270 121.2
1900280 121.2
1900290 121.2
1900300 121.2
1900310 121.3
1900320 121.3
1900330 121.3
1900340 121.4
1900350 121.4
1900360 121.4
1900370 121.5
1900380 121.5
1900390 121.4
1900400 121.5
1900410 121.5
1900420 121.6
1900430 121.6
1900440 121.6
1900450 121.5
1900460 121.6
1900470 121.6
1900480 121.6
1900490 121.7
1900500 121.7
1900510 121.7
1900520 121.8
1900530 121.8
1900540 121.9
1900550 122.1
1900560 122.1
1900570 122.3
1900580 122.5
1900590 122.5
1900600 122.4
1900610 122.3
1900620 122.3
1900630 122.2
1900640 122.2
1900650 122.2
1900660 122.1
1900670 122.2
1900680 122.2
1900690 122.2
1900700 122.3
1900710 122.3
1900720 122.3
1900730 122.3
1900740 122.3
1900750 122.4
1900760 122.4
1900770 122.4
1900780 122.4
1900790 122.4
1900800 122.4
1900810 122.4
1900820 122.4
1900830 122.4
1900840 122.4
1900850 122.5
1900860 122.5
1900870 122.5
1900880 122.5
1900890 122.5
1900900 122.5
1900910 122.4
1900920 122.4
1900930 122.4
1900940 122.4
1900950 122.3
1900960 122.3
1900970 122.2
1900980 122.1
1900990 122.1
1901000 122.0
1901010 121.9
1901020 121.9
1901030 121.8
1901040 121.8
1901050 121.8
1901060 121.8
1901070 121.8
1901080 121.8
1901090 121.8
1901100 121.7
1901110 121.7
1901120 121.6
1901130 121.6
1901140 121.6
1901150 121.6
1901160 121.7
1901170 121.7
1901180 121.7
1901190 121.7
1901200 121.7
1901210 121.7
1901220 121.7
1901230 121.7
1901240 121.7
1901250 121.8
1901260 121.8
1901270 121.8
1901280 121.8
1901290 121.8
1901300 121.9
1901310 121.9
1901320 121.9
1901330 121.8
1901340 121.8
1901350 121.8
1901360 121.7
1901370 121.6
1901380 121.6
1901390 121.6
1901400 121.6
1901410 121.6
1901420 121.5
1901430 121.4
1901440 121.4
1901450 121.3
1901460 121.2
1901470 121.2
1901480 121.2
1901490 121.3
1901500 121.3
1901510 121.3
1901520 121.4
1901530 121.4
1901540 121.4
1901550 121.6
1901560 121.8
1901570 121.8
1901580 121.8
1901590 121.9
1901600 121.9
1901610 122.0
1901620 122.1
1901630 122.1
1901640 122.2
1901650 122.3
1901660 122.3
1901670 122.3
1901680 122.2
1901690 122.2
1901700 122.1
1901710 122.0
1901720 122.0
1901730 121.9
1901740 121.8
1901750 121.8
1901760 121.8
