1900000 121.6
1900010 121.6
1900020 121.6
1900030 121.6
1900040 121.6
1900050 121.5
1900060 121.5
1900070 121.5
1900080 121.5
1900090 121.6
1900100 121.6
1900110 121.7
1900120 121.8
1900130 121.8
1900140 121.9
1900150 122.1
1900160 122.1
1900170 122.2
1900180 122.3
1900190 122.3
1900200 122.3
1900210 122.2
1900220 122.2
1900230 122.1
1900240 122.1
1900250 122.1
1900260 122.2
1900270 122.2
1900280 122.2
1900290 122.0
1900300 121.9
1900310 121.9
1900320 121.9
1900330 121.9
1900340 121.9
1900350 121.9
1900360 122.0
1900370 122.0
1900380 122.0
1900390 122.0
1900400 122.0
1900410 121.9
1900420 121.9
1900430 121.9
1900440 121.9
1900450 121.9
1900460 121.9
1900470 121.8
1900480 121.8
1900490 121.8
1900500 121.8
1900510 121.8
1900520 121.8
1900530 121.8
1900540 121.8
1900550 121.8
1900560 121.8
1900570 121.7
1900580 121.7
1900590 121.7
1900600 121.7
1900610 121.7
1900620 121.7
1900630 121.7
1900640 121.7
1900650 121.7
1900660 121.7
1900670 121.7
1900680 121.7
1900690 121.7
1900700 121.8
1900710 121.8
1900720 121.9
1900730 121.9
1900740 121.9
1900750 121.9
1900760 121.8
1900770 121.8
1900780 121.7
1900790 121.6
1900800 121.8
1900810 121.7
1900820 121.7
1900830 121.7
1900840 121.7
1900850 121.8
1900860 121.8
1900870 121.8
1900880 121.8
1900890 121.8
1900900 121.9
1900910 121.8
1900920 121.8
1900930 121.8
1900940 121.9
1900950 121.9
1900960 121.9
1900970 121.9
1900980 121.9
1900990 121.9
1901000 121.9
1901010 121.9
1901020 122.0
1901030 122.1
1901040 122.1
1901050 122.2
1901060 122.3
1901070 122.3
1901080 122.3
1901090 122.3
1901100 122.3
1901110 122.3
1901120 122.3
1901130 122.3
1901140 122.3
1901150 122.3
1901160 122.3
1901170 122.2
1901180 122.2
1901190 122.2
1901200 122.2
1901210 122.1
1901220 122.1
1901230 122.0
1901240 121.9
1901250 121.9
1901260 121.8
1901270 121.8
1901280 121.8
1901290 121.8
1901300 121.9
1901310 122.0
1901320 122.0
1901330 122.1
1901340 122.2
1901350 122.2
1901360 122.3
1901370 122.3
1901380 122.3
1901390 122.4
1901400 122.4
1901410 122.4
1901420 122.4
