1900000 120.9
1900010 121.0
1900020 121.0
1900030 121.1
1900040 121.1
1900050 121.1
1900060 121.3
1900070 121.6
1900080 121.6
1900090 121.8
1900100 121.8
1900110 121.8
1900120 121.8
1900130 121.8
1900140 121.8
1900150 121.8
1900160 121.9
1900170 121.9
1900180 121.9
1900190 122.0
1900200 122.0
1900210 122.0
1900220 122.0
1900230 122.0
1900240 122.0
1900250 122.0
1900260 122.0
1900270 122.0
1900280 122.0
1900290 122.0
1900300 122.0
1900310 122.0
1900320 122.0
1900330 121.9
1900340 121.9
1900350 121.9
1900360 121.9
1900370 121.9
1900380 121.8
1900390 121.8
1900400 121.8
1900410 121.9
1900420 121.9
1900430 121.9
1900440 121.8
1900450 121.8
1900460 121.7
1900470 121.8
1900480 121.8
1900490 121.8
1900500 121.8
1900510 121.8
1900520 121.8
1900530 121.7
1900540 121.7
1900550 121.6
1900560 121.6
1900570 121.6
1900580 121.6
1900590 121.5
1900600 121.5
1900610 121.4
1900620 121.4
1900630 121.4
1900640 121.3
1900650 121.2
1900660 121.2
1900670 121.2
1900680 121.2
1900690 121.2
1900700 121.2
1900710 121.1
1900720 121.1
1900730 121.1
1900740 121.1
1900750 121.1
1900760 121.2
1900770 121.2
1900780 121.2
1900790 121.2
1900800 121.3
1900810 121.3
1900820 121.5
1900830 121.7
1900840 121.7
1900850 121.9
1900860 122.0
1900870 122.0
1900880 122.0
1900890 121.9
1900900 121.9
1900910 121.9
1900920 121.9
1900930 121.9
1900940 122.0
1900950 122.0
1900960 122.0
1900970 122.0
1900980 122.0
1900990 121.9
1901000 121.9
1901010 121.9
1901020 121.8
1901030 121.8
1901040 121.8
1901050 121.8
1901060 121.8
1901070 121.8
1901080 121.8
1901090 121.8
1901100 121.7
1901110 121.7
1901120 121.7
1901130 121.7
1901140 121.6
1901150 121.6
1901160 121.7
1901170 121.7
1901180 121.7
1901190 121.8
1901200 121.8
1901210 121.8
1901220 121.8
1901230 121.8
1901240 121.8
1901250 121.8
1901260 121.7
1901270 121.7
1901280 121.7
1901290 121.7
1901300 121.7
1901310 121.8
1901320 121.8
1901330 121.8
1901340 121.7
1901350 121.7
1901360 121.7
1901370 121.7
1901380 121.7
1901390 121.7
1901400 121.7
1901410 121.7
1901420 121.7
1901430 121.7
1901440 121.7
1901450 121.7
1901460 121.6
1901470 121.5
1901480 121.5
1901490 121.5
1901500 121.4
1901510 121.4
1901520 121.4
1901530 121.4
1901540 121.4
1901550 121.5
1901560 121.5
1901570 121.5
