1900000 123.7
1900010 123.9
1900020 123.9
1900030 124.0
1900040 124.0
1900050 124.0
1900060 124.1
1900070 124.1
1900080 124.1
1900090 124.0
1900100 124.0
1900110 124.0
1900120 123.9
1900130 123.8
1900140 123.8
1900150 123.8
1900160 123.7
1900170 123.7
1900180 123.7
1900190 123.6
1900200 123.7
1900210 123.7
1900220 123.6
1900230 123.5
1900240 123.5
1900250 123.3
1900260 123.1
1900270 123.1
1900280 123.0
1900290 122.8
1900300 122.8
1900310 122.6
1900320 122.5
1900330 122.5
1900340 122.4
1900350 122.3
1900360 122.3
1900370 122.3
1900380 122.3
1900390 122.3
1900400 122.2
1900410 122.2
1900420 122.2
1900430 122.1
1900440 122.1
1900450 122.1
1900460 122.1
1900470 122.1
1900480 122.1
1900490 122.0
1900500 122.0
1900510 122.0
1900520 122.1
1900530 122.1
1900540 122.1
1900550 122.0
1900560 122.0
1900570 122.0
1900580 121.9
1900590 121.9
1900600 121.9
1900610 122.0
1900620 121.9
1900630 121.9
1900640 121.8
1900650 121.8
1900660 121.8
1900670 121.8
1900680 121.9
1900690 121.9
1900700 121.9
1900710 121.9
1900720 121.9
1900730 122.0
1900740 121.9
1900750 121.9
1900760 122.0
1900770 122.0
1900780 122.0
1900790 121.9
1900800 121.8
1900810 121.8
1900820 121.8
1900830 121.6
1900840 121.6
1900850 121.5
1900860 121.4
1900870 121.5
1900880 121.5
1900890 121.5
1900900 121.6
1900910 121.6
1900920 121.7
1900930 121.6
1900940 121.6
1900950 121.7
1900960 121.7
1900970 121.7
1900980 121.7
1900990 121.7
1901000 121.7
1901010 121.6
1901020 121.6
1901030 121.6
