1900000 121.8
1900010 121.8
1900020 121.7
1900030 121.7
1900040 121.7
1900050 121.6
1900060 121.6
1900070 121.5
1900080 121.5
1900090 121.5
1900100 121.6
1900110 121.7
1900120 121.7
1900130 121.8
1900140 122.0
1900150 122.0
1900160 122.2
1900170 122.4
1900180 122.4
1900190 122.5
1900200 122.5
1900210 122.5
1900220 122.5
1900230 122.4
1900240 122.4
1900250 122.3
1900260 122.2
1900270 122.2
1900280 122.2
1900290 122.2
1900300 122.2
1900310 122.1
1900320 122.2
1900330 122.2
1900340 122.2
1900350 122.1
1900360 122.1
1900370 122.1
1900380 122.0
1900390 122.0
1900400 121.9
1900410 121.9
1900420 121.9
1900430 121.9
1900440 122.0
1900450 122.0
1900460 122.0
1900470 122.0
1900480 122.0
1900490 121.9
1900500 121.9
1900510 121.9
1900520 121.8
1900530 121.8
1900540 121.7
1900550 121.7
1900560 121.6
1900570 121.6
1900580 121.6
1900590 121.6
1900600 121.6
1900610 121.6
1900620 121.7
1900630 121.8
1900640 121.8
1900650 121.8
1900660 121.8
1900670 121.8
1900680 121.7
1900690 121.6
1900700 121.6
1900710 121.6
1900720 121.8
1900730 121.8
1900740 121.8
1900750 121.9
1900760 121.9
1900770 121.9
1900780 121.9
1900790 121.8
1900800 121.8
1900810 121.9
1900820 121.9
1900830 121.8
1900840 121.8
1900850 121.8
1900860 121.8
1900870 121.9
1900880 121.9
1900890 121.9
1900900 121.8
1900910 121.8
1900920 121.7
1900930 121.7
1900940 121.7
1900950 121.8
1900960 121.9
1900970 121.9
1900980 121.9
1900990 121.8
1901000 121.8
1901010 121.8
1901020 121.7
1901030 121.7
1901040 121.7
1901050 121.7
1901060 121.7
1901070 121.7
1901080 121.7
1901090 121.7
1901100 121.8
1901110 121.7
1901120 121.7
1901130 121.7
1901140 121.6
1901150 121.6
1901160 121.6
1901170 121.7
1901180 121.7
1901190 121.7
1901200 121.7
1901210 121.7
1901220 121.7
1901230 121.7
1901240 121.5
1901250 121.5
1901260 121.5
1901270 121.4
1901280 121.4
1901290 121.4
1901300 121.4
1901310 121.4
1901320 121.5
1901330 121.6
1901340 121.6
1901350 121.7
