1900000 122.0
1900010 122.0
1900020 122.0
1900030 122.2
1900040 122.2
1900050 122.4
1900060 122.6
1900070 122.6
1900080 122.9
1900090 123.2
1900100 123.2
1900110 123.3
1900120 123.4
1900130 123.4
1900140 123.4
1900150 123.3
1900160 123.3
1900170 123.3
1900180 123.2
1900190 123.2
1900200 123.2
1900210 123.2
1900220 123.1
1900230 123.1
1900240 123.1
1900250 123.0
1900260 123.0
1900270 123.0
1900280 122.9
1900290 122.9
1900300 122.8
1900310 122.7
1900320 122.7
1900330 122.7
1900340 122.5
1900350 122.5
1900360 122.4
1900370 122.3
1900380 122.3
1900390 122.2
1900400 122.1
1900410 122.1
1900420 122.1
1900430 122.0
1900440 122.0
1900450 122.1
1900460 122.0
1900470 122.0
1900480 122.0
1900490 122.0
1900500 122.0
1900510 121.9
1900520 122.0
1900530 122.0
1900540 122.0
1900550 121.9
1900560 121.9
1900570 121.9
1900580 121.8
1900590 121.8
1900600 121.7
1900610 121.7
1900620 121.7
1900630 121.8
1900640 121.8
1900650 121.8
1900660 121.8
1900670 121.8
1900680 121.8
1900690 121.7
1900700 121.6
1900710 121.6
1900720 121.6
1900730 121.6
1900740 121.6
1900750 121.5
1900760 121.5
1900770 121.5
1900780 121.5
1900790 121.5
1900800 121.5
1900810 121.6
1900820 121.7
1900830 121.7
1900840 121.7
1900850 121.7
1900860 121.7
1900870 121.7
1900880 121.6
1900890 121.6
1900900 121.6
1900910 121.7
1900920 121.6
1900930 121.6
1900940 121.6
1900950 121.6
1900960 121.6
1900970 121.6
1900980 121.7
1900990 121.7
1901000 121.7
1901010 121.7
1901020 121.7
1901030 121.7
1901040 121.7
1901050 121.7
1901060 121.8
1901070 121.7
1901080 121.7
1901090 121.7
1901100 121.7
1901110 121.7
1901120 121.6
1901130 121.6
1901140 121.6
1901150 121.5
1901160 121.6
1901170 121.6
1901180 121.5
1901190 121.5
1901200 121.5
1901210 121.4
