1900000 123.9
1900010 123.9
1900020 124.0
1900030 124.0
1900040 124.0
1900050 124.1
1900060 124.1
1900070 124.1
1900080 124.1
1900090 124.1
1900100 124.2
1900110 124.1
1900120 124.1
1900130 124.0
1900140 124.0
1900150 124.0
1900160 124.0
1900170 123.9
1900180 123.9
1900190 123.8
1900200 123.6
1900210 123.6
1900220 123.5
1900230 123.4
1900240 123.4
1900250 123.3
1900260 123.2
1900270 123.2
1900280 123.2
1900290 123.2
1900300 123.2
1900310 123.2
1900320 123.1
1900330 123.1
1900340 123.1
1900350 123.1
1900360 123.1
1900370 123.1
1900380 123.0
1900390 123.0
1900400 123.0
1900410 122.9
1900420 122.9
1900430 122.7
1900440 122.6
1900450 122.6
1900460 122.6
1900470 122.5
1900480 122.4
1900490 122.4
1900500 122.3
1900510 122.2
1900520 122.2
1900530 122.4
1900540 122.4
1900550 122.4
1900560 122.2
1900570 122.2
1900580 122.2
1900590 122.1
1900600 122.1
1900610 122.1
1900620 122.1
1900630 122.0
1900640 122.0
1900650 121.8
1900660 121.7
1900670 121.7
1900680 121.7
1900690 121.7
1900700 121.7
1900710 121.7
1900720 121.7
1900730 121.7
1900740 121.6
1900750 121.5
1900760 121.5
1900770 121.5
1900780 121.5
1900790 121.5
1900800 121.6
1900810 121.6
1900820 121.6
