1900000 123.6
1900010 123.5
1900020 123.5
1900030 123.5
1900040 123.5
1900050 123.5
1900060 123.4
1900070 123.5
1900080 123.5
1900090 123.3
1900100 123.2
1900110 123.2
1900120 123.0
1900130 123.0
1900140 123.0
1900150 122.8
1900160 122.6
1900170 122.6
1900180 122.4
1900190 122.2
1900200 122.2
1900210 121.9
1900220 121.6
1900230 121.6
1900240 121.2
1900250 121.1
1900260 121.1
1900270 121.1
1900280 121.1
1900290 121.1
1900300 121.2
1900310 121.2
1900320 121.2
1900330 121.2
1900340 121.2
1900350 121.2
1900360 121.2
1900370 121.2
1900380 121.2
1900390 121.3
1900400 121.4
1900410 121.4
1900420 121.6
1900430 121.7
1900440 121.7
1900450 121.9
1900460 121.8
1900470 121.8
1900480 121.9
1900490 121.8
1900500 121.8
1900510 121.8
1900520 121.8
1900530 121.8
1900540 121.8
1900550 121.7
1900560 121.7
1900570 121.5
1900580 121.3
1900590 121.3
1900600 121.2
1900610 121.1
1900620 121.1
