1900000 123.6
1900010 123.6
1900020 123.8
1900030 123.9
1900040 123.9
1900050 123.9
1900060 123.8
1900070 123.8
1900080 123.6
1900090 123.4
1900100 123.4
1900110 123.2
1900120 122.9
1900130 122.9
1900140 122.8
1900150 122.7
1900160 122.7
1900170 122.6
1900180 122.5
1900190 122.5
1900200 122.4
1900210 122.4
1900220 122.4
1900230 122.4
1900240 122.3
1900250 122.3
1900260 122.3
1900270 122.3
1900280 122.3
1900290 122.3
1900300 122.2
1900310 122.2
1900320 122.2
1900330 122.2
1900340 122.2
1900350 122.2
1900360 122.3
1900370 122.3
1900380 122.3
1900390 122.3
1900400 122.3
1900410 122.3
1900420 122.3
1900430 122.4
1900440 122.4
1900450 122.4
1900460 122.5
1900470 122.5
1900480 122.6
1900490 122.7
1900500 122.7
1900510 122.8
1900520 122.8
1900530 122.8
1900540 122.8
1900550 122.7
1900560 122.7
1900570 122.6
1900580 122.5
1900590 122.7
1900600 122.6
1900610 122.4
1900620 122.4
1900630 122.3
1900640 122.2
1900650 122.2
1900660 122.1
1900670 122.2
1900680 122.2
1900690 122.2
