1900000 124.0
1900010 123.9
1900020 123.9
1900030 123.9
1900040 123.9
1900050 123.9
1900060 123.9
1900070 123.9
1900080 123.9
1900090 124.0
1900100 124.0
1900110 124.0
1900120 124.1
1900130 124.1
1900140 124.1
1900150 124.0
1900160 123.9
1900170 123.9
1900180 123.8
1900190 123.8
1900200 123.8
1900210 123.8
1900220 123.8
1900230 123.8
1900240 123.8
1900250 123.8
1900260 123.8
1900270 123.8
1900280 123.8
1900290 123.9
1900300 123.9
1900310 124.2
1900320 124.1
1900330 124.1
1900340 124.1
1900350 124.0
1900360 124.0
1900370 123.9
1900380 123.8
1900390 123.8
1900400 123.6
1900410 123.5
1900420 123.5
1900430 123.4
1900440 123.3
1900450 123.3
1900460 123.2
1900470 123.2
1900480 123.2
1900490 123.1
1900500 122.9
1900510 122.9
1900520 122.8
1900530 122.7
1900540 122.7
1900550 122.6
1900560 122.5
1900570 122.5
1900580 122.3
1900590 122.1
1900600 122.1
1900610 122.0
1900620 121.9
1900630 121.9
1900640 121.8
1900650 121.8
1900660 121.8
1900670 121.7
1900680 121.6
1900690 121.6
1900700 121.5
1900710 121.5
1900720 121.5
1900730 121.5
1900740 121.5
1900750 121.5
