1900000 124.3
1900010 124.3
1900020 124.2
1900030 124.0
1900040 124.0
1900050 123.9
1900060 123.9
1900070 123.9
1900080 123.9
1900090 123.9
1900100 123.9
1900110 124.0
1900120 124.0
1900130 124.0
1900140 124.0
1900150 124.0
1900160 124.0
1900170 124.0
1900180 124.1
1900190 124.2
1900200 124.2
1900210 124.4
1900220 124.5
1900230 124.5
1900240 124.6
1900250 124.7
1900260 124.7
1900270 124.7
1900280 124.7
1900290 124.7
1900300 124.7
1900310 124.7
1900320 124.7
1900330 124.6
1900340 124.6
1900350 124.6
1900360 124.6
1900370 124.6
1900380 124.6
1900390 124.6
1900400 124.5
1900410 124.5
1900420 124.4
1900430 124.2
1900440 124.2
1900450 124.0
1900460 123.8
1900470 123.8
1900480 123.5
1900490 123.1
1900500 123.1
1900510 122.7
1900520 122.4
1900530 122.4
1900540 122.2
1900550 122.1
1900560 122.1
1900570 121.9
1900580 121.9
1900590 121.9
1900600 121.8
1900610 121.7
1900620 121.8
1900630 121.8
1900640 121.7
1900650 121.7
1900660 121.6
1900670 121.5
1900680 121.5
1900690 121.5
1900700 121.6
1900710 121.6
1900720 121.6
1900730 121.6
1900740 121.6
