1900000 122.4
1900010 122.6
1900020 122.6
1900030 122.6
1900040 122.6
1900050 122.7
1900060 122.8
1900070 122.9
1900080 122.9
1900090 122.9
1900100 122.8
1900110 122.7
1900120 122.7
1900130 122.6
1900140 122.6
1900150 122.6
1900160 122.5
1900170 122.4
1900180 122.4
1900190 122.5
1900200 122.6
1900210 122.6
1900220 122.5
1900230 122.5
1900240 122.5
1900250 122.4
1900260 122.2
1900270 122.2
1900280 121.9
1900290 121.8
1900300 121.8
1900310 121.7
1900320 121.8
1900330 121.8
1900340 121.9
1900350 122.1
1900360 121.9
1900370 122.1
1900380 122.3
1900390 122.3
1900400 122.4
1900410 122.6
1900420 122.6
1900430 122.6
1900440 122.6
1900450 122.6
1900460 122.6
1900470 122.5
1900480 122.5
1900490 122.5
1900500 122.5
1900510 122.5
1900520 122.5
1900530 122.5
1900540 122.5
1900550 122.5
1900560 122.5
1900570 122.5
1900580 122.4
1900590 122.4
1900600 122.4
1900610 122.3
1900620 122.3
1900630 122.3
1900640 122.3
1900650 122.4
1900660 122.4
