1900000 124.9
1900010 124.8
1900020 124.7
1900030 124.7
1900040 124.6
1900050 124.5
1900060 124.5
1900070 124.4
1900080 124.2
1900090 124.3
1900100 124.1
1900110 123.9
1900120 123.9
1900130 123.9
1900140 123.8
1900150 123.8
1900160 123.7
1900170 123.7
1900180 123.7
1900190 123.7
1900200 123.6
1900210 123.6
1900220 123.7
1900230 123.8
1900240 123.8
1900250 123.9
1900260 124.2
1900270 124.2
1900280 124.5
1900290 124.5
1900300 124.5
1900310 124.5
1900320 124.3
1900330 124.3
1900340 124.1
1900350 123.8
1900360 123.5
1900370 123.5
1900380 123.2
1900390 123.0
1900400 122.6
1900410 122.4
1900420 122.3
1900430 122.3
1900440 122.3
1900450 122.3
1900460 122.3
1900470 122.2
1900480 122.2
1900490 122.2
1900500 122.3
1900510 122.3
1900520 122.3
1900530 122.3
1900540 122.1
1900550 122.1
1900560 122.0
1900570 121.8
1900580 121.8
1900590 121.8
1900600 121.9
1900610 121.9
1900620 122.0
1900630 122.0
1900640 122.0
1900650 122.0
1900660 122.1
1900670 122.1
1900680 122.2
1900690 122.2
1900700 122.2
1900710 122.3
