1900000 124.3
1900010 124.3
1900020 124.2
1900030 124.1
1900040 124.1
1900050 124.0
1900060 124.0
1900070 124.0
1900080 124.0
1900090 124.0
1900100 124.0
1900110 123.9
1900120 124.0
1900130 124.0
1900140 124.1
1900150 124.2
1900160 124.2
1900170 124.2
1900180 124.1
1900190 124.1
1900200 124.1
1900210 124.3
1900220 124.3
1900230 124.4
1900240 124.5
1900250 124.5
1900260 124.6
1900270 124.6
1900280 124.6
1900290 124.6
1900300 124.7
1900310 124.7
1900320 124.8
1900330 124.8
1900340 124.8
1900350 124.8
1900360 124.8
1900370 124.8
1900380 124.7
1900390 124.5
1900400 124.3
1900410 124.0
1900420 123.6
1900430 123.6
1900440 123.2
1900450 122.9
1900460 122.9
1900470 122.7
1900480 122.6
1900490 122.6
1900500 122.4
1900510 122.2
1900520 122.2
1900530 122.1
1900540 122.0
1900550 122.0
1900560 122.0
1900570 122.0
1900580 122.0
1900590 121.9
1900600 121.8
1900610 121.8
1900620 121.7
1900630 121.7
1900640 121.7
1900650 121.7
1900660 121.7
1900670 121.8
1900680 121.8
1900690 121.8
1900700 121.9
1900710 122.0
1900720 122.1
