1900000 125.2
1900010 125.1
1900020 125.0
1900030 125.0
1900040 124.8
1900050 124.6
1900060 124.6
1900070 124.4
1900080 124.3
1900090 124.3
1900100 124.1
1900110 124.0
1900120 124.0
1900130 123.8
1900140 123.7
1900150 123.7
1900160 123.6
1900170 123.6
1900180 123.6
1900190 123.6
1900200 123.6
1900210 123.6
1900220 123.6
1900230 123.6
1900240 123.6
1900250 123.6
1900260 123.7
1900270 123.7
1900280 124.0
1900290 123.7
1900300 123.7
1900310 123.7
1900320 123.7
1900330 123.7
1900340 123.5
1900350 123.3
1900360 123.3
1900370 123.0
1900380 122.7
1900390 122.7
1900400 122.4
1900410 122.3
1900420 122.3
1900430 122.2
1900440 122.1
1900450 122.1
1900460 122.1
1900470 122.2
1900480 122.2
1900490 122.2
1900500 122.2
1900510 122.2
1900520 122.2
1900530 122.1
1900540 122.0
1900550 122.0
1900560 121.9
1900570 121.9
1900580 121.9
1900590 122.0
1900600 122.1
1900610 122.1
1900620 122.1
1900630 122.1
1900640 122.1
1900650 122.2
1900660 122.2
1900670 122.2
1900680 122.3
1900690 122.3
1900700 122.3
1900710 122.3
