1900000 125.0
1900010 125.1
1900020 125.1
1900030 125.1
1900040 124.9
1900050 124.9
1900060 124.7
1900070 124.5
1900080 124.5
1900090 124.3
1900100 124.0
1900110 124.0
1900120 123.8
1900130 123.6
1900140 123.6
1900150 123.4
1900160 123.3
1900170 123.3
1900180 123.2
1900190 123.1
1900200 123.0
1900210 123.0
1900220 123.0
1900230 122.9
1900240 122.9
1900250 122.9
1900260 123.0
1900270 123.0
1900280 123.0
1900290 122.9
1900300 122.9
1900310 122.8
1900320 122.6
1900330 122.6
1900340 122.5
1900350 122.3
1900360 122.3
1900370 122.1
1900380 122.1
1900390 122.1
1900400 122.1
1900410 122.1
1900420 122.1
1900430 122.2
1900440 122.3
1900450 122.3
1900460 122.3
1900470 122.3
1900480 122.3
1900490 122.2
1900500 122.2
1900510 122.2
1900520 122.1
1900530 122.1
1900540 122.1
1900550 122.0
1900560 122.0
1900570 122.0
1900580 122.1
1900590 122.2
1900600 122.2
1900610 122.3
1900620 122.3
1900630 122.3
1900640 122.3
1900650 122.3
1900660 122.3
1900670 122.3
1900680 122.3
1900690 122.3
1900700 122.3
1900710 122.3
1900720 122.3
