1900000 124.0
1900010 123.9
1900020 123.9
1900030 123.8
1900040 123.9
1900050 123.9
1900060 123.9
1900070 124.0
1900080 124.0
1900090 124.0
1900100 124.0
1900110 124.0
1900120 124.1
1900130 124.1
1900140 124.1
1900150 124.0
1900160 123.9
1900170 123.9
1900180 123.9
1900190 123.9
1900200 123.9
1900210 124.0
1900220 124.0
1900230 124.0
1900240 124.1
1900250 124.1
1900260 124.1
1900270 124.2
1900280 124.3
1900290 124.3
1900300 124.4
1900310 124.4
1900320 124.4
1900330 124.3
1900340 124.3
1900350 124.3
1900360 124.2
1900370 124.1
1900380 124.1
1900390 124.0
1900400 123.8
1900410 123.6
1900420 123.6
1900430 123.5
1900440 123.5
1900450 123.5
1900460 123.4
1900470 123.3
1900480 123.3
1900490 123.1
1900500 123.0
1900510 123.0
1900520 122.9
1900530 122.7
1900540 122.7
1900550 122.5
1900560 122.2
1900570 122.2
1900580 122.0
1900590 121.9
1900600 121.9
1900610 121.8
1900620 121.8
1900630 121.8
1900640 121.8
1900650 121.7
1900660 121.7
1900670 121.6
1900680 121.6
1900690 121.6
1900700 121.6
1900710 121.5
1900720 121.5
1900730 121.4
