1900000 123.1
1900010 123.2
1900020 123.2
1900030 123.2
1900040 123.3
1900050 123.3
1900060 123.4
1900070 123.3
1900080 123.3
1900090 123.1
1900100 123.0
1900110 123.0
1900120 123.1
1900130 123.1
1900140 123.1
1900150 122.9
1900160 122.7
1900170 122.7
1900180 122.6
1900190 122.5
1900200 122.5
1900210 122.3
1900220 122.1
1900230 122.1
1900240 121.8
1900250 121.5
1900260 121.5
1900270 121.3
1900280 121.2
1900290 121.2
1900300 121.2
1900310 121.2
1900320 121.2
1900330 121.3
1900340 121.3
1900350 121.3
1900360 121.3
1900370 121.4
1900380 121.4
1900390 121.5
1900400 121.8
1900410 122.0
1900420 122.0
1900430 122.1
1900440 122.4
1900450 122.4
1900460 122.5
1900470 122.6
1900480 122.6
1900490 122.6
1900500 122.6
1900510 122.6
1900520 122.5
1900530 122.4
1900540 122.4
1900550 122.4
1900560 122.3
1900570 122.3
1900580 122.2
1900590 122.1
1900600 122.1
1900610 122.0
1900620 122.0
1900630 122.0
