1900000 123.8
1900010 124.0
1900020 124.1
1900030 124.1
1900040 124.1
1900050 124.1
1900060 124.1
1900070 124.0
1900080 124.1
1900090 124.1
1900100 124.1
1900110 124.1
1900120 124.1
1900130 124.1
1900140 124.1
1900150 124.1
1900160 124.0
1900170 123.9
1900180 123.9
1900190 123.8
1900200 123.6
1900210 123.6
1900220 123.5
1900230 123.4
1900240 123.2
1900250 123.2
1900260 123.2
1900270 123.1
1900280 123.1
1900290 123.0
1900300 123.0
1900310 123.0
1900320 123.0
1900330 123.0
1900340 123.0
1900350 122.9
1900360 122.8
1900370 122.8
1900380 122.7
1900390 122.7
1900400 122.7
1900410 122.7
1900420 122.6
1900430 122.6
1900440 122.5
1900450 122.4
1900460 122.4
1900470 122.3
1900480 122.2
1900490 122.2
1900500 122.1
1900510 122.1
1900520 122.1
1900530 122.0
1900540 121.9
1900550 121.9
1900560 122.0
1900570 122.0
1900580 122.0
1900590 122.0
1900600 122.0
1900610 122.0
1900620 122.0
1900630 121.9
1900640 121.9
1900650 122.0
1900660 122.0
1900670 122.0
1900680 122.0
1900690 121.9
1900700 121.9
1900710 121.8
1900720 121.7
1900730 121.7
1900740 121.7
1900750 121.7
1900760 121.7
1900770 121.6
1900780 121.5
1900790 121.5
1900800 121.5
1900810 121.6
1900820 121.6
1900830 121.6
1900840 121.6
1900850 121.6
