1900000 123.1
1900010 122.9
1900020 122.8
1900030 122.8
1900040 122.8
1900050 122.9
1900060 122.9
1900070 122.9
1900080 123.0
1900090 123.0
1900100 123.0
1900110 122.8
1900120 122.8
1900130 122.4
1900140 122.1
1900150 122.1
1900160 121.7
1900170 121.5
1900180 121.5
1900190 121.4
1900200 121.2
1900210 121.2
1900220 121.0
1900230 120.9
1900240 120.9
1900250 120.9
1900260 120.9
1900270 120.9
1900280 120.9
1900290 120.9
1900300 120.9
1900310 120.9
1900320 120.8
1900330 120.8
1900340 120.8
1900350 120.7
1900360 120.8
1900370 120.8
1900380 120.8
1900390 120.7
1900400 120.7
1900410 120.7
1900420 120.8
1900430 120.8
1900440 120.8
1900450 120.8
1900460 120.8
1900470 120.8
1900480 120.9
1900490 120.9
1900500 121.1
1900510 121.2
1900520 121.2
1900530 121.5
