1900000 123.6
1900010 123.6
1900020 123.6
1900030 123.5
1900040 123.5
1900050 123.4
1900060 123.4
1900070 123.4
1900080 123.4
1900090 123.4
1900100 123.4
1900110 123.4
1900120 123.3
1900130 123.3
1900140 123.0
1900150 122.5
1900160 122.5
1900170 122.1
1900180 121.9
1900190 121.9
1900200 121.7
1900210 121.4
1900220 121.4
1900230 121.2
1900240 121.1
1900250 121.1
1900260 121.1
1900270 121.0
1900280 121.0
1900290 120.9
1900300 120.9
1900310 120.9
1900320 121.0
1900330 121.1
1900340 121.1
1900350 121.0
1900360 121.1
1900370 121.1
1900380 121.1
1900390 121.1
1900400 121.1
1900410 121.1
1900420 121.1
1900430 121.0
1900440 121.0
1900450 120.8
1900460 120.8
1900470 120.8
1900480 120.7
1900490 120.7
1900500 120.7
1900510 120.7
1900520 120.7
1900530 120.7
1900540 120.8
1900550 120.8
1900560 120.8
1900570 120.8
