1900000 123.2
1900010 123.2
1900020 123.1
1900030 123.1
1900040 123.1
1900050 123.2
1900060 123.2
1900070 123.3
1900080 123.4
1900090 123.4
1900100 123.3
1900110 123.2
1900120 123.2
1900130 123.1
1900140 122.6
1900150 122.2
1900160 122.2
1900170 121.9
1900180 121.4
1900190 121.4
1900200 121.1
1900210 121.1
1900220 121.1
1900230 121.0
1900240 121.0
1900250 121.0
1900260 120.9
1900270 120.9
1900280 120.9
1900290 120.9
1900300 120.9
1900310 120.9
1900320 121.0
1900330 120.9
1900340 120.9
1900350 120.9
1900360 120.8
1900370 120.8
1900380 120.8
1900390 120.8
1900400 120.8
1900410 120.8
1900420 120.7
1900430 120.7
1900440 120.7
1900450 120.8
1900460 120.8
1900470 120.8
1900480 120.8
1900490 120.8
1900500 120.8
1900510 120.9
1900520 120.9
1900530 121.0
1900540 121.1
