1900000 122.7
1900010 122.5
1900020 122.3
1900030 122.3
1900040 122.2
1900050 122.3
1900060 122.3
1900070 122.3
1900080 122.3
1900090 122.3
1900100 122.2
1900110 121.9
1900120 121.9
1900130 121.6
1900140 121.4
1900150 121.4
1900160 121.4
1900170 121.4
1900180 121.4
1900190 121.3
1900200 121.2
1900210 121.2
1900220 121.2
1900230 121.0
1900260 120.9
1900270 120.9
1900280 120.9
1900290 120.9
1900300 120.9
1900310 120.8
1900320 120.8
1900330 120.8
1900340 120.8
1900350 120.7
1900360 120.7
1900370 120.6
1900380 120.7
1900390 120.7
1900400 120.7
1900410 120.8
1900420 120.8
1900430 120.8
1900440 120.9
1900450 120.9
1900460 121.0
1900470 121.1
1900480 121.1
1900490 121.2
1900500 121.5
1900510 121.5
1900520 121.3
