1900000 125.5
1900010 125.5
1900020 125.5
1900030 125.2
1900040 125.2
1900050 125.0
1900060 124.9
1900070 124.9
1900080 124.9
1900090 125.0
1900100 125.0
1900110 124.9
1900120 124.8
1900130 124.8
1900140 124.8
1900150 124.7
1900160 124.7
1900170 124.7
1900180 124.7
1900190 124.7
1900200 124.6
1900210 124.6
1900220 124.6
1900240 124.7
1900250 124.7
1900260 124.8
1900270 124.9
1900280 124.9
1900290 124.9
1900300 124.8
1900310 124.8
1900320 124.8
1900330 124.7
1900340 124.7
1900350 124.7
1900360 124.8
1900370 124.8
1900380 124.8
1900390 124.9
1900400 124.9
1900410 124.9
1900420 124.9
1900430 124.9
1900440 124.9
1900450 124.8
1900460 124.8
1900470 124.8
1900480 125.0
1900490 125.0
1900500 125.1
1900510 125.1
1900520 125.1
1900530 125.1
1900540 124.9
1900550 124.9
1900560 124.9
1900570 124.9
1900580 125.0
1900590 125.0
1900600 125.0
1900610 124.9
1900620 125.0
1900630 124.9
1900640 124.9
1900650 124.9
1900660 124.9
1900670 124.9
1900680 124.9
1900690 124.8
1900700 124.8
1900710 124.8
1900720 124.8
1900730 124.7
1900740 124.7
1900750 124.7
1900760 124.7
1900770 124.7
1900780 124.6
1900790 124.5
1900800 124.5
1900810 124.5
1900820 124.6
1900830 124.6
1900840 124.6
1900850 124.7
1900860 124.7
1900870 124.7
1900880 124.7
1900890 124.7
1900900 124.8
1900910 124.9
1900920 124.9
1900930 125.0
1900940 125.0
1900950 125.0
1900960 125.1
1900970 125.2
1900980 125.2
1900990 125.2
1901000 125.2
1901010 125.2
1901020 125.3
1901030 125.3
1901040 125.3
1901050 125.3
1901060 125.3
1901070 125.3
1901080 125.4
1901090 125.3
1901100 125.3
1901110 125.4
1901120 125.6
1901130 125.6
1901140 125.6
1901150 125.6
1901160 125.6
1901170 125.5
1901180 125.4
1901190 125.4
1901200 125.3
1901210 125.2
1901220 125.2
1901230 125.0
1901240 125.0
1901250 125.0
1901260 124.9
1901270 124.9
1901280 124.8
1901290 124.8
1901300 124.6
1901310 124.5
1901320 124.5
1901330 124.4
1901340 124.3
1901350 124.3
1901360 124.3
1901370 124.6
1901380 124.6
1901390 124.6
1901400 124.6
1901410 124.6
1901420 124.7
1901430 124.6
1901440 124.6
1901450 124.5
1901460 124.4
1901470 124.4
1901480 124.3
1901490 124.3
1901500 124.3
1901510 124.2
1901520 124.1
1901530 124.1
1901540 124.1
1901550 124.0
1901560 124.0
1901570 123.8
1901580 123.6
1901590 123.6
1901600 123.6
1901610 123.4
1901620 123.4
1901630 123.3
1901640 123.4
1901650 123.4
1901660 123.4
1901670 123.4
1901680 123.4
1901690 123.4
1901700 123.4
1901710 123.4
1901720 123.5
1901730 123.7
1901740 123.7
1901750 123.9
1901760 123.9
1901770 123.9
1901780 124.1
