1900000 125.7
1900010 125.7
1900020 125.7
1900030 125.4
1900040 125.2
1900050 125.2
1900060 125.2
1900070 125.2
1900080 125.2
1900090 125.2
1900100 125.2
1900110 125.3
1900120 125.3
1900130 125.2
1900140 125.1
1900150 125.1
1900160 125.0
1900170 125.0
1900180 125.0
1900190 124.9
1900200 124.9
1900210 124.9
1900220 124.9
1900230 124.9
1900240 124.9
1900250 125.0
1900260 125.1
1900270 125.1
1900280 125.2
1900290 125.1
1900300 125.1
1900310 125.1
1900320 125.0
1900330 125.0
1900340 125.0
1900350 125.1
1900360 125.1
1900370 125.2
1900380 125.2
1900390 125.2
1900400 125.3
1900410 125.4
1900420 125.4
1900430 125.5
1900440 125.5
1900450 125.5
1900460 125.5
1900470 125.5
1900480 125.5
1900490 125.5
1900500 125.5
1900510 125.5
1900520 125.6
1900530 125.5
1900540 125.5
1900550 125.3
1900560 125.2
1900570 125.2
1900580 125.0
1900590 125.0
1900600 125.0
1900610 125.0
1900620 125.0
1900630 125.0
1900640 125.0
1900650 125.0
1900660 125.0
1900670 124.9
1900680 124.9
1900690 124.9
1900700 124.9
1900710 124.8
1900720 124.8
1900730 124.7
1900740 124.8
1900750 124.8
1900760 124.8
1900770 124.8
1900780 124.8
1900790 124.9
1900800 125.0
1900810 125.0
1900820 125.0
1900830 125.1
1900840 125.3
1900850 125.3
1900860 125.4
1900870 125.5
1900880 125.5
1900890 125.6
1900900 125.6
1900910 125.6
1900920 125.8
1900930 125.9
1900940 125.9
1900950 125.8
1900960 125.7
1900970 125.7
1900980 125.7
1900990 125.7
1901000 125.7
1901010 125.8
1901020 125.8
1901030 125.8
1901040 125.8
1901050 125.8
1901060 125.8
1901070 125.7
1901080 125.8
1901090 125.8
1901100 125.8
1901110 125.9
1901120 125.9
1901130 125.8
1901140 125.9
1901150 125.9
1901160 125.9
1901170 126.0
1901180 126.0
1901190 126.0
1901200 125.9
1901210 125.9
1901220 125.9
1901230 125.9
1901240 125.9
1901250 125.8
1901260 125.6
1901270 125.6
1901280 125.5
1901290 125.4
1901300 125.4
1901310 125.4
1901320 125.2
1901330 125.2
1901340 125.1
1901350 125.0
1901360 125.0
1901370 124.8
1901380 124.7
1901390 124.7
1901400 124.6
1901410 124.4
1901420 124.4
1901430 124.2
1901440 124.1
1901450 124.1
1901460 124.0
1901470 124.0
1901480 124.0
1901490 123.8
1901500 123.8
1901510 123.8
1901520 123.9
1901530 123.8
1901540 123.8
1901550 123.7
1901560 123.7
1901570 123.7
1901580 123.7
1901590 123.6
1901600 123.5
1901610 123.5
1901620 123.6
1901630 123.5
1901640 123.5
1901650 123.5
1901660 123.6
1901670 123.6
1901680 123.8
1901690 124.0
1901700 124.0
1901710 124.1
1901720 124.3
1901730 124.3
1901740 124.4
1901750 124.4
1901760 124.4
1901770 124.5
1901780 124.5
1901790 124.5
