1900000 126.1
1900010 126.1
1900020 125.8
1900030 125.6
1900040 125.6
1900050 125.5
1900060 125.4
1900070 125.4
1900080 125.2
1900090 125.2
1900100 125.2
1900110 125.1
1900120 125.0
1900130 125.0
1900140 124.9
1900150 124.7
1900160 124.7
1900170 124.7
1900180 124.7
1900190 124.7
1900200 124.9
1900210 125.0
1900220 125.0
1900230 125.1
1900240 125.2
1900250 125.2
1900260 125.2
1900270 125.2
1900280 125.2
1900290 125.3
1900300 125.4
1900310 125.4
1900320 125.6
1900330 125.7
1900340 125.7
1900350 125.6
1900360 125.6
1900370 125.6
1900380 125.5
1900390 125.5
1900400 125.5
1900410 125.4
1900420 125.4
1900430 125.3
1900440 125.3
1900450 125.3
1900460 125.3
1900470 125.3
1900480 125.4
1900490 125.3
1900500 125.3
1900510 125.1
1900520 125.1
1900530 125.1
1900540 125.3
1900550 125.2
1900560 125.2
1900570 125.2
1900580 125.1
1900590 125.2
1900600 125.1
1900610 125.1
1900620 125.1
1900630 125.1
1900640 125.1
1900650 125.1
1900660 125.1
1900670 125.1
1900680 125.1
1900690 125.1
1900700 125.2
1900710 125.2
1900720 125.4
1900730 125.5
1900740 125.5
1900750 125.5
1900760 125.6
1900770 125.6
1900780 125.7
1900790 125.7
1900800 125.7
1900810 125.7
1900820 125.8
1900830 125.8
1900840 125.8
1900850 125.8
1900860 125.8
1900870 125.9
1900880 126.0
1900890 126.0
1900900 125.9
1900910 125.9
1900920 125.9
1900930 125.8
1900940 125.8
1900950 125.8
1900960 125.8
1900970 125.8
1900980 125.8
1900990 125.7
1901000 125.7
1901010 125.7
1901020 125.8
1901030 125.8
1901040 125.8
1901050 125.9
1901060 126.0
1901070 126.0
1901080 126.1
1901090 126.1
1901100 126.1
1901110 126.2
1901120 126.2
1901130 126.2
1901140 126.1
1901150 126.0
1901160 126.0
1901170 126.2
1901180 126.2
1901190 126.3
1901200 126.3
1901210 126.3
1901220 126.3
1901230 126.3
1901240 126.2
1901250 126.2
1901260 126.2
1901270 126.2
1901280 126.0
1901290 126.0
1901300 125.8
1901310 125.7
1901320 125.7
1901330 125.7
1901340 125.2
1901350 125.2
1901360 124.7
1901370 124.4
1901380 124.4
1901390 124.1
1901400 123.9
1901410 123.9
1901420 123.8
1901430 123.7
1901440 123.7
1901450 123.6
1901460 123.5
1901470 123.5
1901480 123.6
1901490 123.6
1901500 123.6
1901510 123.6
1901520 123.8
1901530 123.8
1901540 123.8
1901550 123.8
1901560 123.8
1901570 123.8
1901580 123.9
1901590 123.9
1901600 124.2
1901610 124.5
1901620 124.5
1901630 124.6
1901640 124.8
1901650 124.8
1901660 124.9
1901670 124.9
1901680 124.9
1901690 124.8
1901700 124.9
1901710 124.9
1901720 124.8
1901730 124.7
1901740 124.7
1901750 124.7
1901760 124.6
1901770 124.6
1901780 124.6
