1900000 126.5
1900010 126.0
1900020 126.0
1900030 125.7
1900040 125.7
1900050 125.7
1900060 125.5
1900070 125.3
1900080 125.3
1900090 125.1
1900100 124.8
1900110 124.8
1900120 124.5
1900130 124.4
1900140 124.4
1900150 124.3
1900160 124.3
1900170 124.4
1900180 124.4
1900190 124.5
1900200 124.5
1900210 124.7
1900220 124.9
1900230 124.9
1900240 125.2
1900250 125.4
1900260 125.4
1900270 125.6
1900280 125.5
1900290 125.5
1900300 125.5
1900310 125.5
1900320 125.5
1900330 125.5
1900340 125.6
1900350 125.6
1900360 125.6
1900370 125.5
1900380 125.3
1900390 125.3
1900400 125.3
1900410 125.2
1900420 125.2
1900430 125.2
1900440 125.2
1900450 125.2
1900460 125.3
1900470 125.5
1900480 125.5
1900490 125.6
1900500 125.8
1900510 125.8
1900520 126.0
1900530 126.1
1900540 126.1
1900550 126.2
1900560 126.3
1900570 126.3
1900580 126.5
1900590 126.6
1900600 126.6
1900610 126.6
1900620 126.5
1900630 126.5
1900640 126.4
1900650 126.5
1900660 126.5
1900670 126.5
1900680 126.5
1900690 126.5
1900700 126.5
1900710 126.4
1900720 126.4
1900730 126.4
1900740 126.4
1900750 126.4
1900760 126.4
1900770 126.4
1900780 126.4
1900790 126.4
1900800 126.5
1900810 126.5
1900820 126.4
1900830 126.4
1900840 126.4
1900850 126.4
1900860 126.4
1900870 126.4
1900880 126.4
1900890 126.4
1900900 126.4
1900910 126.4
1900920 126.4
1900930 126.4
1900940 126.4
1900950 126.3
1900960 126.3
1900970 126.3
1900980 126.3
1900990 126.3
1901000 126.3
1901010 126.3
1901020 126.3
1901030 126.3
1901040 126.2
1901050 126.2
1901060 126.2
1901070 126.1
1901080 126.1
1901090 126.1
1901100 125.9
1901110 125.9
1901120 125.8
1901130 125.7
1901140 125.7
1901150 125.7
1901160 125.6
1901170 125.6
1901180 125.6
1901190 125.5
1901200 125.3
1901210 125.3
1901220 125.1
1901230 124.9
1901240 124.9
1901250 124.7
1901260 124.5
1901270 124.5
1901280 124.4
1901290 124.2
1901300 124.2
1901310 124.0
1901320 123.8
1901330 123.8
1901340 123.7
1901350 123.6
1901360 123.6
1901370 123.5
1901380 123.5
1901390 123.5
1901400 123.6
1901410 123.7
1901420 123.7
1901430 123.8
1901440 123.9
1901450 123.9
1901460 123.9
1901470 124.0
1901480 124.0
1901490 124.1
1901500 124.2
1901510 124.2
1901520 124.3
1901530 124.6
1901540 124.6
1901550 124.8
1901560 124.9
1901570 124.9
1901580 125.0
1901590 125.1
1901600 125.1
1901610 125.1
1901620 125.0
1901630 125.0
1901640 125.1
1901650 125.1
1901660 125.1
1901670 125.2
1901680 125.2
1901690 125.2
1901700 125.2
1901710 125.3
1901720 125.3
1901730 125.2
1901740 125.3
1901750 125.3
1901760 125.2
1901770 125.1
1901780 125.1
1901790 125.1
