1900000 126.4
1900010 126.3
1900020 126.0
1900030 126.0
1900040 125.8
1900050 125.5
1900060 125.5
1900070 125.3
1900080 125.2
1900090 125.2
1900100 125.2
1900110 125.3
1900120 125.3
1900130 125.3
1900140 125.3
1900150 125.3
1900160 125.3
1900170 125.3
1900180 125.3
1900190 125.2
1900200 125.1
1900210 125.1
1900220 125.1
1900230 125.0
1900240 125.0
1900250 125.0
1900260 125.0
1900270 125.0
1900280 124.9
1900290 124.9
1900300 124.9
1900310 124.9
1900320 124.9
1900330 124.8
1900340 124.7
1900350 124.7
1900360 124.7
1900370 124.7
1900380 124.6
1900390 124.6
1900400 124.6
1900410 124.5
1900420 124.5
1900430 124.5
1900440 124.5
1900450 124.5
1900460 124.5
1900470 124.5
1900480 124.5
1900490 124.4
1900500 124.4
1900510 124.4
1900520 124.3
1900530 124.2
1900540 124.2
1900550 124.2
1900560 124.2
1900570 124.2
1900580 124.2
1900590 124.2
1900600 124.2
1900610 124.2
1900620 124.2
1900630 124.2
1900640 124.2
1900650 124.2
1900660 124.2
1900670 124.1
1900680 124.1
1900690 124.2
1900700 124.2
1900710 124.3
1900720 124.3
1900730 124.3
1900740 124.2
1900750 124.2
1900760 124.2
1900770 124.3
1900780 124.3
1900790 124.3
1900800 124.3
1900810 124.3
1900820 124.3
1900830 124.3
1900840 124.3
1900850 124.3
1900860 124.3
1900870 124.3
1900880 124.3
1900890 124.4
1900900 124.5
1900910 124.5
1900920 124.6
1900930 124.7
1900940 124.7
1900950 124.7
1900960 124.7
1900970 124.7
1900980 124.7
1900990 124.7
1901000 124.7
1901010 124.7
1901020 124.7
1901030 124.7
1901040 124.6
1901050 124.5
1901060 124.5
1901070 124.3
1901080 124.1
1901090 124.1
1901100 124.0
1901110 124.0
1901120 124.0
1901130 124.1
1901140 124.2
1901150 124.2
1901160 124.3
1901170 124.3
1901180 124.3
1901190 124.2
1901200 124.3
1901210 124.3
1901220 124.5
1901230 124.6
1901240 124.6
1901250 124.6
1901260 124.7
1901270 124.7
1901280 124.7
1901290 124.7
1901300 124.7
1901310 124.6
1901320 124.5
1901330 124.5
1901340 124.4
1901350 124.4
1901360 124.4
1901370 124.3
1901380 124.3
1901390 124.3
1901400 124.3
1901410 124.3
1901420 124.3
1901430 124.3
1901440 124.3
1901450 124.3
1901460 124.3
1901470 124.4
1901480 124.5
1901490 124.5
1901500 124.5
1901510 124.5
1901520 124.5
1901530 124.4
1901540 124.4
1901550 124.4
1901560 124.4
1901570 124.4
1901580 124.4
1901590 124.4
1901600 124.4
1901610 124.4
1901620 124.4
1901630 124.4
1901640 124.4
1901650 124.5
1901660 124.6
1901670 124.6
1901680 124.6
1901690 124.6
1901700 124.6
1901710 124.6
1901720 124.6
1901730 124.6
1901740 124.6
1901750 124.6
1901760 124.6
1901770 124.6
1901780 124.6
1901790 124.6
1901800 124.7
1901810 124.7
1901820 124.7
1901830 124.7
1901840 124.7
1901850 124.7
1901860 124.8
1901870 124.9
1901880 124.9
1901890 125.1
1901900 125.3
1901910 125.3
1901920 125.5
1901930 125.7
1901940 125.7
1901950 125.8
1901960 125.7
1901970 125.7
1901980 125.7
1901990 125.7
1902000 125.7
1902010 125.7
1902020 125.6
1902030 125.6
1902040 125.6
1902050 125.6
1902060 125.6
1902070 125.6
1902080 125.6
1902090 125.6
1902100 125.6
1902110 125.6
1902120 125.6
1902130 125.6
1902140 125.6
1902150 125.6
1902160 125.5
1902170 125.5
1902180 125.5
1902190 125.5
1902200 125.4
1902210 125.4
1902220 125.4
1902230 125.4
1902240 125.3
1902250 125.3
1902260 125.2
1902270 125.2
1902280 125.2
1902290 125.2
1902300 125.2
1902310 125.2
1902320 125.2
1902330 125.2
1902340 125.2
1902350 125.2
1902360 125.2
1902370 125.2
1902380 125.1
1902390 125.2
1902400 125.2
1902410 125.2
1902420 125.2
1902430 125.2
1902440 125.1
1902450 125.1
1902460 125.1
1902470 125.0
1902480 124.9
1902490 124.9
1902500 125.1
1902510 125.0
1902520 125.0
1902530 125.1
1902540 125.1
1902550 125.1
1902560 125.2
1902570 125.2
1902580 125.2
1902590 125.2
1902600 125.3
1902610 125.3
1902620 125.3
1902630 125.3
1902640 125.3
1902650 125.2
1902660 125.1
1902670 125.1
1902680 125.1
1902690 125.1
1902700 125.1
1902710 125.1
1902720 125.1
1902730 125.1
1902740 125.0
1902750 125.1
1902760 125.1
1902770 125.0
1902780 125.0
1902790 125.0
1902800 125.1
1902810 125.0
1902820 125.0
1902830 125.1
1902840 125.1
1902850 125.1
1902860 124.9
1902870 124.9
1902880 124.9
1902890 124.9
1902900 125.0
1902910 125.0
1902920 124.9
1902930 125.0
1902940 125.0
1902950 125.0
1902960 124.8
1902970 124.8
1902980 124.8
1902990 124.8
1903000 124.8
1903010 124.8
1903020 124.9
