1900000 126.3
1900010 126.3
1900020 125.9
1900030 125.8
1900040 125.8
1900050 125.6
1900060 125.3
1900070 125.3
1900080 125.1
1900090 124.9
1900100 124.9
1900110 124.6
1900120 124.4
1900130 124.4
1900140 124.3
1900150 124.3
1900160 124.3
1900170 124.3
1900180 124.4
1900190 124.4
1900200 124.5
1900210 124.7
1900220 124.7
1900230 124.9
1900240 125.2
1900250 125.2
1900260 125.3
1900270 125.5
1900280 125.5
1900290 125.5
1900300 125.6
1900310 125.6
1900320 125.6
1900330 125.7
1900340 125.7
1900350 125.7
1900360 125.7
1900370 125.7
1900380 125.7
1900390 125.6
1900400 125.6
1900410 125.6
1900420 125.5
1900430 125.5
1900440 125.5
1900450 125.4
1900460 125.5
1900470 125.5
1900480 125.4
1900490 125.4
1900500 125.4
1900510 125.4
1900520 125.4
1900530 125.4
1900540 125.4
1900550 125.5
1900560 125.5
1900570 125.1
1900580 125.2
1900590 125.2
1900600 125.3
1900610 125.4
1900620 125.4
1900630 125.5
1900640 125.6
1900650 125.6
1900660 125.6
1900670 125.6
1900680 125.6
1900690 125.6
1900700 125.6
1900710 125.6
1900720 125.6
1900730 125.5
1900740 125.5
1900750 125.5
1900760 125.5
1900770 125.5
1900780 125.5
1900790 125.5
1900800 125.5
1900810 125.6
1900820 125.6
1900830 125.6
1900840 125.6
1900850 125.6
1900860 125.6
1900870 125.6
1900880 125.5
1900890 125.5
1900900 125.5
1900910 125.5
1900920 125.5
1900930 125.4
1900940 125.4
1900950 125.4
1900960 125.4
1900970 125.3
1900980 125.3
1900990 125.3
1901000 125.3
1901010 125.3
1901020 125.2
1901030 125.2
1901040 125.2
1901050 125.2
1901060 125.2
1901070 125.2
1901080 125.3
1901090 125.3
1901100 125.3
1901110 125.2
1901120 125.2
1901130 125.0
1901140 125.0
1901150 124.9
1901160 124.7
1901170 124.7
1901180 124.6
1901190 124.5
1901200 124.5
1901210 124.5
1901220 124.5
1901230 124.5
1901240 124.5
1901250 124.6
1901260 124.6
1901270 124.6
1901280 124.5
1901290 124.5
1901300 124.3
1901310 124.2
1901320 124.2
1901330 124.0
1901340 123.8
1901350 123.8
1901360 123.7
1901370 123.5
1901380 123.5
1901390 123.5
1901400 123.5
1901410 123.5
1901420 123.5
1901430 123.5
1901440 123.5
1901450 123.5
1901460 123.5
1901470 123.5
1901480 123.6
1901490 123.7
1901500 123.6
1901510 124.0
1901520 124.6
1901530 124.6
1901540 125.2
1901550 125.3
1901560 125.3
1901570 125.3
1901580 125.3
1901590 125.3
1901600 125.3
1901610 125.3
1901620 125.3
1901630 125.3
1901640 125.4
1901650 125.4
1901660 125.4
1901670 125.4
1901680 125.4
1901690 125.4
1901700 125.4
1901710 125.4
1901720 125.4
1901730 125.3
1901740 125.3
1901750 125.3
1901760 125.3
1901770 125.3
1901780 125.2
1901790 125.3
1901800 125.3
