1900000 126.7
1900010 126.4
1900020 126.1
1900030 125.9
1900040 125.9
1900050 125.7
1900060 125.4
1900070 125.4
1900080 125.2
1900090 125.0
1900100 125.0
1900110 124.7
1900120 124.5
1900130 124.5
1900140 124.4
1900150 124.4
1900160 124.4
1900170 124.3
1900180 124.3
1900190 124.3
1900200 124.4
1900210 124.4
1900220 124.4
1900230 124.5
1900240 124.5
1900250 124.5
1900260 124.4
1900270 124.4
1900280 124.4
1900290 124.5
1900300 124.6
1900310 124.6
1900320 124.7
1900330 124.8
1900340 124.8
1900350 125.0
1900360 125.0
1900370 125.0
1900380 125.0
1900390 125.0
1900400 125.0
1900410 124.9
1900420 125.0
1900430 125.0
1900440 125.0
1900450 125.0
1900460 125.0
1900470 124.9
1900480 124.9
1900490 124.9
1900500 124.7
1900510 124.6
1900520 124.6
1900530 124.4
1900540 124.4
1900550 124.4
1900560 124.4
1900570 124.3
1900580 124.3
1900590 124.3
1900600 124.3
1900610 124.3
1900620 124.4
1900630 124.4
1900640 124.4
1900650 124.4
1900660 124.5
1900670 124.5
1900680 124.5
1900690 124.6
1900700 124.6
1900710 124.6
1900720 124.6
1900730 124.6
1900740 124.7
1900750 124.7
1900760 124.7
1900770 124.8
1900780 124.8
1900790 124.8
1900800 124.8
1900810 124.8
1900820 124.8
1900830 124.8
1900840 124.8
1900850 124.8
1900860 124.8
1900870 124.8
1900880 124.5
1900890 124.5
1900900 124.6
1900910 124.5
1900920 124.5
1900930 124.6
1900940 124.6
1900950 124.6
1900960 124.7
1900970 124.7
1900980 124.7
1900990 124.6
1901000 124.6
1901010 124.6
1901020 124.6
1901030 124.6
1901040 124.6
1901050 124.6
1901060 124.6
1901070 124.6
1901080 124.6
1901090 124.6
1901100 124.6
1901110 124.5
1901120 124.4
1901130 124.4
1901140 124.3
1901150 124.3
1901160 124.3
1901170 124.2
1901180 124.2
1901190 124.2
1901200 124.1
1901210 124.2
1901220 124.2
1901230 124.2
1901240 124.2
1901250 124.2
1901260 124.2
1901270 124.2
1901280 124.2
1901290 124.1
1901300 124.0
1901310 124.0
1901320 123.9
1901330 123.7
1901340 123.7
1901350 123.6
1901360 123.5
1901370 123.5
1901380 123.4
1901390 123.4
1901400 123.4
1901410 123.5
1901420 123.4
1901430 123.4
1901440 123.4
1901450 123.4
1901460 123.4
1901470 123.4
1901480 123.5
1901490 123.5
1901500 123.7
1901510 124.0
1901520 124.0
1901530 124.6
1901540 125.1
1901550 125.3
1901560 125.3
1901570 125.4
1901580 125.4
1901590 125.4
1901600 125.4
1901610 125.4
1901620 125.4
1901630 125.4
1901640 125.5
1901650 125.5
1901660 125.5
1901670 125.5
1901680 125.5
1901690 125.5
1901700 125.5
1901710 125.5
1901720 125.4
1901730 125.4
1901740 125.4
1901750 125.4
1901760 125.3
1901770 125.3
1901780 125.3
