1900000 126.4
1900010 126.0
1900020 125.7
1900030 125.7
1900040 125.6
1900050 125.4
1900060 125.4
1900070 125.3
1900080 125.1
1900090 125.1
1900100 124.9
1900110 124.7
1900120 124.5
1900130 124.5
1900140 124.3
1900150 124.4
1900160 124.4
1900170 124.3
1900180 124.5
1900190 124.5
1900200 124.7
1900210 124.9
1900220 124.9
1900230 125.3
1900240 125.5
1900250 125.5
1900260 125.4
1900270 125.4
1900280 125.4
1900290 125.4
1900300 125.4
1900310 125.4
1900320 125.5
1900330 125.6
1900340 125.6
1900350 125.6
1900360 125.5
1900370 125.5
1900380 125.4
1900390 125.3
1900400 125.3
1900410 125.2
1900420 125.1
1900430 125.1
1900440 125.1
1900450 125.2
1900460 125.2
1900470 125.3
1900480 125.5
1900490 125.5
1900500 125.5
1900510 125.3
1900520 125.3
1900530 125.3
1900540 125.4
1900550 125.4
1900560 125.4
1900570 125.4
1900580 125.4
1900590 125.5
1900600 125.5
1900610 125.5
1900620 125.4
1900630 125.5
1900640 125.5
1900650 125.6
1900660 125.7
1900670 125.7
1900680 125.7
1900690 125.8
1900700 125.8
1900710 125.9
1900720 126.0
1900730 126.0
1900740 126.1
1900750 126.0
1900760 126.0
1900770 126.0
1900780 126.0
1900790 126.0
1900800 126.0
1900810 126.0
1900820 126.0
1900830 126.0
1900840 125.9
1900850 125.9
1900860 125.9
1900870 125.9
1900880 125.9
1900890 125.9
1900900 126.0
1900910 126.0
1900920 126.0
1900930 125.9
1900940 125.9
1900950 125.9
1900960 125.9
1900970 125.9
1900980 125.9
1900990 125.8
1901000 125.8
1901010 125.8
1901020 125.9
1901030 126.0
1901040 126.0
1901050 126.1
1901060 126.2
1901070 126.2
1901080 126.2
1901090 126.3
1901100 126.3
1901110 126.3
1901120 126.3
1901130 126.3
1901140 126.3
1901150 126.2
1901160 126.2
1901170 126.2
1901180 126.3
1901190 126.3
1901200 126.4
1901210 126.4
1901220 126.4
1901230 126.3
1901240 126.2
1901250 126.2
1901260 126.1
1901270 126.1
1901280 126.1
1901290 125.9
1901300 125.5
1901310 125.5
1901320 125.2
1901330 124.8
1901340 124.8
1901350 124.5
1901360 124.1
1901370 124.1
1901380 123.8
1901390 123.6
1901400 123.6
1901410 123.5
1901420 123.5
1901430 123.5
1901440 123.7
1901450 123.7
1901460 123.7
1901470 123.9
1901480 124.0
1901490 124.0
1901500 124.1
1901510 124.0
1901520 124.2
1901530 124.0
1901540 124.0
1901550 124.0
1901560 124.1
1901570 124.2
1901580 124.2
1901590 124.3
1901600 124.6
1901610 124.6
1901620 124.7
1901630 124.8
1901640 124.8
1901650 124.8
1901660 124.9
1901670 124.9
1901680 124.9
1901690 124.9
1901700 124.8
1901710 124.8
1901720 124.8
1901730 124.7
1901740 124.7
1901750 124.7
1901760 124.7
1901770 124.7
1901780 124.7
