1900000 126.6
1900010 126.4
1900020 126.4
1900030 126.2
1900040 126.0
1900050 126.0
1900060 125.8
1900070 125.7
1900080 125.7
1900090 125.6
1900100 125.5
1900110 125.5
1900120 125.4
1900130 125.4
1900140 125.4
1900150 125.4
1900160 125.3
1900170 125.3
1900180 125.2
1900190 125.1
1900200 125.1
1900210 125.0
1900220 125.0
1900230 125.0
1900240 124.9
1900250 124.8
1900260 124.8
1900270 124.8
1900280 124.7
1900290 124.7
1900300 124.7
1900310 124.6
1900320 124.6
1900330 124.6
1900340 124.5
1900350 124.5
1900360 124.5
1900370 124.4
1900380 124.4
1900390 124.4
1900400 124.3
1900410 124.3
1900420 124.3
1900430 124.3
1900440 124.2
1900450 124.2
1900460 124.2
1900470 124.1
1900480 124.1
1900490 124.0
1900500 124.0
1900510 124.0
1900520 124.0
1900530 123.9
1900540 123.9
1900550 123.9
1900560 124.0
1900570 124.0
1900580 124.0
1900590 124.0
1900600 124.0
1900610 123.9
1900620 123.9
1900630 123.9
1900640 124.0
1900650 123.9
1900660 123.9
1900670 123.9
1900680 123.9
1900690 123.9
1900700 123.9
1900710 123.9
1900720 123.9
1900730 123.9
1900740 123.8
1900750 123.8
1900760 123.8
1900770 123.8
1900780 123.8
1900790 123.8
1900800 123.8
1900810 123.8
1900820 123.8
1900830 123.8
1900840 123.8
1900850 123.8
1900860 123.8
1900870 123.9
1900880 123.9
1900890 124.0
1900900 124.0
1900910 124.0
1900920 124.0
1900930 124.0
1900940 124.0
1900950 124.0
1900960 124.0
1900970 124.0
1900980 124.1
1900990 124.1
1901000 124.2
1901010 124.3
1901020 124.3
1901030 124.4
1901040 124.4
1901050 124.4
1901060 124.5
1901070 124.5
1901080 124.5
1901090 124.5
1901100 124.4
1901110 124.4
1901120 124.4
1901130 124.4
1901140 124.4
1901150 124.4
1901160 124.4
1901170 124.4
1901180 124.5
1901190 124.6
1901200 124.6
1901210 124.6
1901220 124.6
1901230 124.5
1901240 124.5
1901250 124.4
1901260 124.1
1901270 124.1
1901280 123.9
1901290 123.7
1901300 123.7
1901310 123.6
1901320 123.6
1901330 123.6
1901340 123.7
1901350 123.8
1901360 123.8
1901370 123.9
1901380 124.0
1901390 124.0
1901400 124.1
1901410 124.1
1901420 124.1
1901430 124.0
1901440 124.0
1901450 124.0
1901460 123.9
1901470 123.8
1901480 123.8
1901490 123.9
1901500 123.9
1901510 123.9
1901520 123.9
1901530 124.0
1901540 124.0
1901550 124.1
1901560 124.2
1901570 124.2
1901580 124.3
1901590 124.4
1901600 124.4
1901610 124.6
1901620 124.7
1901630 124.7
1901640 124.8
1901650 124.9
1901660 124.9
1901670 125.0
1901680 125.1
1901690 125.1
1901700 125.2
1901710 125.2
1901720 125.2
1901730 125.3
1901740 125.4
1901750 125.4
1901760 125.4
1901770 125.5
1901780 125.5
1901790 125.5
1901800 125.7
1901810 125.7
1901820 125.8
1901830 125.9
1901840 125.9
1901850 125.9
1901860 125.9
1901870 125.9
1901880 125.8
1901890 125.7
1901900 125.7
1901910 125.7
1901920 125.6
1901930 125.5
1901940 125.5
1901950 125.5
1901960 125.4
1901970 125.4
1901980 125.3
1901990 125.3
1902000 125.3
1902010 125.3
1902020 125.4
1902030 125.4
1902040 125.3
1902050 125.3
1902060 125.3
1902070 125.3
1902080 125.4
1902090 125.4
1902100 125.4
1902110 125.4
1902120 125.4
1902130 125.4
1902140 125.5
1902150 125.5
1902160 125.4
1902170 125.4
1902180 125.4
1902190 125.3
1902200 125.3
1902210 125.3
1902220 125.3
1902230 125.4
1902240 125.4
1902250 125.3
1902260 125.3
1902270 125.3
1902280 125.3
1902290 125.3
1902300 125.3
1902310 125.3
1902320 125.3
1902330 125.3
1902340 125.3
1902350 125.3
1902360 125.3
1902370 125.2
1902380 125.2
1902390 125.2
1902400 125.3
1902410 125.3
1902420 125.3
1902430 125.3
1902440 125.4
1902450 125.4
1902460 125.3
1902470 125.3
1902480 125.3
1902490 125.2
1902500 125.0
1902510 125.0
1902520 125.0
1902530 125.0
1902540 125.0
1902550 124.9
1902560 124.9
1902570 124.9
1902580 124.9
1902590 124.8
1902600 124.8
1902610 124.9
1902620 125.0
1902630 125.0
1902640 125.0
1902650 125.1
1902660 125.0
1902670 125.0
1902680 125.1
1902690 125.1
1902700 125.1
1902710 125.0
1902720 125.1
1902730 125.1
1902740 125.2
1902750 125.2
1902760 125.2
1902770 125.2
1902780 125.3
1902790 125.3
1902800 125.3
1902810 125.3
1902820 125.3
1902830 125.3
1902840 125.4
1902850 125.4
1902860 125.1
1902870 125.0
1902880 125.0
1902890 125.1
1902900 125.1
1902910 125.1
1902920 125.0
