1900000 125.8
1900010 125.8
1900020 125.9
1900030 125.9
1900040 125.9
1900050 125.9
1900060 125.9
1900070 125.9
1900080 126.0
1900090 125.9
1900100 125.9
1900110 125.8
1900120 125.9
1900130 125.9
1900140 126.0
1900150 126.0
1900160 126.0
1900170 126.1
1900180 126.2
1900190 126.2
1900200 126.4
1900210 126.5
1900220 126.8
1900230 126.9
1900240 126.9
1900250 126.9
1900260 127.0
1900270 127.0
1900280 127.0
1900290 126.9
1900300 126.7
1900310 126.7
1900320 126.6
1900330 126.5
1900340 126.5
1900350 126.5
1900360 126.5
1900370 126.5
1900380 126.4
1900390 126.3
1900400 126.3
1900410 126.2
1900420 126.0
1900430 126.0
1900440 125.8
1900450 125.6
1900460 125.6
1900470 125.3
1900480 125.0
1900490 125.0
1900500 124.6
1900510 124.4
1900520 124.4
1900530 124.2
1900540 124.1
1900550 124.1
1900560 124.1
1900570 124.1
1900580 124.1
1900590 124.1
1900600 124.0
1900610 124.0
1900620 123.9
1900630 123.9
1900640 123.9
1900650 123.9
1900660 123.9
1900670 124.0
1900680 124.0
1900690 123.9
1900700 123.9
1900710 123.9
1900720 123.9
1900730 123.9
1900740 123.9
1900750 123.9
1900760 123.9
1900770 123.9
1900780 124.0
1900790 124.0
1900800 124.0
1900810 124.0
1900820 124.1
1900830 124.1
1900840 124.2
1900850 124.2
1900860 124.2
1900870 124.3
1900880 124.4
1900890 124.4
1900900 124.5
1900910 124.6
1900920 124.6
1900930 124.5
1900940 124.5
1900950 124.5
1900960 124.4
1900970 124.3
1900980 124.3
1900990 124.2
1901000 124.1
1901010 124.1
1901020 124.0
1901030 124.0
1901040 124.0
1901050 123.9
1901060 124.0
1901070 124.0
1901080 124.1
1901090 124.2
1901100 124.2
1901110 124.3
1901120 124.4
1901130 124.4
1901140 124.4
1901150 124.6
1901160 124.6
1901170 124.8
1901180 125.0
1901190 125.0
1901200 125.1
1901210 125.1
1901220 125.1
1901230 125.1
1901240 125.0
1901250 125.0
1901260 124.9
1901270 124.9
1901280 124.9
1901290 124.9
1901300 124.8
1901310 124.8
1901320 124.9
1901330 124.7
1901340 124.7
1901350 124.5
1901360 124.5
1901370 124.5
1901380 124.4
1901390 124.4
1901400 124.4
1901410 124.4
1901420 124.4
1901430 124.6
1901440 124.6
1901450 124.6
1901460 124.6
1901470 124.6
1901480 124.4
1901490 124.3
1901500 124.3
1901510 124.2
1901520 124.3
1901530 124.3
1901540 124.3
1901550 124.3
1901560 124.3
1901570 124.5
1901580 124.6
1901590 124.6
1901600 124.7
1901610 124.9
1901620 124.9
1901630 125.1
1901640 125.2
1901650 125.2
1901660 125.3
1901670 125.4
1901680 125.4
1901690 125.3
1901700 125.2
1901710 125.2
1901720 125.2
1901730 125.1
1901740 125.1
1901750 124.9
1901760 124.8
1901770 124.8
1901780 124.8
1901790 124.7
1901800 124.7
1901810 124.8
1901820 124.8
1901830 124.8
1901840 124.8
1901850 124.8
1901860 124.8
1901870 124.8
1901880 124.6
1901890 124.6
1901900 124.6
1901910 124.6
1901920 124.6
1901930 124.7
1901940 124.7
1901950 124.7
1901960 124.7
1901970 124.8
1901980 124.8
1901990 125.1
1902000 125.3
1902010 125.3
1902020 125.3
1902030 125.2
1902040 125.2
1902050 125.1
1902060 125.1
1902070 125.0
1902080 125.1
1902090 125.3
1902100 125.3
1902110 125.4
1902120 125.4
1902130 125.4
1902140 125.4
1902150 125.5
1902160 125.5
1902170 125.6
1902180 125.5
1902190 125.4
1902200 125.4
1902210 125.3
1902220 125.3
1902230 125.3
1902240 125.4
1902250 125.4
1902260 125.4
1902270 125.4
1902280 125.4
1902290 125.4
1902300 125.3
1902310 125.3
1902320 125.3
1902330 125.3
1902340 125.2
1902350 125.2
1902360 125.2
1902370 125.0
1902380 125.0
1902390 124.9
1902400 125.0
1902410 125.0
1902420 125.1
1902430 125.2
1902440 125.2
1902450 125.2
1902460 125.1
1902470 125.1
1902480 125.1
1902490 125.1
1902500 125.1
1902510 125.1
1902520 125.0
1902530 125.0
1902540 125.1
1902550 125.2
1902560 125.2
1902570 125.2
1902580 125.1
1902590 125.1
1902600 125.1
1902610 125.0
1902620 125.0
1902630 125.1
1902640 125.0
1902650 125.0
1902660 125.0
1902670 125.1
1902680 125.1
1902690 125.0
1902700 125.0
1902710 125.0
1902720 125.0
1902730 125.1
1902740 125.1
1902750 125.1
1902760 125.1
1902770 125.1
1902780 125.2
1902790 125.4
1902800 125.4
1902810 125.4
1902820 125.5
1902830 125.5
1902840 125.5
1902850 125.6
1902860 125.6
1902870 125.6
1902880 125.6
1902890 125.6
1902900 125.7
1902910 125.8
1902920 125.8
1902930 125.9
1902940 125.7
1902950 125.7
1902960 125.7
1902970 125.8
1902980 125.9
1902990 125.9
1903000 125.7
1903010 125.6
1903020 125.6
1903030 125.6
1903040 125.7
1903050 125.7
1903060 125.8
1903070 125.6
1903080 125.6
