1900000 128.8
1900010 129.0
1900020 129.0
1900030 129.0
1900040 129.1
1900050 129.2
1900060 129.2
1900070 129.3
1900080 129.3
1900090 129.2
1900100 129.2
1900110 129.2
1900120 129.2
1900130 129.2
1900140 129.2
1900150 129.1
1900160 129.1
1900170 129.0
1900180 128.9
1900190 128.9
1900200 128.9
1900210 128.9
1900220 128.9
1900230 128.8
1900240 128.8
1900250 128.8
1900260 128.8
1900270 128.8
1900280 128.8
1900290 128.8
1900300 128.8
1900310 128.8
1900320 128.8
1900330 128.7
1900340 128.7
1900350 128.7
1900360 128.6
1900370 128.6
1900380 128.5
1900390 128.5
1900400 128.5
1900410 128.4
1900420 128.3
1900430 128.3
1900440 128.2
1900450 128.1
1900460 128.1
1900470 128.0
1900480 127.9
1900490 127.9
1900500 127.9
1900510 127.9
1900520 127.9
1900530 127.8
1900540 127.7
1900550 127.7
1900560 127.7
1900570 127.6
1900580 127.6
1900590 127.6
1900600 127.6
1900610 127.6
1900620 127.6
1900630 127.6
1900640 127.6
1900650 127.6
1900660 127.6
1900670 127.6
1900680 127.6
1900690 127.6
1900700 127.6
1900710 127.5
1900720 127.2
1900730 127.2
1900740 127.0
1900750 126.8
1900760 126.8
1900770 126.6
1900780 126.3
1900790 126.3
1900800 126.1
1900810 125.9
1900820 125.9
1900830 125.7
1900840 125.5
1900850 125.3
1900860 125.3
1900870 125.2
1900880 125.3
1900890 125.3
1900900 125.3
1900910 125.1
1900920 125.1
1900930 124.8
1900940 124.6
1900950 124.6
1900960 124.5
1900970 124.5
1900980 124.5
1900990 124.5
1901000 124.6
1901010 124.6
1901020 124.6
1901030 124.7
1901040 124.7
1901050 124.9
1901060 125.0
1901070 125.0
1901080 125.0
1901090 125.0
1901100 125.0
1901110 125.0
1901120 125.0
1901130 125.0
1901140 125.1
1901150 125.1
1901160 125.1
1901170 125.1
1901180 125.0
1901190 125.0
1901200 125.0
1901210 125.0
1901220 125.0
1901230 125.0
1901240 125.0
1901250 125.0
1901260 125.0
1901270 125.0
1901280 125.0
1901290 125.0
1901300 125.0
1901310 125.0
1901320 125.0
1901330 125.0
1901340 125.0
1901350 125.0
1901360 125.0
1901370 125.0
1901380 125.0
1901390 125.1
1901400 125.1
1901410 125.1
1901420 125.1
1901430 125.1
1901440 125.1
1901450 125.0
1901460 125.0
1901470 124.9
1901480 124.9
1901490 124.9
1901500 124.9
1901510 125.0
1901520 125.0
1901530 125.0
1901540 125.0
1901550 125.0
1901560 125.0
1901570 125.0
1901580 125.0
1901590 125.0
1901600 124.9
1901610 124.9
1901620 124.9
1901630 124.8
1901640 124.7
1901650 124.7
1901660 124.6
1901670 124.6
1901680 124.6
1901690 124.6
1901700 124.7
1901710 124.7
1901720 124.8
1901730 124.8
1901740 124.8
1901750 124.9
1901760 125.0
1901770 125.0
1901780 125.2
1901790 125.3
1901800 125.3
1901810 125.1
1901820 125.0
1901830 125.0
1901840 124.9
1901850 125.0
1901860 125.0
1901870 124.9
1901880 124.9
1901890 124.9
1901900 125.0
1901910 125.0
1901920 125.0
1901930 125.1
1901940 125.1
1901950 125.1
1901960 125.0
1901970 125.0
1901980 125.0
1901990 125.1
1902000 125.1
1902010 125.1
1902020 125.1
1902030 125.0
1902040 125.0
1902050 125.1
1902060 125.2
1902070 125.2
1902080 125.1
1902090 125.1
1902100 125.1
1902110 125.1
1902120 125.1
1902130 125.1
1902140 125.1
1902150 125.1
1902160 125.1
1902170 125.1
1902180 125.1
1902190 125.1
1902200 125.1
1902210 125.0
1902220 125.0
1902230 125.0
1902240 125.0
1902250 125.0
1902260 125.0
1902270 125.0
1902280 125.0
1902290 125.0
1902300 125.1
1902310 125.1
1902320 125.2
1902330 125.4
1902340 125.4
1902350 125.2
1902360 125.3
1902370 125.3
1902380 125.1
1902390 125.0
1902400 125.0
1902410 125.0
1902420 125.1
1902430 125.1
1902440 125.1
1902450 125.1
1902460 125.0
1902470 125.0
1902480 125.0
1902490 125.1
1902500 125.1
1902510 125.1
1902520 125.0
1902530 125.0
1902540 125.0
1902550 124.9
1902560 124.9
1902570 124.8
1902580 124.8
1902590 124.8
1902600 124.7
1902610 124.6
1902620 124.6
1902630 124.5
1902640 124.3
1902650 124.3
1902660 124.1
1902670 124.1
1902680 124.1
1902690 124.1
1902700 124.1
1902710 124.1
1902720 124.1
1902730 124.2
1902740 124.2
1902750 124.3
1902760 124.4
1902770 124.4
1902780 124.6
1902790 124.8
1902800 124.8
1902810 124.9
1902820 125.0
1902830 125.0
1902840 124.9
1902850 124.8
1902860 124.8
1902870 124.8
1902880 124.7
1902890 124.7
1902900 124.7
1902910 124.8
1902920 124.8
1902930 124.7
1902940 124.7
1902950 124.7
1902960 124.7
1902970 124.8
1902980 124.8
1902990 124.9
1903000 124.9
1903010 124.9
1903020 124.9
1903030 125.0
1903040 125.0
1903050 125.0
1903060 125.0
1903070 125.0
1903080 125.0
1903090 125.1
1903100 125.1
1903110 125.2
1903120 125.3
1903130 125.3
1903140 125.2
1903150 125.1
1903160 125.2
1903170 125.1
1903180 125.0
1903190 124.9
1903200 124.9
1903210 124.8
1903220 124.8
1903230 124.8
1903240 124.9
1903250 124.9
1903260 124.9
1903270 124.9
1903280 124.8
1903290 124.8
1903300 124.7
1903310 124.8
1903320 124.8
1903330 124.9
1903340 124.9
1903350 124.9
