1900000 127.0
1900010 127.0
1900020 127.2
1900030 127.2
1900040 127.3
1900050 127.3
1900060 127.3
1900070 127.4
1900080 127.4
1900090 127.4
1900100 127.4
1900110 127.4
1900120 127.4
1900130 127.3
1900140 127.3
1900150 127.3
1900160 127.3
1900170 127.2
1900180 127.2
1900190 127.1
1900200 127.0
1900210 127.0
1900220 126.8
1900230 126.6
1900240 126.6
1900250 126.6
1900260 126.6
1900270 126.6
1900280 126.6
1900290 126.6
1900300 126.6
1900310 126.6
1900320 126.7
1900330 126.7
1900340 126.7
1900350 126.7
1900360 126.7
1900370 126.6
1900380 126.6
1900390 126.6
1900400 126.6
1900410 126.5
1900420 126.5
1900430 126.5
1900440 126.5
1900450 126.5
1900460 126.5
1900470 126.5
1900480 126.5
1900490 126.5
1900500 126.6
1900510 126.6
1900520 126.4
1900530 126.3
1900540 126.3
1900550 126.2
1900560 126.0
1900570 126.0
1900580 125.9
1900590 125.8
1900600 125.8
1900610 125.7
1900620 125.6
1900630 125.6
1900640 125.5
1900650 125.4
1900660 125.4
1900670 125.4
1900680 125.4
1900690 125.4
1900700 125.4
1900710 125.4
1900720 125.4
1900730 125.4
1900740 125.3
1900750 125.3
1900760 125.3
1900770 125.3
1900780 125.3
1900790 125.3
1900800 125.3
1900810 125.2
1900820 125.2
1900830 125.1
1900840 124.9
1900850 124.9
1900860 124.8
1900870 124.8
1900880 124.8
1900890 124.7
1900900 124.7
1900910 124.7
1900920 124.6
1900930 124.6
1900940 124.6
1900950 124.5
1900960 124.3
1900970 124.3
1900980 124.3
1900990 124.4
1901000 124.4
1901010 124.5
1901020 124.6
1901030 124.6
1901040 124.9
1901050 125.0
1901060 125.0
1901070 125.2
1901080 125.1
1901090 125.1
1901100 124.9
1901110 124.8
1901120 124.8
1901130 124.8
1901140 124.8
1901150 124.8
1901160 124.8
1901170 124.7
1901180 124.7
1901190 124.7
1901200 124.7
1901210 124.7
1901220 124.7
1901230 124.7
1901240 124.7
1901250 124.8
1901260 124.8
1901270 124.8
1901280 124.8
1901290 124.8
1901300 124.8
1901310 124.8
1901320 124.9
1901330 124.9
1901340 124.8
1901350 124.8
1901360 124.8
1901370 124.9
1901380 124.9
1901390 124.9
1901400 124.9
1901410 124.9
1901420 124.9
1901430 124.9
1901440 125.0
1901450 125.0
1901460 125.0
1901470 125.1
1901480 125.1
1901490 125.1
1901500 125.0
1901510 125.0
1901520 125.0
1901530 124.9
1901540 124.9
1901550 124.9
1901560 124.9
1901570 124.8
1901580 124.8
1901590 124.8
1901600 124.8
1901610 124.8
1901620 124.7
1901630 124.6
1901640 124.6
1901650 124.7
1901660 124.9
1901670 124.9
1901680 124.9
1901690 124.7
1901700 124.7
1901710 124.6
1901720 124.6
1901730 124.6
1901740 124.7
1901750 124.7
1901760 124.7
1901770 124.7
1901780 124.7
1901790 124.7
1901800 124.8
1901810 124.8
1901820 124.8
1901830 124.8
1901840 124.8
1901850 124.8
1901860 124.8
1901870 124.8
1901880 124.8
1901890 124.9
1901900 124.8
1901910 124.8
1901920 124.7
1901930 124.8
1901940 124.8
1901950 124.8
1901960 124.8
1901970 124.8
1901980 124.8
1901990 124.9
1902000 124.9
1902010 124.9
1902020 124.9
1902030 124.9
1902040 124.9
1902050 124.9
1902060 124.9
1902070 125.0
1902080 125.0
1902090 125.0
1902100 124.9
1902110 124.9
1902120 124.9
1902130 125.0
1902140 125.1
1902150 125.1
1902160 125.1
1902170 125.0
1902180 125.0
1902190 125.0
1902200 125.2
1902210 125.2
1902220 125.3
1902230 125.2
1902240 125.0
1902250 125.0
1902260 124.8
1902270 124.7
1902280 124.7
1902290 124.8
1902300 124.9
1902310 124.9
1902320 124.9
1902330 124.9
1902340 124.9
1902350 124.9
1902360 124.9
1902370 124.9
1902380 124.9
1902390 124.9
1902400 124.9
1902410 124.8
1902420 124.7
1902430 124.7
1902440 124.7
1902450 124.7
1902460 124.7
1902470 124.8
1902480 124.8
1902490 124.8
1902500 124.8
1902510 124.7
1902520 124.7
1902530 124.5
1902540 124.3
1902550 124.3
1902560 124.2
1902570 124.1
1902580 124.1
1902590 124.0
1902600 123.9
1902610 123.9
1902620 124.0
1902630 124.0
1902640 124.0
1902650 124.0
1902660 124.0
1902670 124.0
1902680 124.1
1902690 124.3
1902700 124.3
1902710 124.3
1902720 124.3
1902730 124.3
1902740 124.2
1902750 124.3
1902760 124.3
1902770 124.4
1902780 124.5
1902790 124.5
1902800 124.7
1902810 124.9
1902820 124.9
1902830 125.0
1902840 125.0
1902850 125.0
1902860 124.9
1902870 124.8
1902880 124.8
1902890 124.7
1902900 124.7
1902910 124.7
1902920 124.7
1902930 124.6
1902940 124.6
1902950 124.7
1902960 124.6
1902970 124.6
1902980 124.5
1902990 124.6
1903000 124.6
1903010 124.7
1903020 124.7
1903030 124.7
1903040 124.7
1903050 124.7
1903060 124.7
1903070 124.7
1903080 124.6
1903090 124.6
1903100 124.6
1903110 124.7
1903120 124.8
1903130 124.8
1903140 124.8
1903150 124.9
1903160 124.9
1903170 124.9
1903180 124.8
1903190 124.8
1903200 124.9
1903210 124.9
1903220 124.9
1903230 124.9
1903240 124.9
1903250 124.9
