1900000 127.5
1900010 127.5
1900020 127.5
1900030 127.5
1900040 127.5
1900050 127.5
1900060 127.5
1900070 127.5
1900080 127.5
1900090 127.5
1900100 127.5
1900110 127.5
1900120 127.5
1900130 127.5
1900140 127.5
1900150 127.4
1900160 127.4
1900170 127.4
1900180 127.3
1900190 127.1
1900200 127.1
1900210 126.9
1900220 126.8
1900230 126.8
1900240 126.7
1900250 126.7
1900260 126.7
1900270 126.8
1900280 126.8
1900290 126.8
1900300 126.8
1900310 126.9
1900320 126.9
1900330 126.9
1900340 126.8
1900350 126.8
1900360 126.8
1900370 126.8
1900380 126.8
1900390 126.8
1900400 126.9
1900410 126.9
1900420 126.9
1900430 126.8
1900440 126.8
1900450 126.8
1900460 126.8
1900470 126.9
1900480 126.9
1900490 126.9
1900500 126.8
1900510 126.8
1900520 126.7
1900530 126.7
1900540 126.7
1900550 126.6
1900560 126.5
1900570 126.5
1900580 126.4
1900590 126.3
1900600 126.3
1900610 126.1
1900620 126.0
1900630 126.0
1900640 125.9
1900650 125.9
1900660 125.9
1900670 125.8
1900680 125.8
1900690 125.8
1900700 125.7
1900710 125.7
1900720 125.7
1900730 125.6
1900740 125.6
1900750 125.6
1900760 125.5
1900770 125.5
1900780 125.5
1900790 125.5
1900800 125.4
1900810 125.4
1900820 125.3
1900830 125.2
1900840 125.2
1900850 125.0
1900860 124.9
1900870 124.9
1900880 124.8
1900890 124.7
1900900 124.7
1900910 124.6
1900920 124.5
1900930 124.5
1900940 124.4
1900950 124.3
1900960 124.3
1900970 124.3
1900980 124.4
1900990 124.4
1901000 124.5
1901010 125.0
1901020 125.0
1901030 125.1
1901040 125.1
1901050 125.1
1901060 125.0
1901070 124.9
1901080 124.9
1901090 124.9
1901100 124.9
1901110 124.9
1901120 124.9
1901130 124.9
1901140 124.8
1901150 124.8
1901160 124.8
1901170 124.8
1901180 124.8
1901190 124.8
1901200 124.8
1901210 124.8
1901220 124.8
1901230 124.8
1901240 124.8
1901250 124.8
1901260 124.8
1901270 124.8
1901280 124.8
1901290 124.9
1901300 124.9
1901310 125.0
1901320 125.0
1901330 125.0
1901340 125.0
1901350 125.0
1901360 125.0
1901370 125.0
1901380 125.1
1901390 125.1
1901400 125.1
1901410 125.0
1901420 125.1
1901430 125.0
1901440 125.0
1901450 125.0
1901460 125.0
1901470 125.1
1901480 125.1
1901490 125.1
1901500 125.1
1901510 125.1
1901520 125.1
1901530 125.1
1901540 125.1
1901550 125.0
1901560 125.0
1901570 125.0
1901580 125.0
1901590 124.9
1901600 124.9
1901610 124.8
1901620 124.8
1901630 124.8
1901640 124.7
1901650 124.6
1901660 124.6
1901670 124.6
1901680 124.7
1901690 124.7
1901700 124.9
1901710 124.8
1901720 124.8
1901730 124.7
1901740 124.7
1901750 124.7
1901760 124.6
1901770 124.7
1901780 124.7
1901790 124.6
1901800 124.6
1901810 124.6
1901820 124.7
1901830 124.8
1901840 124.8
1901850 124.8
1901860 124.7
1901870 124.7
1901880 124.7
1901890 124.7
1901900 124.7
1901910 124.8
1901920 124.9
1901930 124.9
1901940 124.9
1901950 124.8
1901960 125.0
1901970 125.0
1901980 125.0
1901990 125.0
1902000 125.0
1902010 125.0
1902020 125.0
1902030 125.0
1902040 125.1
1902050 125.1
1902060 125.1
1902070 125.1
1902080 125.1
1902090 125.1
1902100 125.1
1902110 125.1
1902120 125.1
1902130 125.0
1902140 125.0
1902150 125.0
1902160 125.0
1902170 125.1
1902180 125.1
1902190 125.0
1902200 124.9
1902210 124.9
1902220 125.0
1902230 125.1
1902240 125.1
1902250 125.2
1902260 125.2
1902270 125.2
1902280 125.1
1902290 124.9
1902300 124.9
1902310 124.8
1902320 124.9
1902330 124.9
1902340 125.0
1902350 125.0
1902360 125.0
1902370 125.0
1902380 124.9
1902390 124.9
1902400 124.9
1902410 124.9
1902420 124.9
1902430 124.8
1902440 124.7
1902450 124.7
1902460 124.6
1902470 124.6
1902480 124.6
1902490 124.7
1902500 124.6
1902510 124.6
1902520 124.5
1902530 124.4
1902540 124.4
1902550 124.3
1902560 124.1
1902570 124.1
1902580 124.0
1902590 123.9
1902600 123.9
1902610 123.9
1902620 123.8
1902630 123.8
1902640 123.8
1902650 123.8
1902660 123.8
1902670 123.9
1902680 123.9
1902690 124.0
1902700 124.0
1902710 124.0
1902720 124.1
1902730 124.1
1902740 124.2
1902750 124.2
1902760 124.2
1902770 124.2
1902780 124.3
1902790 124.3
1902800 124.5
1902810 124.8
1902820 124.8
1902830 124.9
1902840 124.9
1902850 124.9
1902860 124.9
1902870 124.8
1902880 124.8
1902890 124.9
1902900 124.8
1902910 124.8
1902920 124.7
1902930 124.7
1902940 124.7
1902950 124.7
1902960 124.7
1902970 124.7
1902980 124.7
1902990 124.7
1903000 124.7
1903010 124.8
1903020 124.9
1903030 124.9
1903040 125.0
1903050 124.9
1903060 124.9
1903070 124.9
1903080 124.9
1903090 124.9
1903100 124.9
1903110 124.8
1903120 124.8
1903130 124.8
1903140 124.8
1903150 124.8
1903160 124.9
1903170 124.9
1903180 124.9
1903190 124.8
1903200 124.7
1903210 124.7
1903220 124.8
1903230 124.9
1903240 124.9
1903250 124.9
1903260 124.9
1903270 124.9
1903280 124.8
1903290 124.8
1903300 124.8
