1900000 126.0
1900010 126.0
1900020 126.2
1900030 126.2
1900040 126.2
1900050 126.2
1900060 126.2
1900070 126.2
1900080 126.0
1900090 126.0
1900100 126.0
1900110 126.1
1900120 126.1
1900130 126.1
1900140 126.2
1900150 126.2
1900160 126.2
1900170 126.3
1900180 126.3
1900190 126.5
1900200 126.7
1900210 126.8
1900220 127.0
1900230 127.3
1900240 127.3
1900250 127.5
1900260 127.7
1900270 127.7
1900280 127.9
1900290 128.0
1900300 128.0
1900310 128.2
1900320 128.3
1900330 128.2
1900340 128.2
1900350 128.0
1900360 127.8
1900370 127.8
1900380 127.5
1900390 127.1
1900400 127.1
1900410 126.8
1900420 126.4
1900430 126.4
1900440 126.0
1900450 125.8
1900460 125.8
1900470 125.5
1900480 125.4
1900490 125.4
1900500 125.1
1900510 124.8
1900520 124.8
1900530 124.6
1900540 124.4
1900550 124.4
1900560 124.3
1900570 124.2
1900580 124.2
1900590 124.2
1900600 124.1
1900610 124.1
1900620 124.1
1900630 124.1
1900640 124.1
1900650 124.1
1900660 124.0
1900670 124.0
1900680 123.9
1900690 123.9
1900700 123.9
1900710 124.0
1900720 124.0
1900730 124.0
1900740 123.9
1900750 123.9
1900760 123.9
1900770 123.9
1900780 124.0
1900790 124.0
1900800 124.0
1900810 124.1
1900820 124.1
1900830 124.2
1900840 124.3
1900850 124.3
1900860 124.4
1900870 124.5
1900880 124.5
1900890 124.5
1900900 124.4
1900910 124.4
1900920 124.4
1900930 124.3
1900940 124.3
1900950 124.2
1900960 124.1
1900970 124.1
1900980 124.0
1900990 124.0
1901000 124.0
1901010 124.0
1901020 124.0
1901030 124.0
1901040 124.1
1901050 124.1
1901060 124.1
1901070 124.2
1901080 124.2
1901090 124.3
1901100 124.3
1901110 124.4
1901120 124.5
1901130 124.5
1901140 124.7
1901150 124.9
1901160 124.9
1901170 125.0
1901180 125.1
1901190 125.1
1901200 125.1
1901210 125.1
1901220 125.1
1901230 125.2
1901240 125.2
1901250 125.2
1901260 125.2
1901270 125.1
1901280 125.1
1901290 125.1
1901300 124.9
1901310 124.9
1901320 124.7
1901330 124.6
1901340 124.6
1901350 124.6
1901360 124.5
1901370 124.5
1901380 124.4
1901390 124.4
1901400 124.4
1901410 124.4
1901420 124.4
1901430 124.4
1901440 124.4
1901450 124.4
1901460 124.4
1901470 124.5
1901480 124.6
1901490 124.6
1901500 124.7
1901510 124.5
1901520 124.5
1901530 124.3
1901540 124.3
1901550 124.3
1901560 124.3
1901570 124.3
1901580 124.3
1901590 124.4
1901600 124.7
1901610 124.7
1901620 125.1
1901630 125.3
1901640 125.3
1901650 125.4
1901660 125.4
1901670 125.4
1901680 125.4
1901690 125.4
1901700 125.4
1901710 125.4
1901720 125.3
1901730 125.3
1901740 125.2
1901750 125.1
1901760 125.2
1901770 125.1
1901780 124.9
1901790 124.9
1901800 124.8
1901810 124.8
1901820 124.8
1901830 124.8
1901840 124.8
1901850 124.7
1901860 124.7
1901870 124.7
1901880 124.7
1901890 124.7
1901900 124.6
1901910 124.5
1901920 124.5
1901930 124.5
1901940 124.7
1901950 124.7
1901960 124.8
1901970 124.8
1901980 124.8
1901990 124.8
1902000 125.0
1902010 125.0
1902020 125.2
1902030 125.3
1902040 125.3
1902050 125.4
1902060 125.2
1902070 125.3
1902080 125.1
1902090 125.0
1902100 125.0
1902110 125.1
1902120 125.3
1902130 125.3
1902140 125.3
1902150 125.2
1902160 125.2
1902170 125.2
1902180 125.2
1902190 125.2
1902200 125.2
1902210 125.2
1902220 125.2
1902230 125.1
1902240 125.0
1902250 125.0
1902260 125.0
1902270 125.1
1902280 125.1
1902290 125.1
1902300 125.2
1902310 125.2
1902320 125.3
1902330 125.3
1902340 125.3
1902350 125.3
1902360 125.2
1902370 125.2
1902380 125.2
1902390 125.2
1902400 125.2
1902410 125.2
1902420 125.2
1902430 125.2
1902440 125.3
1902450 125.2
1902460 125.2
1902470 125.1
1902480 125.0
1902490 125.0
1902500 125.0
1902510 125.0
1902520 125.0
1902530 125.0
1902540 124.9
1902550 124.9
1902560 124.9
1902570 125.0
1902580 125.0
1902590 125.0
1902600 125.0
1902610 125.0
1902620 125.0
1902630 125.1
1902640 125.1
1902650 125.1
1902660 125.1
1902670 125.1
1902680 125.1
1902690 125.2
1902700 125.2
1902710 125.2
1902720 125.2
1902730 125.2
1902740 125.2
1902750 125.3
1902760 125.3
1902770 125.3
1902780 125.3
1902790 125.3
1902800 125.3
1902810 125.4
1902820 125.5
1902830 125.5
1902840 125.5
1902850 125.6
1902860 125.6
1902870 125.6
1902880 125.6
1902890 125.6
1902900 125.6
1902910 125.6
1902920 125.6
1902930 125.6
1902940 125.7
1902950 125.7
1902960 125.6
1902970 125.6
1902980 125.6
1902990 125.3
1903000 125.1
1903010 125.1
1903020 124.9
1903030 124.7
1903040 124.7
1903050 124.6
1903060 124.7
1903070 124.7
1903080 124.7
1903090 124.7
1903100 124.7
