1900000 128.1
1900010 128.1
1900020 128.1
1900030 128.1
1900040 128.2
1900050 128.2
1900060 128.2
1900070 128.2
1900080 128.2
1900090 128.1
1900100 128.0
1900110 128.0
1900120 127.9
1900130 127.9
1900140 127.9
1900150 127.9
1900160 127.9
1900170 127.9
1900180 127.8
1900190 127.8
1900200 127.8
1900210 127.8
1900220 127.8
1900230 127.8
1900240 127.8
1900250 127.7
1900260 127.5
1900270 127.5
1900280 127.5
1900290 127.5
1900300 127.5
1900310 127.6
1900320 127.6
1900330 127.6
1900340 127.5
1900350 127.5
1900360 127.5
1900370 127.5
1900380 127.5
1900390 127.5
1900400 127.5
1900410 127.6
1900420 127.6
1900430 127.6
1900440 127.6
1900450 127.6
1900460 127.5
1900470 127.5
1900480 127.5
1900490 127.6
1900500 127.6
1900510 127.6
1900520 127.6
1900530 127.5
1900540 127.5
1900550 127.5
1900560 127.5
1900570 127.4
1900580 127.3
1900590 127.3
1900600 127.3
1900610 127.3
1900620 127.3
1900630 127.3
1900640 127.3
1900650 127.3
1900660 127.3
1900670 127.2
1900680 127.2
1900690 127.2
1900700 127.1
1900710 127.1
1900720 127.1
1900730 127.1
1900740 127.1
1900750 127.1
1900760 127.0
1900770 127.0
1900780 127.0
1900790 127.1
1900800 127.2
1900810 127.2
1900820 126.8
1900830 126.2
1900840 126.2
1900850 125.7
1900860 125.3
1900870 125.3
1900880 125.1
1900890 125.0
1900900 125.0
1900910 124.9
1900920 124.8
1900930 124.8
1900940 124.8
1900950 124.8
1900960 124.8
1900970 124.8
1900980 124.7
1900990 124.7
1901000 124.7
1901010 124.7
1901020 124.7
1901030 124.6
1901040 124.6
1901050 124.6
1901060 124.7
1901070 124.8
1901080 124.8
1901090 124.9
1901100 124.9
1901110 124.9
1901120 125.0
1901130 125.1
1901140 125.1
1901150 125.1
1901160 125.1
1901170 125.2
1901180 125.2
1901190 125.2
1901200 125.3
1901210 125.3
1901220 125.3
1901230 125.3
1901240 125.3
1901250 125.4
1901260 125.4
1901270 125.4
1901280 125.3
1901290 125.2
1901300 125.2
1901310 125.2
1901320 125.3
1901330 125.3
1901340 125.3
1901350 125.3
1901360 125.3
1901370 125.3
1901380 125.2
1901390 125.2
1901400 125.2
1901410 125.1
1901420 125.1
1901430 125.0
1901440 125.0
1901450 125.0
1901460 124.9
1901470 124.8
1901480 124.8
1901490 124.8
1901500 124.8
1901510 124.8
1901520 124.8
1901530 124.8
1901540 124.8
1901550 124.8
1901560 124.8
1901570 124.8
1901580 124.7
1901590 124.6
1901600 124.6
1901610 124.6
1901620 124.6
1901630 124.6
1901640 124.6
1901650 124.6
1901660 124.6
1901670 124.7
1901680 124.7
1901690 124.7
1901700 124.8
1901710 125.0
1901720 125.0
1901730 125.1
1901740 125.1
1901750 125.1
1901760 125.1
1901770 125.1
1901780 125.1
1901790 125.0
1901800 125.0
1901810 125.0
1901820 124.9
1901830 124.9
1901840 124.9
1901850 125.1
1901860 125.4
1901870 125.4
1901880 125.5
1901890 125.3
1901900 125.3
1901910 125.2
1901920 125.2
1901930 125.3
1901940 125.3
1901950 125.3
1901960 125.3
1901970 125.3
1901980 125.3
1901990 125.3
1902000 125.3
1902010 125.2
1902020 125.2
1902030 125.2
1902040 125.2
1902050 125.2
1902060 125.2
1902070 125.2
1902080 125.1
1902090 125.1
1902100 125.1
1902110 125.1
1902120 125.1
1902130 125.1
1902140 125.1
1902150 125.1
1902160 125.0
1902170 125.1
1902180 125.1
1902190 125.1
1902200 125.2
1902210 125.2
1902220 125.2
1902230 125.2
1902240 125.2
1902250 125.2
1902260 125.3
1902270 125.3
1902280 125.2
1902290 125.1
1902300 125.1
1902310 125.1
1902320 125.1
1902330 125.1
1902340 125.2
1902350 125.1
1902360 125.1
1902370 125.2
1902380 125.3
1902390 125.3
1902400 125.5
1902410 125.5
1902420 125.5
1902430 125.6
1902440 125.5
1902450 125.5
1902460 125.3
1902470 125.2
1902480 125.2
1902490 125.2
1902500 125.4
1902510 125.4
1902520 125.5
1902530 125.4
1902540 125.4
1902550 125.5
1902560 125.6
1902570 125.6
1902580 125.6
1902590 125.5
1902600 125.5
1902610 125.4
1902620 125.2
1902630 125.2
1902640 125.0
1902650 124.8
1902660 124.8
1902670 124.7
1902680 124.6
1902690 124.5
1902700 124.5
1902710 124.5
1902720 124.6
1902730 124.6
1902740 124.8
1902750 124.8
1902760 124.8
1902770 124.9
1902780 125.0
1902790 125.0
1902800 124.9
1902810 124.9
1902820 124.9
1902830 124.9
1902840 124.8
1902850 124.8
1902860 124.8
1902870 124.8
1902880 124.8
1902890 124.8
1902900 124.8
1902910 124.8
1902920 124.7
1902930 124.7
1902940 124.7
1902950 124.7
1902960 124.8
1902970 124.8
1902980 124.9
1902990 125.0
1903000 125.0
1903010 125.1
1903020 125.1
1903030 125.1
1903040 125.2
1903050 125.1
1903060 125.1
1903070 125.1
1903080 125.1
1903090 125.1
1903100 125.0
1903110 125.0
1903120 125.0
1903130 124.9
1903140 124.9
1903150 124.9
1903160 124.9
1903170 124.9
1903180 124.9
1903190 125.0
1903200 125.0
1903210 125.0
1903220 125.0
1903230 124.9
1903240 124.9
1903250 124.9
1903260 124.8
1903270 124.8
1903280 124.7
1903290 124.7
1903300 124.7
1903310 124.8
1903320 124.8
1903330 124.8
1903340 124.9
1903350 124.9
1903360 124.9
1903370 124.9
1903380 125.0
1903390 125.0
