1900000 126.0
1900010 126.0
1900020 126.0
1900030 126.1
1900040 126.2
1900050 126.2
1900060 126.2
1900070 126.2
1900080 126.2
1900090 126.2
1900100 126.3
1900110 126.3
1900120 126.4
1900130 126.6
1900140 126.6
1900150 126.8
1900160 127.1
1900170 127.1
1900180 127.3
1900190 127.5
1900200 127.5
1900210 127.8
1900220 128.0
1900230 128.0
1900240 128.2
1900250 128.3
1900260 128.3
1900270 128.4
1900280 128.4
1900290 128.4
1900300 128.4
1900310 128.0
1900320 128.0
1900330 127.8
1900340 127.7
1900350 127.7
1900360 127.3
1900370 127.2
1900380 127.2
1900390 127.0
1900400 126.9
1900410 126.9
1900420 126.7
1900430 126.7
1900440 126.7
1900450 126.5
1900460 126.3
1900470 126.3
1900480 126.1
1900490 125.9
1900500 125.9
1900510 125.7
1900520 125.5
1900530 125.3
1900540 125.3
1900550 125.2
1900560 125.1
1900570 125.1
1900580 125.1
1900590 125.1
1900600 125.1
1900610 125.1
1900620 125.1
1900630 125.1
1900640 124.9
1900650 124.8
1900660 124.8
1900670 124.6
1900680 124.6
1900690 124.6
1900700 124.7
1900710 124.8
1900720 124.8
1900730 124.8
1900740 124.8
1900750 124.8
1900760 124.8
1900770 124.7
1900780 124.7
1900790 124.6
1900800 124.6
1900810 124.6
1900820 124.6
1900830 124.6
1900840 124.6
1900850 124.6
1900860 124.5
1900870 124.5
1900880 124.4
1900890 124.4
1900900 124.4
1900910 124.3
1900920 124.3
1900930 124.3
1900940 124.3
1900950 124.4
1900960 124.4
1900970 124.4
1900980 124.3
1900990 124.3
1901000 124.2
1901010 124.2
1901020 124.2
1901030 124.1
1901040 124.1
1901050 124.1
1901060 124.3
1901070 124.3
1901080 124.3
1901090 124.4
1901100 124.5
1901110 124.5
1901120 124.5
1901130 124.6
1901140 124.6
1901150 124.7
1901160 124.9
1901170 124.9
1901180 124.9
1901190 124.8
1901200 124.8
1901210 125.0
1901220 125.1
1901230 125.1
1901240 124.7
1901250 124.8
1901260 124.8
1901270 124.8
1901280 124.9
1901290 124.9
1901300 124.9
1901310 125.0
1901320 125.0
1901330 125.0
1901340 125.0
1901350 125.0
1901360 125.0
1901370 124.9
1901380 124.9
1901390 124.9
1901400 124.8
1901410 124.6
1901420 124.6
1901430 124.5
1901440 124.5
1901450 124.5
1901460 124.5
1901470 124.5
1901480 124.5
1901490 124.5
1901500 124.5
1901510 124.5
1901520 124.5
1901530 124.7
1901540 124.5
1901550 124.8
1901560 124.8
1901570 124.8
1901580 124.7
1901590 124.5
1901600 124.5
1901610 124.5
1901620 124.5
1901630 124.5
1901640 124.4
1901650 124.4
1901660 124.4
1901670 124.5
1901680 124.6
1901690 124.6
1901700 124.6
1901710 124.7
1901720 124.7
1901730 124.8
1901740 124.9
1901750 124.9
1901760 125.0
1901770 125.0
1901780 125.0
1901790 124.8
1901800 124.7
1901810 124.7
1901820 124.8
1901830 124.7
1901840 124.7
1901850 124.7
1901860 124.7
1901870 124.7
1901880 124.8
1901890 124.8
1901900 124.8
1901910 124.9
1901920 124.9
1901930 124.9
1901940 124.9
1901950 124.9
1901960 124.9
1901970 124.8
1901980 124.7
1901990 124.7
1902000 124.6
1902010 124.7
1902020 124.7
1902030 124.8
1902040 124.7
1902050 124.7
1902060 124.7
1902070 124.8
1902080 125.1
1902090 125.1
1902100 125.1
1902110 125.1
1902120 125.1
1902130 124.9
1902140 124.8
1902150 124.8
1902160 124.8
1902170 125.0
1902180 125.0
1902190 125.2
1902200 125.4
1902210 125.4
1902220 125.5
1902230 125.5
1902240 125.5
1902250 125.6
1902260 125.6
1902270 125.6
1902280 125.6
1902290 125.5
1902300 125.5
1902310 125.5
1902320 125.4
1902330 125.4
1902340 125.4
1902350 125.5
1902360 125.5
1902370 125.4
1902380 125.4
1902390 125.4
1902400 125.3
1902410 125.2
1902420 125.2
1902430 125.1
1902440 125.0
1902450 125.0
1902460 124.9
1902470 124.8
1902480 124.8
1902490 124.8
1902500 124.8
1902510 124.8
1902520 124.8
1902530 124.7
1902540 124.7
1902550 124.7
1902560 124.6
1902570 124.6
1902580 124.6
1902590 124.6
1902600 124.6
1902610 124.5
1902620 124.4
1902630 124.4
1902640 124.4
1902650 124.4
1902660 124.4
1902670 124.3
1902680 124.3
1902690 124.3
1902700 124.3
1902710 124.4
1902720 124.4
1902730 124.6
1902740 124.8
1902750 124.8
1902760 124.8
1902770 124.9
1902780 124.8
1902790 124.8
1902800 124.8
1902810 124.8
1902820 124.8
1902830 124.8
1902840 124.8
1902850 124.8
1902860 124.7
1902870 124.8
1902880 124.8
1902890 124.8
1902900 124.7
1902910 124.7
1902920 124.7
1902930 124.7
1902940 124.7
1902950 124.6
1902960 124.6
1902970 124.6
1902980 124.5
1902990 124.6
1903000 124.6
1903010 124.7
1903020 124.8
1903030 124.8
1903040 124.6
1903050 124.4
1903060 124.4
1903070 124.4
1903080 124.6
1903090 124.6
1903100 124.7
1903110 124.7
1903120 124.7
1903130 124.8
1903140 124.7
1903150 124.7
1903160 124.7
1903170 124.6
1903180 124.6
