1900000 126.3
1900010 126.3
1900020 126.3
1900030 126.3
1900040 126.3
1900050 126.3
1900060 126.4
1900070 126.4
1900080 126.4
1900090 126.5
1900100 126.5
1900110 126.7
1900120 126.8
1900130 126.8
1900140 127.0
1900150 127.1
1900160 127.1
1900170 127.1
1900180 127.1
1900190 127.1
1900200 127.0
1900210 127.0
1900220 127.0
1900230 127.0
1900240 127.0
1900250 127.0
1900260 127.1
1900270 127.1
1900280 127.1
1900290 127.1
1900300 127.0
1900310 127.0
1900320 126.8
1900330 126.8
1900340 126.8
1900350 126.7
1900360 126.6
1900370 126.6
1900380 126.6
1900390 126.6
1900400 126.6
1900410 126.5
1900420 126.5
1900430 126.5
1900440 126.5
1900450 126.4
1900460 126.4
1900470 126.3
1900480 126.2
1900490 126.2
1900500 126.1
1900510 125.9
1900520 125.9
1900530 125.7
1900540 125.6
1900550 125.6
1900560 125.7
1900570 125.6
1900580 125.5
1900590 125.5
1900600 125.4
1900610 125.4
1900620 125.4
1900630 125.3
1900640 125.3
1900650 125.3
1900660 125.2
1900670 125.2
1900680 125.2
1900690 125.2
1900700 125.2
1900710 125.2
1900720 125.2
1900730 125.2
1900740 125.2
1900750 125.2
1900760 125.1
1900770 125.1
1900780 125.0
1900790 125.0
1900800 125.0
1900810 125.0
1900820 124.9
1900830 124.9
1900840 124.8
1900850 124.8
1900860 124.8
1900870 124.7
1900880 124.7
1900890 124.7
1900900 124.6
1900910 124.6
1900920 124.6
1900930 124.6
1900940 124.6
1900950 124.6
1900960 124.5
1900970 124.4
1900980 124.4
1900990 124.4
1901000 124.4
1901010 124.4
1901020 124.4
1901030 124.4
1901040 124.4
1901050 124.5
1901060 124.5
1901070 124.5
1901080 124.5
1901090 124.6
1901100 124.6
1901110 124.8
1901120 124.7
1901130 124.7
1901140 124.9
1901150 124.8
1901160 124.8
1901170 124.7
1901180 124.7
1901190 124.7
1901200 124.7
1901210 124.7
1901220 124.7
1901230 124.8
1901240 124.9
1901250 124.9
1901260 125.0
1901270 125.0
1901280 125.0
1901290 125.0
1901300 125.0
1901310 125.0
1901320 124.9
1901330 124.9
1901340 124.9
1901350 124.9
1901360 124.9
1901370 125.0
1901380 125.0
1901390 125.0
1901400 125.0
1901410 125.0
1901420 125.0
1901430 125.1
1901440 125.1
1901450 125.1
1901460 125.0
1901470 125.0
1901480 124.9
1901490 124.7
1901500 124.7
1901510 124.6
1901520 124.6
1901530 124.6
1901540 124.6
1901550 124.6
1901560 124.6
1901570 124.6
1901580 124.6
1901590 124.6
1901600 124.8
1901610 124.9
1901620 124.9
1901630 124.7
1901640 124.5
1901650 124.5
1901660 124.5
1901670 124.5
1901680 124.5
1901690 124.5
1901700 124.5
1901710 124.5
1901720 124.6
1901730 124.6
1901740 124.6
1901750 124.6
1901760 124.6
1901770 124.6
1901780 124.6
1901790 124.7
1901800 124.7
1901810 124.8
1901820 124.9
1901830 124.9
1901840 125.0
1901850 125.0
1901860 125.0
1901870 125.1
1901880 125.2
1901890 125.2
1901900 125.2
1901910 125.2
1901920 125.2
1901930 125.2
1901940 125.2
1901950 125.2
1901960 125.2
1901970 125.1
1901980 125.1
1901990 125.1
1902000 125.1
1902010 125.1
1902020 125.0
1902030 124.9
1902040 124.9
1902050 124.8
1902060 124.7
1902070 124.7
1902080 124.8
1902090 124.8
1902100 124.8
1902110 124.8
1902120 124.8
1902130 124.9
1902140 124.9
1902150 125.0
1902160 125.0
1902170 125.0
1902180 125.0
1902190 124.8
1902200 124.8
1902210 124.7
1902220 124.7
1902230 124.7
1902240 124.9
1902250 125.0
1902260 125.0
1902270 125.0
1902280 124.9
1902290 124.9
1902300 124.9
1902310 124.9
1902320 124.9
1902330 124.9
1902340 124.8
1902350 124.8
1902360 124.7
1902370 124.6
1902380 124.6
1902390 124.6
1902400 124.7
1902410 124.7
1902420 124.7
1902430 124.7
1902440 124.7
1902450 124.7
1902460 124.7
1902470 124.7
1902480 124.7
1902490 124.6
1902500 124.6
1902510 124.6
1902520 124.6
1902530 124.6
1902540 124.4
1902550 124.3
1902560 124.3
1902570 124.2
1902580 124.1
1902590 124.1
1902600 124.0
1902610 123.9
1902620 123.9
1902630 123.9
1902640 124.0
1902650 124.0
1902660 124.2
1902670 124.4
1902680 124.4
1902690 124.6
1902700 124.7
1902710 124.7
1902720 124.8
1902730 124.8
1902740 124.8
1902750 124.9
1902760 124.9
1902770 124.9
1902780 124.9
1902790 125.0
1902800 125.0
1902810 125.0
1902820 125.0
1902830 125.0
1902840 125.0
1902850 124.9
1902860 124.9
1902870 124.8
1902880 124.8
1902890 124.8
1902900 124.8
1902910 124.8
1902920 124.9
1902930 124.9
1902940 125.0
1902950 125.1
1902960 125.1
1902970 125.1
1902980 125.1
1902990 125.1
1903000 125.0
1903010 124.9
1903020 124.9
1903030 124.7
1903040 124.7
1903050 124.7
1903060 124.8
1903070 124.7
1903080 124.7
1903090 124.6
1903100 124.4
1903110 124.4
1903120 124.5
1903130 124.6
1903140 124.6
1903150 124.7
1903160 124.7
1903170 124.7
1903180 124.7
1903190 124.7
1903200 124.7
1903210 124.7
