1900000 127.0
1900010 127.1
1900020 127.1
1900030 127.1
1900040 127.1
1900050 127.1
1900060 127.1
1900070 127.1
1900080 127.1
1900090 127.1
1900100 127.1
1900110 127.1
1900120 127.1
1900130 127.1
1900140 127.1
1900150 127.1
1900160 126.9
1900170 126.9
1900180 127.0
1900190 127.0
1900200 127.0
1900210 126.9
1900220 126.9
1900230 126.9
1900240 126.8
1900250 126.8
1900260 126.8
1900270 126.8
1900280 126.9
1900290 126.9
1900300 126.9
1900310 126.9
1900320 126.9
1900330 126.8
1900340 126.9
1900350 126.9
1900360 126.9
1900370 126.9
1900380 126.9
1900390 126.9
1900400 126.9
1900410 126.9
1900420 127.0
1900430 127.0
1900440 127.0
1900450 127.0
1900460 127.1
1900470 126.9
1900480 126.9
1900490 126.9
1900500 126.9
1900510 126.9
1900520 127.0
1900530 127.0
1900540 127.0
1900550 127.0
1900560 127.0
1900570 127.0
1900580 127.0
1900590 127.0
1900600 127.0
1900610 127.0
1900620 127.0
1900630 126.9
1900640 126.9
1900650 126.9
1900660 126.9
1900670 126.9
1900680 126.9
1900690 126.8
1900700 126.9
1900710 126.9
1900720 126.8
1900730 126.8
1900740 126.7
1900750 126.7
1900760 126.8
1900770 126.9
1900780 126.3
1900790 125.9
1900800 125.5
1900810 125.5
1900820 125.3
1900830 125.2
1900840 125.2
1900850 125.2
1900860 125.2
1900870 125.2
1900880 125.2
1900890 125.1
1900900 125.1
1900910 125.1
1900920 125.1
1900930 125.1
1900940 125.0
1900950 124.9
1900960 124.9
1900970 124.9
1900980 124.8
1900990 124.8
1901000 124.7
1901010 124.7
1901020 124.7
1901030 124.7
1901040 124.7
1901050 124.7
1901060 124.7
1901070 124.7
1901080 124.7
1901090 124.8
1901100 124.9
1901110 124.9
1901120 125.0
1901130 125.1
1901140 125.1
1901150 125.2
1901160 125.3
1901170 125.3
1901180 125.3
1901190 125.3
1901200 125.3
1901210 125.3
1901220 125.3
1901230 125.3
1901240 125.2
1901250 125.3
1901260 125.3
1901270 125.3
1901280 125.5
1901290 125.5
1901300 125.5
1901310 125.3
1901320 125.3
1901330 125.2
1901340 125.2
1901350 125.2
1901360 125.3
1901370 125.3
1901380 125.3
1901390 125.2
1901400 125.0
1901410 125.0
1901420 124.9
1901430 124.9
1901440 124.9
1901450 124.8
1901460 124.8
1901470 124.8
1901480 124.8
1901490 124.8
1901500 124.8
1901510 124.8
1901520 124.7
1901530 124.7
1901540 124.7
1901550 124.7
1901560 124.7
1901570 124.7
1901580 124.7
1901590 124.7
1901600 124.7
1901610 124.6
1901620 124.6
1901630 124.6
1901640 124.6
1901650 124.7
1901660 124.7
1901670 124.7
1901680 124.7
1901690 124.7
1901700 124.7
1901710 124.9
1901720 124.9
1901730 125.0
1901740 125.1
1901750 125.1
1901760 125.1
1901770 125.0
1901780 125.0
1901790 125.0
1901800 124.9
1901810 124.9
1901820 124.9
1901830 124.9
1901840 124.9
1901850 125.0
1901860 125.3
1901870 125.3
1901880 125.5
1901890 125.6
1901900 125.6
1901910 125.6
1901920 125.4
1901930 125.4
1901940 125.4
1901950 125.4
1901960 125.4
1901970 125.3
1901980 125.3
1901990 125.3
1902000 125.3
1902010 125.3
1902020 125.3
1902030 125.3
1902040 125.2
1902050 125.2
1902060 125.2
1902070 125.1
1902080 125.1
1902090 125.1
1902100 125.2
1902110 125.2
1902120 125.2
1902130 125.1
1902140 125.1
1902150 125.2
1902160 125.3
1902170 125.3
1902180 125.2
1902190 125.2
1902200 125.2
1902210 125.3
1902220 125.3
1902230 125.3
1902240 125.3
1902250 125.3
1902260 125.3
1902270 125.3
1902280 125.3
1902290 125.3
1902300 125.3
1902310 125.2
1902320 125.2
1902330 125.2
1902340 125.2
1902350 125.3
1902360 125.3
1902370 125.3
1902380 125.2
1902390 125.2
1902400 125.4
1902410 125.5
1902420 125.5
1902430 125.6
1902440 125.5
1902450 125.5
1902460 125.5
1902470 125.4
1902480 125.4
1902490 125.2
1902500 125.3
1902510 125.3
1902520 125.4
1902530 125.5
1902540 125.5
1902550 125.5
1902560 125.5
1902570 125.5
1902580 125.6
1902590 125.6
1902600 125.6
1902610 125.6
1902620 125.5
1902630 125.5
1902640 125.3
1902650 125.2
1902660 125.2
1902670 125.0
1902680 125.0
1902690 125.0
1902700 125.0
1902710 125.0
1902720 125.0
1902730 125.1
1902740 125.1
1902750 125.1
1902760 125.1
1902770 125.0
1902780 125.0
1902790 125.0
1902800 125.0
1902810 125.0
1902820 124.9
1902830 124.9
1902840 124.9
1902850 124.9
1902860 124.9
1902870 124.9
1902880 124.9
1902890 124.8
1902900 124.8
1902910 124.9
1902920 124.8
1902930 124.8
1902940 124.8
1902950 124.7
1902960 124.7
1902970 124.7
1902980 124.8
1902990 124.8
1903000 124.9
1903010 125.0
1903020 125.0
1903030 125.0
1903040 125.0
1903050 125.0
1903060 125.0
1903070 125.0
1903080 125.0
1903090 125.0
1903100 125.0
1903110 125.0
1903120 125.0
1903130 124.9
1903140 125.0
1903150 125.0
1903160 125.0
1903170 125.0
1903180 125.0
1903190 125.0
1903200 125.1
1903210 125.1
1903220 125.1
1903230 125.0
1903240 125.0
1903250 125.0
1903260 125.0
1903270 125.0
1903280 125.0
1903290 124.8
1903300 124.8
1903310 124.8
1903320 124.8
1903330 124.8
1903340 124.9
1903350 124.9
1903360 124.9
1903370 125.0
1903380 125.0
1903390 125.0
