1900000 128.9
1900010 128.9
1900020 129.0
1900030 129.0
1900040 129.0
1900050 129.1
1900060 129.3
1900070 129.3
1900080 129.4
1900090 129.3
1900100 129.3
1900110 129.4
1900120 129.6
1900130 129.6
1900140 129.7
1900150 129.4
1900160 129.4
1900170 129.0
1900180 128.4
1900190 128.4
1900200 128.2
1900210 127.9
1900220 127.9
1900230 127.6
1900240 127.4
1900250 127.4
1900260 127.4
1900270 127.4
1900280 127.4
1900290 127.5
1900300 127.6
1900310 127.6
1900320 127.5
1900330 127.5
1900340 127.5
1900350 127.4
1900360 127.4
1900370 127.4
1900380 127.4
1900390 127.5
1900400 127.5
1900410 127.5
1900420 127.6
1900430 127.7
1900440 127.7
1900450 127.9
1900460 128.0
1900470 128.0
1900480 128.1
1900490 128.1
1900500 128.1
1900510 128.0
1900520 127.9
1900530 127.9
1900540 127.8
1900550 127.7
1900560 127.7
1900570 127.6
1900580 127.5
1900590 127.5
1900600 127.5
1900610 127.5
1900620 127.5
1900630 127.5
1900640 127.4
1900650 127.4
1900660 127.4
1900670 127.3
1900680 127.3
1900690 127.2
1900700 127.2
1900710 127.1
1900720 127.0
1900730 126.9
1900740 126.9
1900750 126.8
1900760 126.8
1900770 126.8
1900780 126.8
1900790 126.8
1900800 126.8
1900810 126.9
1900820 126.9
1900830 126.9
1900840 126.9
1900850 126.8
1900860 126.8
1900870 126.9
1900880 127.0
1900890 127.0
1900900 127.1
1900910 127.3
1900920 127.3
1900930 127.5
1900940 127.6
1900950 127.6
1900960 127.7
1900970 127.7
1900980 127.7
1900990 127.8
1901000 127.8
1901010 127.8
1901020 127.9
1901030 127.9
1901040 127.9
1901050 127.7
1901060 127.6
1901070 127.6
1901080 127.4
1901090 127.2
1901100 127.2
1901110 127.0
1901120 126.9
1901130 126.9
1901140 126.8
1901150 126.8
1901160 126.8
1901170 126.6
1901180 126.6
1901190 126.5
1901200 126.5
1901210 126.5
1901220 126.5
1901230 126.5
1901240 126.3
1901250 126.2
1901260 126.2
1901270 125.5
1901280 122.0
1901290 122.0
1901300 120.7
1901310 120.5
1901320 120.5
1901330 119.7
1901340 119.2
1901350 119.2
1901360 119.2
1901370 119.6
1901380 119.6
1901390 120.1
1901400 120.4
1901410 120.4
1901420 120.1
1901430 119.9
1901440 119.9
1901450 123.1
1901460 125.8
1901470 125.8
1901480 125.7
1901490 125.7
1901500 125.7
1901510 125.7
1901520 125.7
1901530 125.7
1901540 125.6
1901550 125.5
1901560 125.5
1901570 125.5
1901580 125.5
1901590 125.5
1901600 125.5
1901610 125.5
1901620 125.5
1901630 125.5
1901640 125.3
1901650 125.3
1901660 125.3
1901670 125.4
1901680 125.4
1901690 125.4
1901700 125.4
1901710 125.4
1901720 125.3
1901730 125.3
1901740 125.3
1901750 125.3
1901760 125.3
1901770 125.3
1901780 125.4
1901790 125.4
1901800 125.4
1901810 125.4
1901820 125.4
1901830 125.4
1901840 125.4
1901850 125.5
1901860 125.5
1901870 125.6
1901880 125.6
1901890 125.6
1901900 125.6
1901910 125.5
1901920 125.5
1901930 125.5
1901940 125.5
1901950 125.5
1901960 125.7
1901970 125.9
1901980 126.0
1901990 126.0
1902000 125.9
1902010 125.9
1902020 125.9
1902030 125.8
1902040 125.7
1902050 125.7
1902060 125.6
1902070 125.6
1902080 125.6
1902090 125.6
1902100 125.6
1902110 125.6
1902120 125.6
1902130 125.6
1902140 125.6
1902150 125.6
1902160 125.6
1902170 125.6
1902180 125.6
1902190 125.7
1902200 125.7
1902210 125.7
1902220 125.6
1902230 125.6
1902240 125.6
1902250 125.7
1902260 125.7
1902270 125.7
1902280 125.7
1902290 125.7
1902300 125.7
1902310 125.7
1902320 125.7
1902330 125.7
1902340 125.7
1902350 125.7
1902360 125.6
1902370 125.6
1902380 125.6
1902390 125.7
1902400 125.8
1902410 125.8
1902420 125.8
1902430 125.7
1902440 125.7
1902450 125.7
1902460 125.7
1902470 125.7
1902480 125.8
1902490 125.9
1902500 125.9
1902510 126.0
1902520 126.1
1902530 126.1
1902540 126.2
1902550 126.4
1902560 126.4
1902570 126.4
1902580 126.4
1902590 126.4
1902600 126.4
1902610 126.4
1902620 126.4
1902630 126.4
1902640 126.4
1902650 126.4
1902660 126.3
1902670 126.3
1902680 126.3
1902690 126.2
1902700 126.2
1902710 126.2
1902720 126.1
1902730 125.9
1902740 125.9
1902750 125.8
1902760 125.7
1902770 125.6
1902780 125.6
1902790 125.5
1902800 125.5
1902810 125.5
1902820 125.4
1902830 125.4
1902840 125.4
1902850 125.5
1902860 125.5
1902870 125.4
1902880 125.4
1902890 125.3
1902900 125.3
1902910 125.4
1902920 125.6
1902930 125.6
1902940 125.7
1902950 125.5
1902960 125.5
1902970 125.5
1902980 125.3
1902990 125.3
1903000 125.3
1903010 125.3
1903020 125.3
1903030 125.4
1903040 125.4
1903050 125.4
1903060 125.4
1903070 125.5
1903080 125.5
1903090 125.5
1903100 125.6
1903110 125.6
1903120 125.6
1903130 125.5
1903140 125.5
1903150 125.6
1903160 125.5
1903170 125.5
1903180 125.5
1903190 125.5
1903200 125.5
1903210 125.6
1903220 125.5
1903230 125.5
1903240 125.4
1903250 125.4
1903260 125.4
1903270 125.4
1903280 125.4
1903290 125.4
1903300 125.4
1903310 125.3
1903320 125.3
1903330 125.3
1903340 125.4
1903350 125.4
1903360 125.5
1903370 125.4
1903380 125.4
1903390 125.5
1903400 125.6
1903410 125.6
1903420 125.6
1903430 125.7
1903440 125.7
1903450 125.7
1903460 125.6
1903470 125.6
1903480 125.5
1903490 125.5
1903500 125.5
1903510 125.4
1903520 125.4
1903530 125.4
1903540 125.5
1903550 125.6
1903560 125.7
1903570 125.7
1903580 125.6
1903590 125.6
1903600 125.6
1903610 125.7
1903620 125.7
1903630 125.7
1903640 125.6
1903650 125.4
1903660 125.4
1903670 125.3
1903680 125.3
1903690 125.3
1903700 125.3
1903710 125.3
1903720 125.3
