1900000 129.1
1900010 129.1
1900020 129.0
1900030 129.0
1900040 128.8
1900050 128.7
1900060 128.7
1900070 128.5
1900080 128.3
1900090 128.3
1900100 128.1
1900110 128.1
1900120 127.9
1900130 127.9
1900140 127.7
1900150 127.6
1900160 127.6
1900170 127.6
1900180 127.5
1900190 127.5
1900200 127.5
1900210 127.5
1900220 127.5
1900230 127.5
1900240 127.5
1900250 127.5
1900260 127.5
1900270 127.6
1900280 127.6
1900290 127.6
1900300 127.6
1900310 127.6
1900320 127.5
1900330 127.6
1900340 127.6
1900350 127.7
1900360 127.7
1900370 127.7
1900380 127.8
1900390 127.8
1900400 127.8
1900410 127.8
1900420 127.9
1900430 127.9
1900440 128.1
1900450 128.4
1900460 128.4
1900470 128.4
1900480 128.3
1900490 128.3
1900500 128.1
1900510 128.0
1900520 128.0
1900530 128.0
1900540 127.9
1900550 127.9
1900560 127.9
1900570 127.8
1900580 127.8
1900590 127.8
1900600 127.8
1900610 127.8
1900620 127.8
1900630 127.8
1900640 127.8
1900650 127.8
1900660 127.7
1900670 127.7
1900680 127.7
1900690 127.7
1900700 127.7
1900710 127.7
1900720 127.6
1900730 127.7
1900740 127.5
1900750 127.4
1900760 127.4
1900770 127.4
1900780 127.4
1900790 127.4
1900800 127.3
1900810 127.2
1900820 127.2
1900830 127.1
1900840 127.0
1900850 127.0
1900860 126.9
1900870 126.7
1900880 126.7
1900890 126.6
1900900 126.4
1900910 126.4
1900920 126.2
1900930 126.0
1900940 126.0
1900950 126.0
1900960 126.1
1900970 126.3
1900980 126.3
1900990 126.6
1901000 127.0
1901010 127.0
1901020 127.2
1901030 127.1
1901040 127.3
1901050 127.0
1901060 126.7
1901070 126.7
1901080 126.4
1901090 126.3
1901100 126.3
1901110 126.3
1901120 126.3
1901130 126.3
1901140 126.3
1901150 126.4
1901160 126.4
1901170 126.7
1901180 127.0
1901190 127.0
1901200 127.2
1901210 127.2
1901220 127.2
1901230 127.2
1901240 127.2
1901250 127.2
1901260 127.2
1901270 127.0
1901280 127.0
1901290 126.7
1901300 126.4
1901310 126.4
1901320 126.2
1901330 126.0
1901340 126.0
1901350 126.1
1901360 125.9
1901370 125.9
1901380 125.8
1901390 125.6
1901400 125.6
1901410 125.5
1901420 125.3
1901430 125.3
1901440 125.2
1901450 125.2
1901460 125.2
1901470 125.2
1901480 125.2
1901490 125.2
1901500 125.3
1901510 125.2
1901520 125.2
1901530 125.1
1901540 125.1
1901550 125.1
1901560 125.1
1901570 125.1
1901580 125.1
1901590 125.2
1901600 125.3
1901610 125.3
1901620 125.4
1901630 125.5
1901640 125.5
1901650 125.5
1901660 125.5
1901670 125.5
1901680 125.5
1901690 125.5
1901700 125.5
1901710 125.5
1901720 125.6
1901730 125.7
1901740 125.7
1901750 125.8
1901760 125.9
1901770 125.9
1901780 125.9
1901790 125.9
1901800 125.9
1901810 125.9
1901820 125.7
1901830 125.7
1901840 125.6
1901850 125.6
1901860 125.6
1901870 125.5
1901880 125.5
1901890 125.5
1901900 125.5
1901910 125.5
1901920 125.5
1901930 125.6
1901940 125.7
1901950 125.7
1901960 125.7
1901970 125.6
1901980 125.6
1901990 125.5
1902000 125.5
1902010 125.5
1902020 125.5
1902030 125.6
1902040 125.6
1902050 125.6
1902060 125.7
1902070 125.7
1902080 125.6
1902090 125.6
1902100 125.6
1902110 125.6
1902120 125.7
1902130 125.7
1902140 125.6
1902150 125.6
1902160 125.6
1902170 125.5
1902180 125.5
1902190 125.5
1902200 125.5
1902210 125.6
1902220 125.6
1902230 125.6
1902240 125.7
1902250 125.7
1902260 125.8
1902270 126.0
1902280 126.0
1902290 126.1
1902300 126.0
1902310 126.0
1902320 125.9
1902330 125.8
1902340 125.8
1902350 125.8
1902360 125.8
1902370 125.8
1902380 125.7
1902390 125.7
1902400 125.7
1902410 125.7
1902420 125.7
1902430 125.7
1902440 125.7
1902450 125.7
1902460 125.7
1902470 125.7
1902480 125.7
1902490 125.7
1902500 125.6
1902510 125.6
1902520 125.6
1902530 125.6
1902540 125.6
1902550 125.6
1902560 125.6
1902570 125.6
1902580 125.6
1902590 125.6
1902600 125.7
1902610 125.8
1902620 125.8
1902630 126.0
1902640 126.1
1902650 126.1
1902660 126.3
1902670 126.4
1902680 126.4
1902690 126.4
1902700 126.4
1902710 126.4
1902720 126.2
1902730 126.1
1902740 126.1
1902750 126.0
1902760 125.8
1902770 125.8
1902780 125.8
1902790 126.0
1902800 126.0
1902810 126.2
1902820 126.0
1902830 126.0
1902840 125.8
1902850 125.7
1902860 125.7
1902870 125.6
1902880 125.6
1902890 125.6
1902900 125.6
1902910 125.6
1902920 125.6
1902930 125.6
1902940 125.5
1902950 125.5
1902960 125.6
1902970 125.6
1902980 125.6
1902990 125.5
1903000 125.4
1903010 125.4
1903020 125.4
1903030 125.4
1903040 125.4
1903050 125.4
1903060 125.3
1903070 125.3
1903080 125.4
1903090 125.4
1903100 125.4
1903110 125.4
1903120 125.4
1903130 125.4
1903140 125.3
1903150 125.3
1903160 125.3
1903170 125.3
1903180 125.3
1903190 125.3
1903200 125.3
1903210 125.3
1903220 125.3
1903230 125.3
1903240 125.4
1903250 125.4
1903260 125.4
1903270 125.4
1903280 125.4
1903290 125.4
1903300 125.3
1903310 125.3
1903320 125.3
1903330 125.2
1903340 125.2
1903350 125.2
1903360 125.2
1903370 125.2
1903380 125.2
1903390 125.3
1903400 125.3
1903410 125.3
1903420 125.4
1903430 125.5
1903440 125.5
1903450 125.3
1903460 125.2
1903470 125.2
1903480 125.2
1903490 125.2
1903500 125.2
1903510 125.2
1903520 125.3
1903530 125.3
1903540 125.3
1903550 125.4
1903560 125.4
1903570 125.4
1903580 125.4
1903590 125.4
1903600 125.4
1903610 125.4
1903620 125.4
1903630 125.4
1903640 125.5
1903650 125.5
1903660 125.5
