1900000 127.1
1900010 127.1
1900020 127.1
1900030 127.1
1900040 127.2
1900050 127.2
1900060 127.2
1900070 127.2
1900080 127.2
1900090 127.2
1900100 127.2
1900110 127.2
1900120 127.2
1900130 127.2
1900140 127.2
1900150 127.2
1900160 127.2
1900170 127.2
1900180 127.1
1900190 127.1
1900200 127.1
1900210 127.1
1900220 127.1
1900230 127.1
1900240 127.0
1900250 127.0
1900260 127.0
1900270 126.9
1900280 126.9
1900290 126.9
1900300 126.9
1900310 126.9
1900320 126.9
1900330 126.8
1900340 126.9
1900350 126.9
1900360 126.9
1900370 127.0
1900380 127.0
1900390 127.0
1900400 127.1
1900410 127.1
1900420 127.2
1900430 127.3
1900440 127.3
1900450 127.5
1900460 127.6
1900470 127.6
1900480 127.7
1900490 127.7
1900500 127.7
1900510 127.7
1900520 127.7
1900530 127.7
1900540 127.7
1900550 127.7
1900560 127.7
1900570 127.7
1900580 127.7
1900590 127.7
1900600 127.7
1900610 127.7
1900620 127.8
1900630 127.8
1900640 127.9
1900650 128.2
1900660 128.2
1900670 128.2
1900680 127.9
1900690 127.9
1900700 127.7
1900710 127.6
1900720 127.6
1900730 127.4
1900740 127.3
1900750 127.3
1900760 127.3
1900770 127.1
1900780 127.1
1900790 127.0
1900800 126.9
1900810 126.9
1900820 126.9
1900830 126.9
1900840 126.9
1900850 126.7
1900860 126.7
1900870 126.7
1900880 126.5
1900890 126.3
1900900 126.3
1900910 126.1
1900920 126.0
1900930 126.0
1900940 125.9
1900950 125.7
1900960 125.7
1900970 125.6
1900980 125.5
1900990 125.5
1901000 125.4
1901010 125.3
1901020 125.3
1901030 125.2
1901040 125.1
1901050 125.1
1901060 125.1
1901070 125.1
1901080 125.1
1901090 125.1
1901100 125.1
1901110 125.1
1901120 125.0
1901130 125.0
1901140 125.0
1901150 124.9
1901160 124.8
1901170 124.9
1901180 124.8
1901190 124.8
1901200 124.8
1901210 124.8
1901220 124.9
1901230 124.9
1901240 124.9
1901250 124.9
1901260 124.9
1901270 124.9
1901280 125.0
1901290 125.0
1901300 125.0
1901310 125.0
1901320 124.9
1901330 124.9
1901340 125.0
1901350 125.1
1901360 125.1
1901370 125.1
1901380 125.1
1901390 125.1
1901400 125.2
1901410 125.2
1901420 125.2
1901430 125.2
1901440 125.3
1901450 125.3
1901460 125.3
1901470 125.3
1901480 125.2
1901490 125.3
1901500 125.3
1901510 125.3
1901520 125.2
1901530 125.1
1901540 125.1
1901550 125.0
1901560 125.0
1901570 125.0
1901580 124.9
1901590 124.9
1901600 124.9
1901610 124.9
1901620 125.0
1901630 125.0
1901640 125.1
1901650 125.1
1901660 125.1
1901670 125.1
1901680 125.1
1901690 125.1
1901700 125.0
1901710 125.0
1901720 125.0
1901730 124.9
1901740 124.9
1901750 124.9
1901760 125.0
1901770 125.0
1901780 125.0
1901790 125.1
1901800 125.2
1901810 125.2
1901820 125.2
1901830 125.2
1901840 125.2
1901850 125.1
1901860 125.0
1901870 125.0
1901880 125.0
1901890 125.1
1901900 125.1
1901910 125.1
1901920 125.1
1901930 125.1
1901940 125.1
1901950 125.1
1901960 125.1
1901970 125.1
1901980 125.2
1901990 125.2
1902000 125.3
1902010 125.5
1902020 125.5
1902030 125.6
1902040 125.5
1902050 125.5
1902060 125.3
1902070 125.3
1902080 125.3
1902090 125.3
1902100 125.4
1902110 125.4
1902120 125.4
1902130 125.4
1902140 125.5
1902150 125.5
1902160 125.6
1902170 125.6
1902180 125.6
1902190 125.6
1902200 125.6
1902210 125.6
1902220 125.6
1902230 125.7
1902240 125.7
1902250 125.8
1902260 125.8
1902270 125.8
1902280 125.8
1902290 125.9
1902300 125.9
1902310 125.8
1902320 125.7
1902330 125.7
1902340 125.6
1902350 125.6
1902360 125.6
1902370 125.6
1902380 125.5
1902390 125.5
1902400 125.5
1902410 125.5
1902420 125.5
1902430 125.6
1902440 125.5
1902450 125.5
1902460 125.4
1902470 125.4
1902480 125.4
1902490 125.4
1902500 125.6
1902510 125.6
1902520 125.6
1902530 125.7
1902540 125.7
1902550 125.9
1902560 126.1
1902570 126.1
1902580 126.0
1902590 126.1
1902600 126.1
1902610 126.0
1902620 125.7
1902630 125.7
1902640 125.5
1902650 125.4
1902660 125.4
1902670 125.5
1902680 125.5
1902690 125.5
1902700 125.5
1902710 125.4
1902720 125.4
1902730 125.4
1902740 125.5
1902750 125.5
1902760 125.5
1902770 125.4
1902780 125.4
1902790 125.4
1902800 125.3
1902810 125.3
1902820 125.3
1902830 125.3
1902840 125.3
1902850 125.3
1902860 125.3
1902870 125.3
1902880 125.3
1902890 125.3
1902900 125.3
1902910 125.3
1902920 125.2
1902930 125.2
1902940 125.2
1902950 125.2
1902960 125.2
1902970 125.2
1902980 125.1
1902990 125.1
1903000 125.1
1903010 125.1
1903020 125.1
1903030 125.1
1903040 125.1
1903050 125.1
1903060 125.1
1903070 125.1
1903080 125.0
1903090 125.0
1903100 124.9
1903110 125.0
1903120 125.0
1903130 124.9
1903140 124.9
1903150 124.9
1903160 125.0
1903170 125.0
1903180 125.0
1903190 124.9
1903200 124.9
1903210 124.9
1903220 125.0
1903230 125.0
1903240 125.0
1903250 125.0
1903260 125.1
1903270 125.1
1903280 125.1
1903290 125.1
1903300 125.1
1903310 125.2
1903320 125.3
1903330 125.3
1903340 125.4
1903350 125.5
1903360 125.5
1903370 125.5
1903380 125.4
1903390 125.4
1903400 125.3
1903410 125.2
1903420 125.2
1903430 125.1
1903440 125.0
1903450 125.0
1903460 124.9
1903470 125.0
1903480 125.0
1903490 125.1
