1900000 127.9
1900010 127.8
1900020 127.7
1900030 127.7
1900040 127.8
1900050 127.9
1900060 127.9
1900070 127.8
1900080 127.8
1900090 127.8
1900100 127.8
1900110 127.8
1900120 127.8
1900130 127.7
1900140 127.6
1900150 127.6
1900160 127.5
1900170 127.4
1900180 127.4
1900190 127.4
1900200 127.3
1900210 127.3
1900220 127.3
1900230 127.3
1900240 127.3
1900250 127.3
1900260 127.4
1900270 127.4
1900280 127.4
1900290 127.3
1900300 127.3
1900310 127.3
1900320 127.3
1900330 127.3
1900340 127.3
1900350 127.3
1900360 127.3
1900370 127.3
1900380 127.4
1900390 127.4
1900400 127.4
1900410 127.5
1900420 127.5
1900430 127.7
1900440 127.7
1900450 127.7
1900460 127.8
1900470 127.8
1900480 127.8
1900490 127.8
1900500 127.8
1900510 127.8
1900520 127.8
1900530 127.7
1900540 127.7
1900550 128.0
1900560 128.1
1900570 128.1
1900580 128.0
1900590 127.7
1900600 127.7
1900610 127.6
1900620 127.6
1900630 127.6
1900640 127.6
1900650 127.7
1900660 127.7
1900670 127.6
1900680 127.5
1900690 127.5
1900700 127.4
1900710 127.3
1900720 127.3
1900730 127.3
1900740 127.2
1900750 127.3
1900760 127.3
1900770 127.3
1900780 127.3
1900790 127.3
1900800 127.4
1900810 127.3
1900820 127.3
1900830 127.3
1900840 127.2
1900850 127.2
1900860 127.1
1900870 127.1
1900880 127.1
1900890 127.0
1900900 126.9
1900910 126.9
1900920 126.8
1900930 126.8
1900940 126.8
1900950 126.6
1900960 126.4
1900970 126.4
1900980 126.1
1900990 126.0
1901000 126.0
1901010 126.0
1901020 125.9
1901030 125.9
1901040 125.7
1901050 125.5
1901060 125.5
1901070 125.5
1901080 125.4
1901090 125.4
1901100 125.4
1901110 125.4
1901120 125.4
1901130 125.3
1901140 125.3
1901150 125.3
1901160 125.3
1901170 125.3
1901180 125.3
1901190 125.4
1901200 125.3
1901210 125.3
1901220 125.3
1901230 125.3
1901240 125.3
1901250 125.1
1901260 125.0
1901270 125.0
1901280 125.0
1901290 125.1
1901300 125.1
1901310 125.1
1901320 125.1
1901330 125.1
1901340 125.2
1901350 125.2
1901360 125.2
1901370 125.2
1901380 125.2
1901390 125.2
1901400 125.1
1901410 125.1
1901420 125.1
1901430 125.1
1901440 125.1
1901450 125.1
1901460 125.1
1901470 125.2
1901480 125.2
1901490 125.3
1901500 125.4
1901510 125.4
1901520 125.4
1901530 125.3
1901540 125.3
1901550 125.3
1901560 125.3
1901570 125.3
1901580 125.3
1901590 125.2
1901600 125.2
1901610 125.2
1901620 125.3
1901630 125.5
1901640 125.5
1901650 125.7
1901660 125.8
1901670 125.8
1901680 125.7
1901690 125.7
1901700 125.7
1901710 125.6
1901720 125.4
1901730 125.4
1901740 125.3
1901750 125.2
1901760 125.2
1901770 125.3
1901780 125.3
1901790 125.3
1901800 125.3
1901810 125.2
1901820 125.2
1901830 125.2
1901840 125.2
1901850 125.2
1901860 125.2
1901870 125.2
1901880 125.2
1901890 125.3
1901900 125.3
1901910 125.3
1901920 125.4
1901930 125.4
1901940 125.4
1901950 125.5
1901960 125.5
1901970 125.5
1901980 125.5
1901990 125.4
1902000 125.4
1902010 125.4
1902020 125.3
1902030 125.3
1902040 125.4
1902050 125.4
1902060 125.4
1902070 125.5
1902080 125.5
1902090 125.5
1902100 125.4
1902110 125.5
1902120 125.5
1902130 125.6
1902140 125.8
1902150 125.8
1902160 125.9
1902170 125.9
1902180 125.9
1902190 125.7
1902200 125.6
1902210 125.6
1902220 125.6
1902230 125.7
1902240 125.7
1902250 125.6
1902260 125.6
1902270 125.6
1902280 125.7
1902290 125.7
1902300 125.7
1902310 125.7
1902320 125.6
1902330 125.5
1902340 125.5
1902350 125.5
1902360 125.6
1902370 125.6
1902380 125.5
1902390 125.4
1902400 125.4
1902410 125.4
1902420 125.5
1902430 125.5
1902440 125.5
1902450 125.5
1902460 125.5
1902470 125.6
1902480 125.6
1902490 125.6
1902500 125.7
1902510 125.6
1902520 125.6
1902530 125.6
1902540 125.7
1902550 125.7
1902560 125.6
1902570 125.5
1902580 125.5
1902590 125.5
1902600 125.5
1902610 125.5
1902620 125.7
1902630 125.7
1902640 125.7
1902650 125.7
1902660 125.7
1902670 125.7
1902680 125.8
1902690 125.7
1902700 125.9
1902710 125.7
1902720 125.7
1902730 125.7
1902740 125.5
1902750 125.2
1902760 125.2
1902770 124.9
1902780 124.8
1902790 124.8
1902800 124.8
1902810 124.8
1902820 124.8
1902830 124.8
1902840 124.7
1902850 124.7
1902860 124.8
1902870 124.9
1902880 124.9
1902890 124.9
1902900 124.9
1902910 124.9
1902920 125.1
1902930 125.3
1902940 125.3
1902950 125.4
1902960 125.6
1902970 125.6
1902980 125.6
1902990 125.5
1903000 125.5
1903010 125.5
1903020 125.5
1903030 125.5
1903040 125.5
1903050 125.5
1903060 125.5
1903070 125.4
1903080 125.5
1903090 125.5
1903100 125.4
1903110 125.3
1903120 125.3
1903130 125.3
1903140 125.3
1903150 125.3
1903160 125.3
1903170 125.4
1903180 125.4
1903190 125.4
1903200 125.3
1903210 125.3
1903220 125.3
1903230 125.2
1903240 125.2
1903250 125.2
1903260 125.2
1903270 125.2
1903280 125.2
1903290 125.3
1903300 125.2
1903310 125.2
1903320 125.1
1903330 125.1
1903340 125.1
1903350 125.2
1903360 125.2
1903370 125.2
1903380 125.2
1903390 125.2
1903400 125.2
1903410 125.3
1903420 125.3
1903430 125.3
1903440 125.4
1903450 125.5
1903460 125.5
1903470 125.6
1903480 125.7
1903490 125.7
1903500 125.7
1903510 125.7
1903520 125.7
1903530 125.6
1903540 125.5
1903550 125.5
1903560 125.5
1903570 125.4
1903580 125.4
1903590 125.4
