1900000 129.5
1900010 129.5
1900020 129.5
1900030 129.6
1900040 129.5
1900050 129.5
1900060 129.5
1900070 129.5
1900080 129.5
1900090 129.4
1900100 129.3
1900110 129.3
1900120 129.2
1900130 128.9
1900140 128.9
1900150 128.7
1900160 128.4
1900170 128.4
1900180 128.2
1900190 128.0
1900200 128.1
1900210 127.9
1900220 127.8
1900230 127.8
1900240 127.9
1900250 128.1
1900260 128.1
1900270 128.0
1900280 128.0
1900290 128.0
1900300 127.7
1900310 127.5
1900320 127.5
1900330 127.4
1900340 127.4
1900350 127.4
1900360 127.4
1900370 127.5
1900380 127.5
1900390 127.6
1900400 127.7
1900410 127.7
1900420 127.8
1900430 127.9
1900440 127.9
1900450 128.0
1900460 128.1
1900470 128.1
1900480 128.1
1900490 128.1
1900500 128.1
1900510 128.1
1900520 128.1
1900530 128.1
1900540 128.0
1900550 127.9
1900560 127.9
1900570 127.9
1900580 127.9
1900590 127.9
1900600 127.9
1900610 127.9
1900620 127.8
1900630 127.8
1900640 127.7
1900650 127.6
1900660 127.6
1900670 127.5
1900680 127.5
1900690 127.5
1900700 127.3
1900710 127.2
1900720 127.2
1900730 127.2
1900740 127.2
1900750 127.2
1900760 127.1
1900770 126.9
1900780 126.9
1900790 126.8
1900800 126.7
1900810 126.7
1900820 126.6
1900830 126.6
1900840 126.6
1900850 126.6
1900860 126.5
1900870 126.5
1900880 126.5
1900890 126.6
1900900 126.6
1900910 126.8
1900920 127.0
1900930 127.0
1900940 127.2
1900950 127.4
1900960 127.4
1900970 127.6
1900980 127.7
1900990 127.7
1901000 127.8
1901010 127.7
1901020 127.7
1901030 127.7
1901040 127.5
1901050 127.5
1901060 127.3
1901070 127.0
1901080 127.0
1901090 126.9
1901100 126.8
1901110 126.8
1901120 126.9
1901130 127.3
1901140 127.3
1901150 127.4
1901160 127.5
1901170 127.5
1901180 127.4
1901190 127.3
1901200 127.3
1901210 127.0
1901220 126.3
1901230 126.3
1901240 125.2
1901250 124.6
1901260 124.6
1901270 124.9
1901280 124.4
1901290 124.4
1901300 124.2
1901310 124.2
1901320 124.2
1901330 124.2
1901340 124.4
1901350 124.6
1901360 124.6
1901370 124.5
1901380 124.5
1901390 124.5
1901400 125.9
1901410 126.4
1901420 126.4
1901430 126.1
1901440 125.9
1901450 125.9
1901460 125.9
1901470 125.8
1901480 125.8
1901490 125.7
1901500 125.7
1901510 125.7
1901520 125.6
1901530 125.6
1901540 125.6
1901550 125.5
1901560 125.5
1901570 125.5
1901580 125.4
1901590 125.4
1901600 125.4
1901610 125.4
1901620 125.4
1901630 125.4
1901640 125.3
1901650 125.2
1901660 125.2
1901670 125.2
1901680 125.2
1901690 125.2
1901700 125.2
1901710 125.3
1901720 125.3
1901730 125.3
1901740 125.3
1901750 125.3
1901760 125.3
1901770 125.3
1901780 125.3
1901790 125.3
1901800 125.3
1901810 125.3
1901820 125.4
1901830 125.4
1901840 125.4
1901850 125.4
1901860 125.5
1901870 125.5
1901880 125.6
1901890 125.7
1901900 125.7
1901910 125.8
1901920 125.8
1901930 125.8
1901940 125.8
1901950 125.7
1901960 125.7
1901970 125.6
1901980 125.7
1901990 125.7
1902000 125.7
1902010 125.8
1902020 125.8
1902030 125.8
1902040 125.7
1902050 125.7
1902060 125.7
1902070 125.7
1902080 125.7
1902090 125.8
1902100 125.9
1902110 125.9
1902120 125.9
1902130 125.9
1902140 125.9
1902150 125.8
1902160 125.8
1902170 125.7
1902180 125.7
1902190 125.7
1902200 125.7
1902210 125.7
1902220 125.7
1902230 125.6
1902240 125.6
1902250 125.6
1902260 125.5
1902270 125.5
1902280 125.5
1902290 125.5
1902300 125.5
1902310 125.5
1902320 125.6
1902330 125.6
1902340 125.7
1902350 125.8
1902360 125.8
1902370 125.8
1902380 125.7
1902390 125.7
1902400 125.6
1902410 125.6
1902420 125.6
1902430 125.6
1902440 125.7
1902450 125.7
1902460 125.7
1902470 125.8
1902480 125.8
1902490 125.8
1902500 125.9
1902510 125.9
1902520 126.0
1902530 126.1
1902540 126.1
1902550 126.3
1902560 126.4
1902570 126.4
1902580 126.5
1902590 126.7
1902600 126.7
1902610 126.8
1902620 126.8
1902630 126.8
1902640 126.9
1902650 126.9
1902660 126.9
1902670 126.8
1902680 126.7
1902690 126.7
1902700 126.6
1902710 126.3
1902720 126.3
1902730 126.2
1902740 126.0
1902750 126.0
1902760 125.9
1902770 125.8
1902780 125.8
1902790 125.7
1902800 125.7
1902810 125.7
1902820 125.6
1902830 125.6
1902840 125.6
1902850 125.6
1902860 125.6
1902870 125.6
1902880 125.8
1902890 125.9
1902900 125.9
1902910 125.8
1902920 125.7
1902930 125.7
1902940 125.6
1902950 125.5
1902960 125.5
1902970 125.5
1902980 125.5
1902990 125.5
1903000 125.5
1903010 125.4
1903020 125.4
1903030 125.4
1903040 125.5
1903050 125.5
1903060 125.5
1903070 125.5
1903080 125.4
1903090 125.4
1903100 125.4
1903110 125.4
1903120 125.4
1903130 125.3
1903140 125.3
1903150 125.3
1903160 125.4
1903170 125.4
1903180 125.4
1903190 125.4
1903200 125.3
1903210 125.3
1903220 125.3
1903230 125.3
1903240 125.3
1903250 125.3
1903260 125.3
1903270 125.3
1903280 125.4
1903290 125.5
1903300 125.5
1903310 125.5
1903320 125.4
1903330 125.4
1903340 125.4
1903350 125.4
1903360 125.4
1903370 125.5
1903380 125.5
1903390 125.5
1903400 125.6
1903410 125.5
1903420 125.5
1903430 125.4
1903440 125.4
1903450 125.4
1903460 125.4
1903470 125.4
1903480 125.4
1903490 125.5
1903500 125.5
1903510 125.5
1903520 125.5
1903530 125.5
1903540 125.5
1903550 125.6
1903560 125.6
1903570 125.6
1903580 125.5
1903590 125.4
1903600 125.5
1903610 125.4
1903620 125.4
1903630 125.4
1903640 125.5
1903650 125.5
1903660 125.5
1903670 125.5
1903680 125.4
1903690 125.4
1903700 125.5
