1900000 128.2
1900010 128.1
1900020 128.1
1900030 128.0
1900040 127.9
1900050 127.9
1900060 127.9
1900070 127.8
1900080 127.8
1900090 127.6
1900100 127.5
1900110 127.5
1900120 127.4
1900130 127.2
1900140 127.2
1900150 127.0
1900160 126.9
1900170 126.9
1900180 126.9
1900190 126.8
1900200 126.8
1900210 126.6
1900220 126.4
1900230 126.4
1900240 126.2
1900250 126.1
1900260 126.1
1900270 126.1
1900280 126.0
1900290 126.0
1900300 126.1
1900310 126.2
1900320 126.2
1900330 126.5
1900340 126.8
1900350 126.8
1900360 127.0
1900370 126.9
1900380 126.9
1900390 127.1
1900400 127.1
1900410 127.1
1900420 127.1
1900430 127.2
1900440 127.2
1900450 127.2
1900460 127.2
1900470 127.2
1900480 127.2
1900490 127.2
1900500 127.2
1900510 127.2
1900520 127.2
1900530 127.2
1900540 127.2
1900550 127.2
1900560 127.2
1900570 127.2
1900580 127.2
1900590 127.2
1900600 127.2
1900610 127.2
1900620 127.2
1900630 127.2
1900640 127.1
1900650 127.1
1900660 127.1
1900670 127.2
1900680 127.2
1900690 127.2
1900700 127.4
1900710 127.5
1900720 127.5
1900730 127.5
1900740 127.5
1900750 127.5
1900760 127.3
1900770 127.2
1900780 127.2
1900790 127.1
1900800 127.0
1900810 127.0
1900820 127.0
1900830 127.0
1900840 127.0
1900850 126.9
1900860 126.9
1900870 126.9
1900880 126.9
1900890 126.8
1900900 126.8
1900910 126.8
1900920 126.8
1900930 126.8
1900940 126.9
1900950 126.9
1900960 126.9
1900970 127.0
1900980 127.0
1900990 127.0
1901000 127.1
1901010 127.1
1901020 127.1
1901030 127.0
1901040 126.9
1901050 126.9
1901060 126.9
1901070 126.8
1901080 126.8
1901090 126.7
1901100 126.7
1901110 126.7
1901120 126.7
1901130 126.6
1901140 126.6
1901150 126.6
1901160 126.6
1901170 126.6
1901180 126.6
1901190 126.6
1901200 126.6
1901210 126.6
1901220 126.6
1901230 126.6
1901240 126.5
1901250 126.5
1901260 126.5
1901270 126.5
1901280 126.5
1901290 126.5
1901300 126.5
1901310 126.4
1901320 126.4
1901330 126.4
1901340 126.3
1901350 126.3
1901360 126.2
1901370 126.2
1901380 126.2
1901390 126.1
1901400 126.1
1901410 126.1
1901420 126.1
1901430 123.0
1901440 119.8
1901450 119.8
1901460 119.8
1901470 119.8
1901480 119.8
1901490 119.8
1901500 120.2
1901510 120.2
1901520 123.1
1901530 125.5
1901540 125.5
1901550 125.6
1901560 125.8
1901570 125.8
1901580 125.9
1901590 126.0
1901600 126.0
1901610 125.9
1901620 126.3
1901630 126.3
1901640 126.4
1901650 126.3
1901660 126.3
1901670 126.3
1901680 126.1
1901690 126.1
1901700 125.9
1901710 125.8
1901720 125.8
1901730 125.7
1901740 125.7
1901750 125.7
1901760 125.6
1901770 125.6
1901780 125.6
1901790 125.6
1901800 125.5
1901810 125.5
1901820 125.5
1901830 125.5
1901840 125.5
1901850 125.5
1901860 125.5
1901870 125.5
1901880 125.5
1901890 125.5
1901900 125.5
1901910 125.4
1901920 125.4
1901930 125.4
1901940 125.4
1901950 125.4
1901960 125.4
1901970 125.5
1901980 125.5
1901990 125.5
1902000 125.5
1902010 125.6
1902020 125.6
1902030 125.5
1902040 125.4
1902050 125.4
1902060 125.3
1902070 125.4
1902080 125.4
1902090 125.4
1902100 125.5
1902110 125.5
1902120 125.7
1902130 125.8
1902140 125.8
1902150 125.8
1902160 125.8
1902170 125.8
1902180 125.7
1902190 125.7
1902200 125.7
1902210 125.7
1902220 125.7
1902230 125.8
1902240 125.8
1902250 125.9
1902260 126.0
1902270 126.0
1902280 126.1
1902290 126.2
1902300 126.2
1902310 126.3
1902320 126.3
1902330 126.3
1902340 126.3
1902350 126.3
1902360 126.3
1902370 126.3
1902380 126.3
1902390 126.3
1902400 126.2
1902410 126.2
1902420 126.2
1902430 126.1
1902440 126.1
1902450 126.1
1902460 126.1
1902470 126.1
1902480 126.1
1902490 126.1
1902500 126.3
1902510 126.3
1902520 126.4
1902530 126.3
1902540 126.3
1902550 126.2
1902560 126.1
1902570 126.1
1902580 126.1
1902590 126.1
1902600 126.1
1902610 126.0
1902620 126.0
1902630 126.0
1902640 125.9
1902650 125.8
1902660 125.8
1902670 125.8
1902680 125.8
1902690 125.8
1902700 125.7
1902710 125.7
1902720 125.7
1902730 125.7
1902740 125.6
1902750 125.6
1902760 125.5
1902770 125.5
1902780 125.5
1902790 125.5
1902800 125.5
1902810 125.5
1902820 125.4
1902830 125.4
1902840 125.4
1902850 125.3
1902860 125.2
1902870 125.2
1902880 125.2
1902890 125.2
1902900 125.2
1902910 125.3
1902920 125.3
1902930 125.3
1902940 125.4
1902950 125.4
1902960 125.4
1902970 125.5
1902980 125.6
1902990 125.6
1903000 125.7
1903010 125.7
1903020 125.7
1903030 125.7
1903040 125.8
1903050 126.0
1903060 126.0
1903070 125.8
1903080 125.7
1903090 125.7
1903100 125.7
1903110 125.6
1903120 125.6
1903130 125.6
1903140 125.7
1903150 125.7
1903160 125.8
1903170 125.8
1903180 125.8
1903190 125.8
1903200 125.8
1903210 125.8
1903220 125.8
1903230 125.9
1903240 125.9
1903250 125.9
1903260 125.8
1903270 125.8
1903280 125.7
1903290 125.6
1903300 125.6
1903310 125.6
1903320 125.6
1903330 125.6
1903340 125.6
1903350 125.5
1903360 125.5
1903370 125.4
1903380 125.5
1903390 125.5
1903400 125.4
1903410 125.4
1903420 125.4
1903430 125.4
1903440 125.4
1903450 125.4
1903460 125.4
1903470 125.5
1903480 125.5
1903490 125.5
1903500 125.5
1903510 125.5
1903520 125.5
1903530 125.6
1903540 125.6
1903550 125.5
1903560 125.5
1903570 125.5
1903580 125.5
1903590 125.4
1903600 125.4
1903610 125.4
1903620 125.5
1903630 125.5
1903640 125.5
1903650 125.5
1903660 125.5
1903670 125.5
1903680 125.5
1903690 125.5
1903700 125.6
1903710 125.7
1903720 125.7
1903730 125.7
1903740 125.8
1903750 125.8
1903760 125.8
1903770 125.8
1903780 125.8
1903790 125.8
1903800 125.9
1903810 125.9
1903820 125.9
