1900000 128.7
1900010 128.7
1900020 128.6
1900030 128.6
1900040 128.6
1900050 128.5
1900060 128.5
1900070 128.5
1900080 128.6
1900090 128.6
1900100 128.6
1900110 128.6
1900120 128.6
1900130 128.7
1900140 128.7
1900150 128.6
1900160 128.4
1900170 128.3
1900180 128.3
1900190 128.3
1900200 128.2
1900210 128.2
1900220 128.2
1900230 128.1
1900240 128.1
1900250 128.1
1900260 128.1
1900270 128.1
1900280 128.1
1900290 128.2
1900300 128.2
1900310 128.2
1900320 128.2
1900330 128.2
1900340 128.2
1900350 128.2
1900360 128.3
1900370 128.3
1900380 128.3
1900390 128.4
1900400 128.4
1900410 128.6
1900420 128.8
1900430 128.8
1900440 129.0
1900450 129.2
1900460 129.2
1900470 129.3
1900480 129.4
1900490 129.4
1900500 129.4
1900510 129.5
1900520 129.5
1900530 129.6
1900540 129.6
1900550 129.6
1900560 129.6
1900570 129.5
1900580 129.5
1900590 129.3
1900600 129.0
1900610 129.0
1900620 128.6
1900630 128.4
1900640 128.4
1900650 128.3
1900660 128.3
1900670 128.3
1900680 128.3
1900690 128.3
1900700 128.3
1900710 128.3
1900720 128.2
1900730 128.2
1900740 128.1
1900750 127.9
1900760 127.9
1900770 127.9
1900780 127.9
1900790 127.9
1900800 127.9
1900810 127.9
1900820 127.9
1900830 127.9
1900840 127.8
1900850 127.8
1900860 127.8
1900870 127.8
1900880 127.8
1900890 127.8
1900900 127.8
1900910 127.8
1900920 127.8
1900930 127.8
1900940 127.8
1900950 127.8
1900960 127.7
1900970 127.7
1900980 127.8
1900990 127.9
1901000 128.0
1901010 128.0
1901020 127.9
1901030 127.8
1901040 127.8
1901050 127.8
1901060 127.7
1901070 127.7
1901080 127.5
1901090 127.5
1901100 127.5
1901110 127.5
1901120 127.5
1901130 127.5
1901140 127.5
1901150 127.5
1901160 127.5
1901170 127.5
1901180 127.4
1901190 127.4
1901200 127.4
1901210 127.3
1901220 127.3
1901230 127.3
1901240 127.3
1901250 127.3
1901260 127.2
1901270 127.2
1901280 127.2
1901290 127.2
1901300 127.1
1901310 127.1
1901320 127.1
1901330 127.1
1901340 127.1
1901350 127.1
1901360 127.1
1901370 127.1
1901380 127.0
1901390 127.0
1901400 127.0
1901410 127.0
1901420 127.0
1901430 127.0
1901440 127.1
1901450 127.1
1901460 127.1
1901470 126.9
1901480 126.9
1901490 126.9
1901500 126.8
1901510 126.8
1901520 126.8
1901530 126.8
1901540 126.7
1901550 126.7
1901560 126.7
1901570 126.7
1901580 126.7
1901590 126.7
1901600 126.7
1901610 126.7
1901620 126.7
1901630 126.8
1901640 126.8
1901650 126.9
1901660 127.2
1901670 127.2
1901680 127.2
1901690 127.1
1901700 127.4
1901710 127.4
1901720 127.3
1901730 127.3
1901740 127.4
1901750 127.6
1901760 127.6
1901770 127.7
1901780 127.8
1901790 127.8
1901800 127.8
1901810 127.8
1901820 127.8
1901830 127.8
1901840 127.8
1901850 127.8
1901860 127.8
1901870 127.8
1901880 127.8
1901890 127.8
1901900 127.8
1901910 127.7
1901920 127.7
1901930 127.7
1901940 127.6
1901950 127.6
1901960 127.5
1901970 127.4
1901980 127.4
1901990 127.3
1902000 127.1
1902010 127.2
1902020 127.1
1902030 126.9
1902040 126.9
1902050 126.6
1902060 126.3
1902070 126.3
1902080 126.0
1902090 125.7
1902100 125.7
1902110 125.4
1902120 125.3
1902130 125.3
1902140 125.2
1902150 125.2
1902160 125.2
1902170 125.1
1902180 125.0
1902190 125.0
1902200 125.1
1902210 125.2
1902220 125.2
1902230 125.3
1902240 125.4
1902250 125.4
1902260 125.4
1902270 125.4
1902280 125.4
1902290 125.4
1902300 125.3
1902310 125.3
1902320 125.3
1902330 125.5
1902340 125.5
1902350 125.6
1902360 125.8
1902370 125.8
1902380 125.9
1902390 126.0
1902400 126.0
1902410 126.0
1902420 126.0
1902430 126.0
1902440 126.0
1902450 126.0
1902460 126.0
1902470 126.0
1902480 126.0
1902490 126.0
1902500 126.0
1902510 126.0
1902520 126.0
1902530 126.0
1902540 126.0
1902550 126.0
1902560 126.0
1902570 126.0
1902580 126.0
1902590 126.0
1902600 126.0
1902610 126.0
1902620 125.9
1902630 125.9
1902640 125.9
1902650 125.9
1902660 125.8
1902670 125.8
1902680 125.8
1902690 125.7
1902700 125.6
1902710 125.6
1902720 125.6
1902730 125.7
1902740 125.7
1902750 125.7
1902760 125.8
1902770 125.8
1902780 125.7
1902790 125.6
1902800 125.6
1902810 125.6
1902820 125.8
1902830 125.8
1902840 125.8
1902850 125.9
1902860 125.9
1902870 125.8
1902880 125.9
1902890 125.9
1902900 126.0
1902910 126.0
1902920 126.0
1902930 126.0
1902940 126.0
1902950 126.0
1902960 126.0
1902970 126.0
1902980 126.0
1902990 125.9
1903000 125.9
1903010 125.9
1903020 125.9
1903030 125.9
1903040 125.9
1903050 125.9
1903060 126.0
1903070 126.0
1903080 126.0
1903090 126.0
1903100 126.0
1903110 126.0
1903120 126.0
1903130 126.0
1903140 126.0
1903150 125.9
1903160 125.9
1903170 125.9
1903180 125.8
1903190 125.8
1903200 125.8
1903210 125.7
1903220 125.7
1903230 125.7
1903240 125.6
1903250 125.6
1903260 125.6
1903270 125.8
1903280 125.8
1903290 126.0
1903300 126.0
1903310 126.0
1903320 125.8
1903330 125.6
1903340 125.6
1903350 125.5
1903360 125.5
1903370 125.5
1903380 125.5
1903390 125.6
1903400 125.6
1903410 125.6
1903420 125.6
1903430 125.6
1903440 125.6
1903450 125.6
1903460 125.7
1903470 125.7
1903480 125.7
1903490 125.7
1903500 125.7
1903510 125.7
1903520 125.7
1903530 125.7
1903540 125.6
1903550 125.6
1903560 125.6
1903570 125.7
1903580 125.7
1903590 125.7
1903600 125.8
1903610 125.8
1903620 125.8
1903630 125.8
1903640 125.8
1903650 125.8
1903660 125.9
1903670 125.9
1903680 125.9
1903690 125.9
1903700 125.9
1903710 125.9
1903720 125.8
1903730 125.7
1903740 125.7
1903750 125.7
1903760 125.7
1903770 125.7
1903780 125.7
1903790 125.7
1903800 125.7
1903810 125.6
1903820 125.6
1903830 125.6
1903840 125.5
1903850 125.5
1903860 125.5
1903870 125.4
1903880 125.4
1903890 125.4
1903900 125.5
1903910 125.5
1903920 125.5
1903930 125.5
1903940 125.5
1903950 125.5
1903960 125.5
1903970 125.5
1903980 125.5
1903990 125.5
1904000 125.4
1904010 125.4
1904020 125.4
1904030 125.4
1904040 125.4
