1900000 128.2
1900010 128.1
1900020 128.1
1900030 128.1
1900040 128.0
1900050 128.0
1900060 127.9
1900070 127.9
1900080 127.9
1900090 127.9
1900100 127.8
1900110 127.8
1900120 127.8
1900130 127.7
1900140 127.7
1900150 127.7
1900160 127.7
1900170 127.7
1900180 127.8
1900190 127.8
1900200 127.8
1900210 127.8
1900220 127.8
1900230 127.8
1900240 127.9
1900250 127.9
1900260 127.9
1900270 127.9
1900280 128.0
1900290 128.0
1900300 128.0
1900310 128.1
1900320 128.1
1900330 128.1
1900340 128.1
1900350 128.1
1900360 128.1
1900370 128.1
1900380 128.1
1900390 128.2
1900400 128.4
1900410 128.4
1900420 128.6
1900430 129.0
1900440 129.0
1900450 129.1
1900460 129.2
1900470 129.3
1900480 129.4
1900490 129.5
1900500 129.5
1900510 129.5
1900520 129.4
1900530 129.4
1900540 129.4
1900550 129.4
1900560 129.4
1900570 129.5
1900580 129.6
1900590 129.6
1900600 129.5
1900610 129.3
1900620 129.0
1900630 129.0
1900640 128.8
1900650 128.6
1900660 128.6
1900670 128.4
1900680 128.2
1900690 128.2
1900700 128.0
1900710 127.9
1900720 127.9
1900730 127.8
1900740 127.7
1900750 127.7
1900760 127.7
1900770 127.7
1900780 127.6
1900790 127.6
1900800 127.6
1900810 127.6
1900820 127.6
1900830 127.5
1900840 127.5
1900850 127.5
1900860 127.6
1900870 127.6
1900880 127.5
1900890 127.5
1900900 127.5
1900910 127.5
1900920 127.4
1900930 127.4
1900940 127.4
1900950 127.3
1900960 127.3
1900970 127.3
1900980 127.3
1900990 127.3
1901000 127.3
1901010 127.3
1901020 127.3
1901030 127.3
1901040 127.2
1901050 127.2
1901060 127.2
1901070 127.1
1901080 127.1
1901090 127.2
1901100 127.2
1901110 127.2
1901120 127.2
1901130 127.3
1901140 127.3
1901150 127.2
1901160 127.2
1901170 127.2
1901180 127.2
1901190 127.3
1901200 127.3
1901210 127.4
1901220 127.4
1901230 127.4
1901240 127.2
1901250 127.2
1901260 127.2
1901270 127.1
1901280 127.0
1901290 127.0
1901300 126.9
1901310 126.8
1901320 126.8
1901330 126.8
1901340 126.7
1901350 126.7
1901360 126.7
1901370 126.7
1901380 126.7
1901390 126.7
1901400 126.7
1901410 126.7
1901420 126.8
1901430 126.8
1901440 126.8
1901450 126.8
1901460 126.8
1901470 126.9
1901480 126.9
1901490 126.8
1901500 126.8
1901510 126.8
1901520 126.8
1901530 126.8
1901540 126.8
1901550 126.9
1901560 126.9
1901570 126.9
1901580 126.7
1901590 126.6
1901600 126.6
1901610 126.5
1901620 126.4
1901630 126.4
1901640 126.4
1901650 126.3
1901660 126.3
1901670 126.4
1901680 126.4
1901690 126.4
1901700 126.5
1901710 126.6
1901720 126.6
1901730 126.6
1901740 126.5
1901750 126.5
1901760 126.5
1901770 126.5
1901780 126.5
1901790 126.6
1901800 126.6
1901810 126.6
1901820 126.6
1901830 126.6
1901840 126.6
1901850 126.6
1901860 126.5
1901870 126.5
1901880 126.5
1901890 126.5
1901900 126.5
1901910 126.4
1901920 126.3
1901930 126.3
1901940 126.3
1901950 126.3
1901960 126.3
1901970 126.3
1901980 126.2
1901990 126.2
1902000 126.2
1902010 126.1
1902020 126.1
1902030 126.0
1902040 125.9
1902050 125.9
1902060 125.9
1902070 125.9
1902080 125.9
1902090 125.9
1902100 125.8
1902110 125.8
1902120 125.6
1902130 125.4
1902140 125.4
1902150 125.3
1902160 125.2
1902170 125.2
1902180 125.1
1902190 125.1
1902200 125.1
1902210 125.1
1902220 125.2
1902230 125.3
1902240 125.3
1902250 125.4
1902260 125.3
1902270 125.3
1902280 125.4
1902290 125.5
1902300 125.5
1902310 125.5
1902320 125.4
1902330 125.4
1902340 125.6
1902350 125.8
1902360 125.8
1902370 125.9
1902380 126.0
1902390 126.0
1902400 126.0
1902410 126.0
1902420 126.0
1902430 126.0
1902440 126.0
1902450 126.0
1902460 126.0
1902470 126.0
1902480 126.0
1902490 126.0
1902500 126.0
1902510 126.0
1902520 125.9
1902530 125.9
1902540 125.9
1902550 125.9
1902560 125.9
1902570 125.9
1902580 126.0
1902590 126.0
1902600 126.0
1902610 126.0
1902620 125.9
1902630 125.9
1902640 125.9
1902650 126.0
1902660 126.0
1902670 126.2
1902680 126.2
1902690 126.2
1902700 126.1
1902710 126.0
1902720 126.0
1902730 125.9
1902740 125.9
1902750 125.9
1902760 125.9
1902770 125.9
1902780 125.9
1902790 125.9
1902800 125.9
1902810 125.9
1902820 125.9
1902830 125.9
1902840 125.9
1902850 125.9
1902860 125.8
1902870 125.8
1902880 125.8
1902890 125.7
1902900 125.7
1902910 125.7
1902920 125.6
1902930 125.6
1902940 125.6
1902950 125.6
1902960 125.6
1902970 125.6
1902980 125.6
1902990 125.6
1903000 125.7
1903010 125.7
1903020 125.7
1903030 125.8
1903040 125.8
1903050 125.9
1903060 125.9
1903070 125.9
1903080 125.9
1903090 125.9
1903100 125.9
1903110 125.9
1903120 125.9
1903130 126.0
1903140 126.0
1903150 126.0
1903160 126.0
1903170 126.0
1903180 126.0
1903190 126.1
1903200 126.4
1903210 126.4
1903220 126.3
1903230 126.2
1903240 126.2
1903250 126.1
1903260 126.0
1903270 126.0
1903280 126.0
1903290 125.9
1903300 125.9
1903310 125.9
1903320 125.9
1903330 125.9
1903340 125.9
1903350 125.8
1903360 125.8
1903370 125.8
1903380 125.8
1903390 125.8
1903400 125.7
1903410 125.6
1903420 125.6
1903430 125.6
1903440 125.5
1903450 125.5
1903460 125.5
1903470 125.6
1903480 125.6
1903490 125.7
1903500 125.7
1903510 125.7
1903520 125.7
1903530 125.8
1903540 125.8
1903550 125.8
1903560 125.8
1903570 125.8
1903580 125.9
1903590 125.9
1903600 125.9
1903610 125.8
1903620 125.7
1903630 125.7
1903640 125.8
1903650 125.7
1903660 125.7
1903670 125.7
1903680 125.8
1903690 125.8
1903700 125.8
1903710 125.9
1903720 125.9
1903730 125.9
1903740 125.9
1903750 125.9
1903760 125.9
1903770 126.0
1903780 126.0
1903790 126.0
1903800 125.9
1903810 125.9
1903820 125.9
1903830 125.9
1903840 125.9
1903850 125.8
1903860 125.8
1903870 125.6
1903880 125.6
1903890 125.4
1903900 125.2
1903910 125.2
1903920 125.2
1903930 125.2
1903940 125.2
1903950 125.2
1903960 125.3
1903970 125.3
1903980 125.5
1903990 125.6
1904000 125.6
