1900000 128.6
1900010 128.6
1900020 128.7
1900030 128.7
1900040 128.7
1900050 128.7
1900060 128.8
1900070 128.8
1900080 128.9
1900090 128.8
1900100 128.8
1900110 128.7
1900120 128.4
1900130 128.4
1900140 128.3
1900150 128.2
1900160 128.2
1900170 128.0
1900180 127.9
1900190 127.9
1900200 127.8
1900210 127.7
1900220 127.7
1900230 127.4
1900240 127.3
1900250 127.3
1900260 127.2
1900270 127.3
1900280 127.3
1900290 127.2
1900300 127.3
1900310 127.3
1900320 127.3
1900330 127.3
1900340 127.3
1900350 127.3
1900360 127.3
1900370 127.3
1900380 127.3
1900390 127.4
1900400 127.3
1900410 127.3
1900420 127.4
1900430 127.4
1900440 127.6
1900450 127.7
1900460 127.7
1900470 127.7
1900480 127.8
1900490 127.8
1900500 127.8
1900510 127.7
1900520 127.7
1900530 127.7
1900540 127.6
1900550 127.6
1900560 127.4
1900570 127.3
1900580 127.3
1900590 127.2
1900600 127.2
1900610 127.2
1900620 127.2
1900630 127.2
1900640 127.2
1900650 127.2
1900660 127.2
1900670 127.2
1900680 127.2
1900690 127.1
1900700 127.1
1900710 127.0
1900720 126.9
1900730 126.9
1900740 126.9
1900750 126.8
1900760 126.9
1900770 126.9
1900780 127.0
1900790 127.1
1900800 127.1
1900810 127.0
1900820 127.0
1900830 127.0
1900840 127.0
1900850 127.0
1900860 127.0
1900870 127.0
1900880 127.1
1900890 127.1
1900900 127.2
1900910 127.4
1900920 127.4
1900930 127.6
1900940 127.6
1900950 127.6
1900960 127.7
1900970 127.8
1900980 127.8
1900990 127.9
1901000 128.0
1901010 128.0
1901020 127.6
1901030 127.5
1901040 127.5
1901050 127.3
1901060 127.1
1901070 127.1
1901080 127.0
1901090 126.9
1901100 126.9
1901110 126.8
1901120 126.7
1901130 126.7
1901140 126.5
1901150 126.5
1901160 126.5
1901170 126.4
1901180 126.4
1901190 126.4
1901200 126.4
1901210 126.3
1901220 126.3
1901230 126.3
1901240 126.3
1901250 126.3
1901260 126.2
1901270 126.3
1901280 126.3
1901290 124.6
1901300 121.2
1901310 121.2
1901320 120.1
1901330 119.6
1901340 119.6
1901350 119.3
1901360 119.3
1901370 119.3
1901380 119.4
1901390 119.3
1901400 119.4
1901410 119.4
1901420 119.4
1901430 119.9
1901440 119.9
1901450 123.4
1901460 125.9
1901470 125.9
1901480 126.0
1901490 125.8
1901500 125.8
1901510 125.7
1901520 125.7
1901530 125.7
1901540 125.7
1901550 125.7
1901560 125.7
1901570 125.7
1901580 125.7
1901590 125.7
1901600 125.6
1901610 125.5
1901620 125.5
1901630 125.4
1901640 125.4
1901650 125.4
1901660 125.5
1901670 125.4
1901680 125.4
1901690 125.5
1901700 125.5
1901710 125.5
1901720 125.5
1901730 125.5
1901740 125.5
1901750 125.6
1901760 125.5
1901770 125.5
1901780 125.5
1901790 125.5
1901800 125.5
1901810 125.5
1901820 125.5
1901830 125.5
1901840 125.5
1901850 125.5
1901860 125.5
1901870 125.5
1901880 125.4
1901890 125.4
1901900 125.4
1901910 125.5
1901920 125.5
1901930 125.5
1901940 125.7
1901950 125.9
1901960 125.8
1901970 125.6
1901980 125.6
1901990 125.6
1902000 125.7
1902010 125.7
1902020 125.7
1902030 125.7
1902040 125.7
1902050 125.7
1902060 125.7
1902070 125.7
1902080 125.7
1902090 125.6
1902100 125.6
1902110 125.6
1902120 125.6
1902130 125.6
1902140 125.6
1902150 125.6
1902160 125.6
1902170 125.7
1902180 125.6
1902190 125.6
1902200 125.6
1902210 125.7
1902220 125.7
1902230 125.7
1902240 125.7
1902250 125.7
1902260 125.7
1902270 125.8
1902280 125.8
1902290 125.8
1902300 125.8
1902310 125.7
1902320 125.7
1902330 125.6
1902340 125.6
1902350 125.6
1902360 125.5
1902370 125.6
1902380 125.6
1902390 125.7
1902400 125.8
1902410 125.8
1902420 125.9
1902430 125.8
1902440 125.8
1902450 125.8
1902460 125.7
1902470 125.7
1902480 125.8
1902490 125.9
1902500 125.9
1902510 126.0
1902520 126.1
1902530 126.1
1902540 126.1
1902550 126.2
1902560 126.2
1902570 126.3
1902580 126.3
1902590 126.3
1902600 126.4
1902610 126.4
1902620 126.4
1902630 126.4
1902640 126.3
1902650 126.3
1902660 126.3
1902670 126.2
1902680 126.2
1902690 126.2
1902700 126.1
1902710 126.1
1902720 125.9
1902730 125.8
1902740 125.8
1902750 125.7
1902760 125.6
1902770 125.6
1902780 125.6
1902790 125.5
1902800 125.5
1902810 125.5
1902820 125.5
1902830 125.5
1902840 125.4
1902850 125.4
1902860 125.4
1902870 125.4
1902880 125.4
1902890 125.4
1902900 125.4
1902910 125.4
1902920 125.4
1902930 125.4
1902940 125.7
1902950 125.7
1902960 125.7
1902970 125.5
1902980 125.5
1902990 125.5
1903000 125.4
1903010 125.4
1903020 125.4
1903030 125.4
1903040 125.5
1903050 125.5
1903060 125.5
1903070 125.6
1903080 125.6
1903090 125.6
1903100 125.7
1903110 125.7
1903120 125.7
1903130 125.7
1903140 125.7
1903150 125.6
1903160 125.6
1903170 125.6
1903180 125.6
1903190 125.5
1903200 125.5
1903210 125.5
1903220 125.6
1903230 125.6
1903240 125.5
1903250 125.4
1903260 125.4
1903270 125.4
1903280 125.4
1903290 125.4
1903300 125.4
1903310 125.3
1903320 125.3
1903330 125.3
1903340 125.4
1903350 125.4
1903360 125.4
1903370 125.5
1903380 125.5
1903390 125.5
1903400 125.6
1903410 125.6
1903420 125.6
1903430 125.6
1903440 125.6
1903450 125.7
1903460 125.6
1903470 125.6
1903480 125.6
1903490 125.5
1903500 125.5
1903510 125.5
1903520 125.4
1903530 125.4
1903540 125.5
1903550 125.5
1903560 125.5
1903570 125.6
1903580 125.8
1903590 125.8
1903600 125.7
1903610 125.6
1903620 125.6
1903630 125.6
1903640 125.5
1903650 125.5
1903660 125.5
1903670 125.4
1903680 125.4
1903690 125.3
1903700 125.3
1903710 125.3
1903720 125.3
