1900000 130.1
1900010 130.0
1900020 130.0
1900030 129.9
1900040 129.8
1900050 129.8
1900060 129.7
1900070 129.7
1900080 129.7
1900090 129.6
1900100 129.5
1900110 129.5
1900120 129.4
1900130 129.4
1900140 129.5
1900150 129.3
1900160 129.2
1900170 129.2
1900180 129.1
1900190 129.0
1900200 129.0
1900210 128.8
1900220 128.7
1900230 128.7
1900240 128.7
1900250 128.6
1900260 128.6
1900270 128.6
1900280 128.6
1900290 128.6
1900300 128.6
1900310 128.7
1900320 128.7
1900330 128.7
1900340 128.7
1900350 128.7
1900360 128.8
1900370 128.8
1900380 128.8
1900390 128.8
1900400 128.8
1900410 128.8
1900420 128.9
1900430 128.8
1900440 128.8
1900450 128.6
1900460 128.6
1900470 128.6
1900480 128.6
1900490 128.7
1900500 128.7
1900510 128.8
1900520 128.9
1900530 128.9
1900540 128.8
1900550 128.7
1900560 128.7
1900570 128.7
1900580 128.6
1900590 128.6
1900600 128.6
1900610 128.6
1900620 128.6
1900630 128.6
1900640 128.6
1900650 128.6
1900660 128.6
1900670 128.5
1900680 128.5
1900690 128.6
1900700 128.6
1900710 128.6
1900720 128.5
1900730 128.5
1900740 128.5
1900750 128.6
1900760 128.7
1900770 128.7
1900780 128.6
1900790 128.5
1900800 128.4
1900810 128.4
1900820 128.3
1900830 128.3
1900840 128.3
1900850 128.3
1900860 128.2
1900870 128.2
1900880 128.1
1900890 128.1
1900900 128.1
1900910 128.0
1900920 128.0
1900930 128.0
1900940 127.9
1900950 127.9
1900960 127.9
1900970 127.9
1900980 127.9
1900990 127.9
1901000 127.9
1901010 127.9
1901020 127.9
1901030 127.9
1901040 127.9
1901050 127.9
1901060 127.8
1901070 127.8
1901080 127.8
1901090 127.7
1901100 127.7
1901110 127.7
1901120 127.6
1901130 127.6
1901140 127.6
1901150 127.6
1901160 127.6
1901170 127.6
1901180 127.5
1901190 127.5
1901200 127.5
1901210 127.5
1901220 127.4
1901230 127.4
1901240 127.4
1901250 127.4
1901260 127.4
1901270 127.4
1901280 127.3
1901290 127.3
1901300 127.3
1901310 127.2
1901320 127.2
1901330 127.2
1901340 127.2
1901350 127.2
1901360 127.1
1901370 127.1
1901380 127.1
1901390 127.0
1901400 127.1
1901410 127.1
1901420 127.1
1901430 127.0
1901440 127.0
1901450 126.9
1901460 126.9
1901470 126.9
1901480 126.9
1901490 126.8
1901500 126.8
1901510 126.8
1901520 126.8
1901530 126.8
1901540 126.7
1901550 126.7
1901560 126.7
1901570 126.8
1901580 126.8
1901590 126.8
1901600 126.8
1901610 126.8
1901620 126.9
1901630 126.9
1901640 127.0
1901650 127.0
1901660 127.0
1901670 127.0
1901680 127.0
1901690 126.9
1901700 126.9
1901710 126.9
1901720 126.9
1901730 126.9
1901740 126.8
1901750 126.8
1901760 126.8
1901770 126.8
1901780 126.8
1901790 126.8
1901800 126.9
1901810 126.9
1901820 126.9
1901830 126.7
1901840 126.7
1901850 126.5
1901860 126.4
1901870 126.4
1901880 126.4
1901890 126.4
1901900 126.4
1901910 126.4
1901920 126.4
1901930 126.4
1901940 126.4
1901950 126.3
1901960 126.3
1901970 126.3
1901980 126.3
1901990 126.3
1902000 126.2
1902010 126.0
1902020 126.0
1902030 125.9
1902040 125.8
1902050 125.8
1902060 125.6
1902070 125.5
1902080 125.5
1902090 125.4
1902100 125.4
1902110 125.4
1902120 125.3
1902130 125.3
1902140 125.3
1902150 125.3
1902160 125.2
1902170 125.2
1902180 125.2
1902190 125.1
1902200 125.1
1902210 125.1
1902220 125.1
1902230 125.1
1902240 125.1
1902250 125.2
1902260 125.2
1902270 125.3
1902280 125.5
1902290 125.5
1902300 125.6
1902310 125.7
1902320 125.7
1902330 125.7
1902340 125.7
1902350 125.7
1902360 125.8
1902370 125.8
1902380 125.8
1902390 125.9
1902400 125.9
1902410 125.9
1902420 125.9
1902430 125.9
1902440 125.9
1902450 125.9
1902460 126.0
1902470 126.1
1902480 126.1
1902490 126.1
1902500 126.2
1902510 126.2
1902520 126.2
1902530 126.1
1902540 126.1
1902550 126.0
1902560 126.0
1902570 126.0
1902580 126.1
1902590 126.1
1902600 126.1
1902610 126.2
1902620 126.2
1902630 126.2
1902640 126.2
1902650 126.2
1902660 126.2
1902670 126.1
1902680 126.1
1902690 126.1
1902700 126.0
1902710 126.0
1902720 126.0
1902730 126.0
1902740 126.0
1902750 126.0
1902760 126.0
1902770 126.1
1902780 126.1
1902790 126.1
1902800 126.2
1902810 126.2
1902820 126.2
1902830 126.3
1902840 126.3
1902850 126.4
1902860 126.3
1902870 126.3
1902880 126.2
1902890 126.1
1902900 126.1
1902910 126.1
1902920 126.1
1902930 126.1
1902940 126.1
1902950 126.1
1902960 126.1
1902970 126.0
1902980 126.0
1902990 126.0
1903000 126.0
1903010 126.0
1903020 126.0
1903030 125.9
1903040 125.9
1903050 125.9
1903060 125.9
1903070 125.9
1903080 125.9
1903090 126.0
1903100 126.0
1903110 126.0
1903120 126.0
1903130 126.0
1903140 126.0
1903150 126.0
1903160 126.1
1903170 126.1
1903180 126.1
1903190 126.1
1903200 126.1
1903210 126.1
1903220 126.0
1903230 126.1
1903240 126.1
1903250 126.1
1903260 126.0
1903270 126.0
1903280 125.9
1903290 125.9
1903300 125.9
1903310 125.8
1903320 125.8
1903330 125.8
1903340 125.7
1903350 125.7
1903360 125.7
1903370 125.8
1903380 125.9
1903390 125.9
1903400 125.7
1903410 125.6
1903420 125.6
1903430 125.5
1903440 125.6
1903450 125.6
1903460 125.7
1903470 125.7
1903480 125.7
1903490 125.8
1903500 125.8
1903510 125.8
1903520 125.9
1903530 126.0
1903540 126.1
1903550 126.1
1903560 126.1
1903570 126.1
1903580 126.1
1903590 126.1
1903600 126.1
1903610 126.0
1903620 126.0
1903630 126.0
1903640 126.0
1903650 126.0
1903660 126.0
1903670 126.0
1903680 125.9
1903690 125.9
1903700 125.9
1903710 126.0
1903720 126.0
1903730 126.0
1903740 126.1
1903750 126.1
1903760 126.0
1903770 126.0
1903780 126.0
1903790 125.9
1903800 125.8
1903810 125.8
1903820 125.7
1903830 125.7
1903840 125.7
1903850 125.7
1903860 125.6
1903870 125.6
1903880 125.6
1903890 125.7
1903900 125.7
1903910 125.7
1903920 125.8
1903930 125.8
1903940 125.8
1903950 125.7
1903960 125.7
1903970 125.7
1903980 125.7
1903990 125.7
1904000 125.7
1904010 125.7
1904020 125.7
1904030 125.7
1904040 125.7
