1900000 128.1
1900010 128.2
1900020 128.1
1900030 128.1
1900040 128.1
1900050 128.0
1900060 128.0
1900070 127.7
1900080 127.5
1900090 127.5
1900100 127.3
1900110 127.1
1900120 127.1
1900130 126.8
1900140 126.6
1900150 126.6
1900160 126.5
1900170 126.4
1900180 126.4
1900190 126.2
1900200 126.2
1900210 126.2
1900220 126.2
1900230 126.3
1900240 126.3
1900250 126.4
1900260 126.7
1900270 126.7
1900280 127.0
1900290 127.0
1900300 127.0
1900310 126.8
1900320 126.8
1900330 126.8
1900340 126.8
1900350 126.9
1900360 126.9
1900370 126.9
1900380 127.0
1900390 127.0
1900400 127.1
1900410 127.3
1900420 127.3
1900430 127.4
1900440 127.4
1900450 127.4
1900460 127.4
1900470 127.4
1900480 127.4
1900490 127.3
1900500 127.3
1900510 127.3
1900520 127.1
1900530 126.9
1900540 126.9
1900550 126.8
1900560 126.8
1900570 126.8
1900580 126.9
1900590 127.0
1900600 127.1
1900610 127.1
1900620 127.2
1900630 127.2
1900640 127.2
1900650 127.2
1900660 127.2
1900670 127.2
1900680 127.1
1900690 127.1
1900700 127.1
1900710 127.1
1900720 127.2
1900730 127.2
1900740 127.2
1900750 127.2
1900760 127.2
1900770 127.2
1900780 127.1
1900790 127.1
1900800 127.1
1900810 127.1
1900820 127.1
1900830 127.1
1900840 127.2
1900850 127.2
1900860 127.3
1900870 127.3
1900880 127.3
1900890 127.3
1900900 127.2
1900910 127.2
1900920 127.1
1900930 127.0
1900940 127.0
1900950 127.0
1900960 126.9
1900970 126.9
1900980 126.9
1900990 126.8
1901000 126.8
1901010 126.7
1901020 126.7
1901030 126.7
1901040 126.7
1901050 126.8
1901060 126.8
1901070 126.8
1901080 126.9
1901090 126.9
1901100 126.9
1901110 126.9
1901120 127.0
1901130 127.0
1901140 126.9
1901150 126.9
1901160 126.9
1901170 127.0
1901180 127.0
1901190 126.9
1901200 126.9
1901210 126.9
1901220 126.8
1901230 126.8
1901240 126.8
1901250 126.7
1901260 126.7
1901270 126.7
1901280 126.6
1901290 126.5
1901300 126.5
1901310 126.5
1901320 126.5
1901330 126.5
1901340 126.4
1901350 124.8
1901360 124.8
1901370 120.9
1901380 119.8
1901390 119.4
1901400 119.4
1901410 119.4
1901420 120.2
1901430 120.2
1901440 120.4
1901450 120.5
1901460 120.5
1901470 120.7
1901480 121.3
1901490 121.3
1901500 122.7
1901510 125.6
1901520 125.6
1901530 125.9
1901540 125.8
1901550 125.8
1901560 125.7
1901570 125.7
1901580 125.7
1901590 125.7
1901600 125.7
1901610 125.7
1901620 125.7
1901630 125.6
1901640 125.6
1901650 125.5
1901660 125.5
1901670 125.5
1901680 125.6
1901690 125.6
1901700 125.6
1901710 125.6
1901720 125.7
1901730 125.6
1901740 125.5
1901750 125.7
1901760 125.7
1901770 125.8
1901780 125.8
1901790 125.8
1901800 126.0
1901810 126.0
1901820 126.0
1901830 125.9
1901840 125.7
1901850 125.7
1901860 125.6
1901870 125.5
1901880 125.5
1901890 125.5
1901900 125.6
1901910 125.6
1901920 125.6
1901930 125.5
1901940 125.5
1901950 125.4
1901960 125.4
1901970 125.4
1901980 125.3
1901990 125.3
1902000 125.3
1902010 125.4
1902020 125.4
1902030 125.4
1902040 125.4
1902050 125.5
1902060 125.5
1902070 125.6
1902080 125.7
1902090 125.7
1902100 125.8
1902110 125.8
1902120 125.8
1902130 125.9
1902140 125.9
1902150 125.9
1902160 125.9
1902170 125.9
1902180 125.9
1902190 125.9
1902200 125.8
1902210 125.8
1902220 125.8
1902230 125.7
1902240 125.8
1902250 125.8
1902260 125.8
1902270 125.9
1902280 125.9
1902290 125.9
1902300 125.9
1902310 125.9
1902320 125.9
1902330 125.9
1902340 125.9
1902350 126.0
1902360 126.0
1902370 126.0
1902380 126.0
1902390 126.0
1902400 126.0
1902410 125.9
1902420 125.9
1902430 125.9
1902440 126.0
1902450 126.1
1902460 126.1
1902470 126.1
1902480 126.1
1902490 126.1
1902500 126.0
1902510 126.0
1902520 126.0
1902530 126.1
1902540 126.2
1902550 126.2
1902560 126.3
1902570 126.3
1902580 126.3
1902590 126.3
1902600 126.3
1902610 126.3
1902620 126.4
1902630 126.3
1902640 126.3
1902650 126.3
1902660 126.2
1902670 126.2
1902680 126.0
1902690 125.9
1902700 125.9
1902710 125.7
1902720 125.6
1902730 125.6
1902740 125.5
1902750 125.4
1902760 125.4
1902770 125.4
1902780 125.4
1902790 125.4
1902800 125.4
1902810 125.4
1902820 125.4
1902830 125.4
1902840 125.4
1902850 125.4
1902860 125.4
1902870 125.4
1902880 125.4
1902890 125.3
1902900 125.3
1902910 125.3
1902920 125.3
1902930 125.4
1902940 125.4
1902950 125.4
1902960 125.5
1902970 125.6
1902980 125.8
1902990 126.1
1903000 126.2
1903010 126.2
1903020 126.0
1903030 125.9
1903040 125.9
1903050 125.8
1903060 125.7
1903070 125.7
1903080 125.7
1903090 125.8
1903100 125.8
1903110 125.8
1903120 125.6
1903130 125.6
1903140 125.6
1903150 125.7
1903160 125.7
1903170 125.7
1903180 125.7
1903190 125.7
1903200 125.7
1903210 125.7
1903220 125.7
1903230 125.7
1903240 125.7
1903250 125.7
1903260 125.8
1903270 125.8
1903280 125.8
1903290 125.8
1903300 125.7
1903310 125.7
1903320 125.6
1903330 125.5
1903340 125.5
1903350 125.4
1903360 125.3
1903370 125.3
1903380 125.3
1903390 125.4
1903400 125.4
1903410 125.4
1903420 125.5
1903430 125.5
1903440 125.5
1903450 125.5
1903460 125.5
1903470 125.6
1903480 125.6
1903490 125.6
1903500 125.6
1903510 125.6
1903520 125.6
1903530 125.7
1903540 125.7
1903550 125.7
1903560 125.7
1903570 125.6
1903580 125.7
1903590 125.6
1903600 125.5
1903610 125.5
1903620 125.5
1903630 125.4
1903640 125.4
1903650 125.5
1903660 125.6
1903670 125.6
1903680 125.4
1903690 125.4
1903700 125.4
1903710 125.4
1903720 125.4
1903730 125.4
1903740 125.3
1903750 125.2
1903760 125.2
1903770 125.3
