1900000 130.8
1900010 130.8
1900020 130.6
1900030 130.5
1900040 130.5
1900050 130.4
1900060 130.4
1900070 130.4
1900080 130.3
1900090 130.1
1900100 130.1
1900110 129.9
1900120 129.7
1900130 129.8
1900140 129.6
1900150 129.5
1900160 129.5
1900170 129.3
1900180 129.2
1900190 129.2
1900200 129.1
1900210 129.1
1900220 129.1
1900230 129.1
1900240 129.1
1900250 129.1
1900260 129.1
1900270 129.1
1900280 129.1
1900290 129.0
1900300 129.0
1900310 129.0
1900320 129.1
1900330 129.1
1900340 129.1
1900350 129.1
1900360 129.1
1900370 129.1
1900380 129.1
1900390 129.1
1900400 129.1
1900410 129.1
1900420 129.1
1900430 129.1
1900440 129.1
1900450 129.1
1900460 129.1
1900470 129.0
1900480 129.0
1900490 129.0
1900500 129.1
1900510 129.1
1900520 129.1
1900530 129.0
1900540 129.1
1900550 129.1
1900560 129.1
1900570 129.0
1900580 129.0
1900590 129.0
1900600 129.0
1900610 129.0
1900620 129.1
1900630 129.4
1900640 129.4
1900650 129.3
1900660 129.2
1900670 129.0
1900680 129.0
1900690 128.8
1900700 128.7
1900710 128.7
1900720 128.6
1900730 128.6
1900740 128.6
1900750 128.6
1900760 128.6
1900770 128.6
1900780 128.6
1900790 128.5
1900800 128.5
1900810 128.4
1900820 128.5
1900830 128.5
1900840 128.5
1900850 128.5
1900860 128.5
1900870 128.5
1900880 128.5
1900890 128.5
1900900 128.5
1900910 128.4
1900920 128.4
1900930 128.4
1900940 128.3
1900950 128.3
1900960 128.3
1900970 128.2
1900980 128.2
1900990 128.2
1901000 128.2
1901010 128.2
1901020 128.2
1901030 128.1
1901040 128.1
1901050 128.0
1901060 128.0
1901070 128.0
1901080 128.0
1901090 128.0
1901100 128.0
1901110 128.0
1901120 127.9
1901130 127.9
1901140 127.8
1901150 127.7
1901160 127.7
1901170 127.7
1901180 127.6
1901190 127.6
1901200 127.6
1901210 127.5
1901220 127.5
1901230 127.5
1901240 127.5
1901250 127.5
1901260 127.4
1901270 127.4
1901280 127.4
1901290 127.3
1901300 127.3
1901310 127.3
1901320 127.3
1901330 127.3
1901340 127.3
1901350 127.2
1901360 127.1
1901370 127.1
1901380 127.0
1901390 127.0
1901400 127.0
1901410 127.0
1901420 127.0
1901430 127.0
1901440 127.0
1901450 127.0
1901460 127.0
1901470 127.1
1901480 127.1
1901490 127.1
1901500 127.1
1901510 127.0
1901520 127.0
1901530 127.0
1901540 127.0
1901550 127.1
1901560 127.1
1901570 127.0
1901580 127.0
1901590 127.0
1901600 126.9
1901610 126.8
1901620 126.8
1901630 126.8
1901640 126.9
1901650 126.9
1901660 126.8
1901670 126.8
1901680 126.7
1901690 126.7
1901700 126.7
1901710 126.7
1901720 126.6
1901730 126.5
1901740 126.5
1901750 126.4
1901760 126.4
1901770 126.4
1901780 126.3
1901790 126.4
1901800 126.4
1901810 126.4
1901820 126.4
1901830 126.4
1901840 126.3
1901850 126.4
1901860 126.4
1901870 126.5
1901880 126.5
1901890 126.5
1901900 126.3
1901910 126.1
1901920 126.1
1901930 126.1
1901940 126.0
1901950 126.0
1901960 126.0
1901970 126.0
1901980 126.0
1901990 126.0
1902000 126.0
1902010 126.0
1902020 125.9
1902030 125.9
1902040 125.9
1902050 125.8
1902060 125.7
1902070 125.7
1902080 125.6
1902090 125.5
1902100 125.5
1902110 125.4
1902120 125.3
1902130 125.3
1902140 125.3
1902150 125.3
1902160 125.3
1902170 125.3
1902180 125.2
1902190 125.2
1902200 125.1
1902210 125.1
1902220 125.1
1902230 125.2
1902240 125.2
1902250 125.2
1902260 125.3
1902270 125.4
1902280 125.4
1902290 125.4
1902300 125.4
1902310 125.4
1902320 125.4
1902330 125.4
1902340 125.5
1902350 125.5
1902360 125.6
1902370 125.7
1902380 125.7
1902390 125.7
1902400 125.8
1902410 125.8
1902420 125.9
1902430 126.0
1902440 126.0
1902450 126.1
1902460 126.2
1902470 126.2
1902480 126.2
1902490 126.2
1902500 126.2
1902510 126.2
1902520 126.3
1902530 126.3
1902540 126.2
1902550 126.2
1902560 126.2
1902570 126.1
1902580 126.1
1902590 126.1
1902600 126.2
1902610 126.2
1902620 126.2
1902630 126.3
1902640 126.4
1902650 126.4
1902660 126.3
1902670 126.3
1902680 126.3
1902690 126.3
1902700 126.3
1902710 126.3
1902720 126.3
1902730 126.3
1902740 126.3
1902750 126.3
1902760 126.3
1902770 126.3
1902780 126.2
1902790 126.1
1902800 126.1
1902810 126.1
1902820 126.1
1902830 126.1
1902840 126.0
1902850 126.1
1902860 126.1
1902870 126.1
1902880 126.2
1902890 126.2
1902900 126.3
1902910 126.3
1902920 126.3
1902930 126.2
1902940 126.2
1902950 126.2
1902960 126.2
1902970 126.2
1902980 126.2
1902990 126.1
1903000 126.0
1903010 126.0
1903020 126.0
1903030 126.1
1903040 126.1
1903050 126.1
1903060 126.1
1903070 126.1
1903080 126.1
1903090 126.1
1903100 126.1
1903110 126.1
1903120 126.1
1903130 126.1
1903140 126.1
1903150 126.1
1903160 126.1
1903170 126.1
1903180 126.1
1903190 126.2
1903200 126.2
1903210 126.2
1903220 126.1
1903230 126.1
1903240 126.0
1903250 126.0
1903260 126.0
1903270 126.0
1903280 126.0
1903290 126.0
1903300 126.0
1903310 126.0
1903320 126.0
1903330 125.9
1903340 125.7
1903350 125.7
1903360 125.7
1903370 125.7
1903380 125.7
1903390 125.7
1903400 125.8
1903410 125.8
1903420 126.0
1903430 126.0
1903440 126.0
1903450 125.9
1903460 125.9
1903470 125.9
1903480 125.8
1903490 125.8
1903500 125.8
1903510 125.9
1903520 126.0
1903530 126.0
1903540 126.1
1903550 126.0
1903560 126.0
1903570 126.1
1903580 126.2
1903590 126.2
1903600 126.2
1903610 126.1
1903620 126.1
1903630 126.1
1903640 126.1
1903650 126.1
1903660 126.1
1903670 126.1
1903680 126.1
1903690 126.2
1903700 126.2
1903710 126.2
1903720 126.1
1903730 126.2
1903740 126.2
1903750 126.1
1903760 126.1
1903770 126.1
1903780 126.1
1903790 126.1
1903800 126.1
1903810 126.0
1903820 125.9
1903830 125.9
1903840 125.8
1903850 125.8
1903860 125.8
1903870 125.9
1903880 125.9
1903890 125.9
1903900 125.9
1903910 125.9
1903920 126.0
1903930 126.0
1903940 125.9
1903950 125.8
1903960 125.8
1903970 125.8
1903980 125.8
1903990 125.8
1904000 125.7
1904010 125.6
1904020 125.6
1904030 125.6
