1900000 128.2
1900010 128.2
1900020 128.1
1900030 128.1
1900040 128.1
1900050 128.0
1900060 128.0
1900070 127.9
1900080 127.8
1900090 127.8
1900100 127.7
1900110 127.7
1900120 127.7
1900130 127.7
1900140 127.7
1900150 127.7
1900160 127.7
1900170 127.6
1900180 127.6
1900190 127.4
1900200 127.4
1900210 127.4
1900220 127.4
1900230 127.4
1900240 127.5
1900250 127.5
1900260 127.4
1900270 127.4
1900280 127.4
1900290 127.5
1900300 127.5
1900310 127.5
1900320 127.5
1900330 127.4
1900340 127.4
1900350 127.4
1900360 127.4
1900370 127.4
1900380 127.5
1900390 127.6
1900400 127.6
1900410 127.6
1900420 127.6
1900430 127.6
1900440 127.8
1900450 128.0
1900460 128.0
1900470 128.2
1900480 128.3
1900490 128.3
1900500 128.3
1900510 128.4
1900520 128.4
1900530 128.4
1900540 128.5
1900550 128.5
1900560 128.5
1900570 128.3
1900580 128.3
1900590 128.2
1900600 128.2
1900610 128.2
1900620 128.1
1900630 128.0
1900640 128.0
1900650 127.9
1900660 127.8
1900670 127.8
1900680 127.8
1900690 127.8
1900700 127.8
1900710 127.7
1900720 127.7
1900730 127.7
1900740 127.6
1900750 127.6
1900760 127.6
1900770 127.6
1900780 127.5
1900790 127.5
1900800 127.5
1900810 127.5
1900820 127.5
1900830 127.4
1900840 127.3
1900850 127.3
1900860 127.3
1900870 127.3
1900880 127.3
1900890 127.3
1900900 127.2
1900910 127.2
1900920 127.1
1900930 127.1
1900940 127.1
1900950 127.1
1900960 127.1
1900970 127.1
1900980 127.0
1900990 127.0
1901000 127.0
1901010 127.0
1901020 127.0
1901030 127.0
1901040 127.0
1901050 127.1
1901060 127.1
1901070 127.1
1901080 127.1
1901090 127.1
1901100 127.1
1901110 127.1
1901120 127.0
1901130 127.0
1901140 126.9
1901150 126.8
1901160 126.8
1901170 126.7
1901180 126.7
1901190 126.7
1901200 126.7
1901210 126.7
1901220 126.7
1901230 126.7
1901240 126.7
1901250 126.7
1901260 126.6
1901270 126.6
1901280 126.6
1901290 126.5
1901300 126.6
1901310 126.6
1901320 126.6
1901330 126.6
1901340 126.6
1901350 126.6
1901360 126.6
1901370 126.6
1901380 126.5
1901390 126.5
1901400 126.5
1901410 126.6
1901420 126.9
1901430 126.9
1901440 127.0
1901450 127.0
1901460 127.0
1901470 126.8
1901480 126.8
1901490 126.8
1901500 126.7
1901510 126.6
1901520 126.6
1901530 126.6
1901540 126.6
1901550 126.6
1901560 126.7
1901570 126.7
1901580 126.7
1901590 126.7
1901600 126.6
1901610 126.7
1901620 126.6
1901630 126.6
1901640 126.6
1901650 126.6
1901660 126.5
1901670 126.5
1901680 126.4
1901690 126.4
1901700 126.4
1901710 126.4
1901720 126.3
1901730 126.3
1901740 126.1
1901750 126.0
1901760 126.0
1901770 125.9
1901780 125.9
1901790 125.9
1901800 125.9
1901810 125.9
1901820 125.9
1901830 125.9
1901840 125.8
1901850 125.8
1901860 125.8
1901870 125.7
1901880 125.8
1901890 125.8
1901900 125.8
1901910 125.8
1901920 125.9
1901930 125.9
1901940 125.9
1901950 125.9
1901960 125.8
1901970 125.8
1901980 125.8
1901990 125.7
1902000 125.7
1902010 125.7
1902020 125.7
1902030 125.6
1902040 125.6
1902050 125.6
1902060 125.6
1902070 125.6
1902080 125.6
1902090 125.7
1902100 125.7
1902110 125.9
1902120 125.9
1902130 125.9
1902140 125.7
1902150 125.5
1902160 125.5
1902170 125.4
1902180 125.4
1902190 125.4
1902200 125.4
1902210 125.4
1902220 125.4
1902230 125.4
1902240 125.4
1902250 125.4
1902260 125.4
1902270 125.5
1902280 125.5
1902290 125.6
1902300 125.7
1902310 125.7
1902320 125.8
1902330 125.9
1902340 125.9
1902350 126.0
1902360 126.1
1902370 126.1
1902380 126.2
1902390 126.2
1902400 126.2
1902410 126.2
1902420 126.2
1902430 126.2
1902440 126.1
1902450 126.1
1902460 126.1
1902470 126.1
1902480 126.1
1902490 126.1
1902500 126.1
1902510 126.0
1902520 126.0
1902530 126.0
1902540 125.8
1902550 125.8
1902560 125.7
1902570 125.7
1902580 125.7
1902590 125.8
1902600 125.9
1902610 125.8
1902620 125.8
1902630 125.7
1902640 125.6
1902650 125.6
1902660 125.6
1902670 125.6
1902680 125.6
1902690 125.5
1902700 125.6
1902710 125.6
1902720 125.6
1902730 125.6
1902740 125.6
1902750 125.6
1902760 125.6
1902770 125.6
1902780 125.6
1902790 125.5
1902800 125.5
1902810 125.5
1902820 125.5
1902830 125.5
1902840 125.5
1902850 125.6
1902860 125.6
1902870 125.6
1902880 125.6
1902890 125.6
1902900 125.6
1902910 125.6
1902920 125.6
1902930 125.6
1902940 125.6
1902950 125.6
1902960 125.6
1902970 125.6
1902980 125.6
1902990 125.6
1903000 125.7
1903010 125.7
1903020 125.7
1903030 125.7
1903040 125.7
1903050 125.7
1903060 125.7
1903070 125.7
1903080 125.7
1903090 125.7
1903100 125.7
1903110 125.9
1903120 126.2
1903130 126.2
1903140 126.1
1903150 125.9
1903160 126.0
1903170 125.8
1903180 125.8
1903190 125.8
1903200 125.7
1903210 125.6
1903220 125.6
1903230 125.7
1903240 125.7
1903250 125.7
1903260 125.6
1903270 125.6
1903280 125.6
1903290 125.6
1903300 125.5
1903310 125.5
1903320 125.4
1903330 125.4
1903340 125.4
1903350 125.5
1903360 125.4
1903370 125.4
1903380 125.4
1903390 125.6
1903400 125.8
1903410 125.8
1903420 125.8
1903430 125.7
1903440 125.7
1903450 125.6
1903460 125.6
1903470 125.6
1903480 125.5
1903490 125.5
1903500 125.5
1903510 125.5
1903520 125.5
1903530 125.5
1903540 125.5
1903550 125.6
1903560 125.6
1903570 125.6
1903580 125.6
1903590 125.6
1903600 125.8
1903610 125.8
1903620 125.8
1903630 125.9
1903640 125.9
1903650 125.9
1903660 125.8
1903670 125.9
1903680 125.9
1903690 125.9
1903700 125.9
1903710 125.9
1903720 125.9
1903730 126.0
1903740 126.0
1903750 126.0
1903760 125.9
1903770 125.9
1903780 125.8
1903790 125.8
1903800 125.8
1903810 125.8
1903820 125.7
1903830 125.7
1903840 125.7
1903850 125.7
1903860 125.7
1903870 125.6
