1900000 134.0
1900010 133.6
1900020 133.6
1900030 133.4
1900040 133.1
1900050 133.1
1900060 132.7
1900070 132.4
1900080 132.4
1900090 132.2
1900100 132.0
1900110 132.0
1900120 132.0
1900130 132.4
1900140 132.4
1900150 131.9
1900160 131.4
1900170 131.4
1900180 131.2
1900190 131.1
1900200 131.1
1900210 131.0
1900220 131.0
1900230 131.0
1900240 130.9
1900250 130.9
1900260 130.9
1900270 130.8
1900280 130.8
1900290 130.8
1900300 130.8
1900310 130.8
1900320 130.8
1900330 130.8
1900340 130.9
1900350 130.9
1900360 130.9
1900370 131.0
1900380 131.0
1900390 131.0
1900400 131.1
1900410 131.1
1900420 131.2
1900430 131.3
1900440 131.3
1900450 131.3
1900460 131.2
1900470 131.2
1900480 131.1
1900490 131.1
1900500 131.1
1900510 131.1
1900520 131.1
1900530 131.1
1900540 131.1
1900550 131.0
1900560 131.0
1900570 131.0
1900580 131.1
1900590 131.1
1900600 131.2
1900610 131.2
1900620 131.2
1900630 131.1
1900640 130.9
1900650 130.9
1900660 130.8
1900670 130.6
1900680 130.6
1900690 130.4
1900700 130.3
1900710 130.1
1900720 130.1
1900730 130.0
1900740 129.9
1900750 129.9
1900760 129.8
1900770 129.7
1900780 129.7
1900790 129.6
1900800 129.5
1900810 129.5
1900820 129.4
1900830 129.4
1900840 129.4
1900850 129.3
1900860 129.3
1900870 129.3
1900880 129.2
1900890 129.2
1900900 129.2
1900910 129.1
1900920 129.0
1900930 129.0
1900940 128.9
1900950 128.8
1900960 128.8
1900970 128.8
1900980 128.8
1900990 128.8
1901000 128.7
1901010 128.6
1901020 128.6
1901030 128.5
1901040 128.4
1901050 128.4
1901060 128.4
1901070 128.3
1901080 128.3
1901090 128.3
1901100 128.3
1901110 128.3
1901120 128.2
1901130 127.9
1901140 127.9
1901150 127.9
1901160 127.8
1901170 127.8
1901180 127.7
1901190 127.7
1901200 127.7
1901210 127.6
1901220 127.6
1901230 127.6
1901240 127.5
1901250 127.4
1901260 127.4
1901270 127.3
1901280 127.2
1901290 127.2
1901300 127.2
1901310 127.1
1901320 127.1
1901330 127.1
1901340 127.0
1901350 127.0
1901360 127.0
1901370 126.9
1901380 126.9
1901390 126.9
1901400 126.8
1901410 126.8
1901420 126.8
1901430 126.7
1901440 126.8
1901450 126.8
1901460 126.8
1901470 126.8
1901480 126.8
1901490 126.8
1901500 126.8
1901510 126.8
1901520 126.9
1901530 127.0
1901540 127.0
1901550 127.1
1901560 127.2
1901570 127.2
1901580 127.4
1901590 127.5
1901600 127.5
1901610 127.6
1901620 127.7
1901630 127.7
1901640 127.7
1901650 127.7
1901660 127.7
1901670 127.7
1901680 127.6
1901690 127.6
1901700 127.6
1901710 127.6
1901720 127.6
1901730 127.7
1901740 127.7
1901750 127.7
1901760 127.7
1901770 127.8
1901780 127.8
1901790 127.8
1901800 127.9
1901810 127.9
1901820 127.8
1901830 127.9
1901840 127.9
1901850 128.0
1901860 127.8
1901870 127.8
1901880 127.4
1901890 127.1
1901900 127.1
1901910 126.9
1901920 126.8
1901930 126.8
1901940 126.7
1901950 126.6
1901960 126.6
1901970 126.5
1901980 126.5
1901990 126.5
1902000 126.6
1902010 126.6
1902020 126.6
1902030 126.6
1902040 126.5
1902050 126.5
1902060 126.4
1902070 126.3
1902080 126.3
1902090 126.3
1902100 126.3
1902110 126.3
1902120 126.2
1902130 126.2
1902140 126.2
1902150 126.1
1902160 126.1
1902170 126.1
1902180 126.2
1902190 126.2
1902200 126.2
1902210 126.2
1902220 126.3
1902230 126.3
1902240 126.3
1902250 126.5
1902260 126.5
1902270 126.6
1902280 126.6
1902290 126.6
1902300 126.4
1902310 126.2
1902320 126.2
1902330 126.1
1902340 126.0
1902350 126.0
1902360 126.0
1902370 126.0
1902380 126.0
1902390 126.0
1902400 126.0
1902410 126.0
1902420 126.0
1902430 126.1
1902440 126.1
1902450 126.1
1902460 126.2
1902470 126.2
1902480 126.2
1902490 126.2
1902500 126.1
1902510 126.1
1902520 126.0
1902530 125.9
1902540 125.9
1902550 126.0
1902560 126.0
1902570 126.0
1902580 126.0
1902590 125.9
1902600 125.9
1902610 125.9
1902620 125.9
1902630 125.9
1902640 126.0
1902650 126.1
1902660 126.1
1902670 126.2
1902680 126.2
1902690 126.2
1902700 126.2
1902710 126.2
1902720 126.2
1902730 126.2
1902740 126.2
1902750 126.2
1902760 126.3
1902770 126.3
1902780 126.3
1902790 126.4
1902800 126.5
1902810 126.5
1902820 126.5
1902830 126.5
1902840 126.5
1902850 126.5
1902860 126.5
1902870 126.5
1902880 126.6
1902890 126.7
1902900 126.7
1902910 126.8
1902920 126.8
1902930 126.8
1902940 126.9
1902950 127.0
1902960 127.0
1902970 127.1
1902980 127.2
1902990 127.2
1903000 127.2
1903010 127.2
1903020 127.2
1903030 127.1
1903040 127.0
1903050 127.0
1903060 126.9
1903070 126.9
1903080 126.9
1903090 126.8
1903100 126.7
1903110 126.7
1903120 126.6
1903130 126.6
1903140 126.6
1903150 126.6
1903160 126.6
1903170 126.5
1903180 126.5
1903190 126.4
1903200 126.4
1903210 126.4
1903220 126.4
1903230 126.4
1903240 126.4
1903250 126.4
1903260 126.3
1903270 126.3
1903280 126.3
1903290 126.3
1903300 126.3
1903310 126.4
1903320 126.5
1903330 126.5
1903340 126.5
1903350 126.5
1903360 126.5
1903370 126.4
1903380 126.4
1903390 126.4
1903400 126.4
1903410 126.4
1903420 126.4
1903430 126.5
1903440 126.5
1903450 126.5
1903460 126.5
1903470 126.6
1903480 126.6
1903490 126.6
1903500 126.6
1903510 126.6
1903520 126.6
1903530 126.6
1903540 126.6
1903550 126.5
1903560 126.4
1903570 126.4
1903580 126.4
1903590 126.4
1903600 126.4
1903610 126.4
1903620 126.4
1903630 126.4
1903640 126.4
1903650 126.3
1903660 126.3
1903670 126.3
1903680 126.5
1903690 126.5
1903700 126.6
1903710 126.3
1903720 126.3
1903730 126.1
1903740 125.9
1903750 125.9
1903760 125.8
1903770 125.8
1903780 125.8
1903790 125.9
1903800 125.9
1903810 125.9
1903820 125.8
1903830 125.9
1903840 125.9
1903850 125.9
1903860 125.9
1903870 125.9
1903880 125.8
1903890 125.8
1903900 125.8
1903910 125.9
1903920 126.0
1903930 126.0
1903940 126.0
1903950 126.0
1903960 126.0
1903970 126.2
1903980 126.2
1903990 126.1
1904000 126.1
1904010 125.9
1904020 125.8
1904030 125.8
1904040 125.7
1904050 125.7
1904060 125.7
1904070 125.8
1904080 125.8
1904090 125.8
1904100 125.8
1904110 125.8
1904120 125.8
1904130 125.7
1904140 125.6
1904150 125.6
1904160 125.4
1904170 125.3
1904180 125.3
1904190 125.4
1904200 125.4
1904210 125.3
1904220 125.4
1904230 125.4
1904240 125.4
1904250 125.4
1904260 125.5
1904270 125.5
1904280 125.5
1904290 125.5
1904300 125.5
