1900000 133.6
1900010 133.6
1900020 133.8
1900030 133.8
1900040 133.8
1900050 133.8
1900060 133.8
1900070 133.8
1900080 133.8
1900090 133.8
1900100 133.8
1900110 133.8
1900120 133.7
1900130 133.7
1900140 133.7
1900150 133.7
1900160 133.7
1900170 133.7
1900180 133.7
1900190 133.7
1900200 133.6
1900210 133.5
1900220 133.5
1900230 133.4
1900240 133.4
1900250 133.4
1900260 133.3
1900270 133.1
1900280 133.1
1900290 132.9
1900300 132.8
1900310 132.8
1900320 132.7
1900330 132.7
1900340 132.7
1900350 132.7
1900360 132.7
1900370 132.7
1900380 132.7
1900390 132.6
1900400 132.8
1900410 132.8
1900420 132.4
1900430 132.0
1900440 132.0
1900450 131.8
1900460 131.7
1900470 131.7
1900480 131.6
1900490 131.5
1900500 131.5
1900510 131.3
1900520 131.1
1900530 131.1
1900540 130.9
1900550 130.9
1900560 130.9
1900570 130.9
1900580 131.0
1900590 131.2
1900600 131.0
1900610 130.8
1900620 130.8
1900630 130.7
1900640 130.6
1900650 130.6
1900660 130.5
1900670 130.4
1900680 130.4
1900690 130.3
1900700 130.1
1900710 130.1
1900720 130.0
1900730 129.9
1900740 129.9
1900750 129.9
1900760 129.8
1900770 129.8
1900780 129.7
1900790 129.6
1900800 129.6
1900810 129.5
1900820 129.5
1900830 129.5
1900840 129.4
1900850 129.3
1900860 129.3
1900870 129.2
1900880 129.2
1900890 129.2
1900900 129.2
1900910 129.2
1900920 129.2
1900930 129.2
1900940 129.1
1900950 129.1
1900960 128.9
1900970 128.8
1900980 128.8
1900990 128.7
1901000 128.6
1901010 128.6
1901020 128.6
1901030 128.6
1901040 128.6
1901050 128.6
1901060 128.5
1901070 128.5
1901080 128.5
1901090 128.4
1901100 128.4
1901110 128.4
1901120 128.4
1901130 128.4
1901140 128.3
1901150 128.4
1901160 128.4
1901170 128.4
1901180 128.4
1901190 128.5
1901200 128.5
1901210 128.5
1901220 128.5
1901230 128.5
1901240 128.4
1901250 128.3
1901260 128.3
1901270 128.0
1901280 127.7
1901290 127.7
1901300 127.5
1901310 127.4
1901320 127.4
1901330 127.3
1901340 127.3
1901350 127.3
1901360 127.2
1901370 127.1
1901380 127.1
1901390 127.1
1901400 127.0
1901410 127.0
1901420 127.0
1901430 127.0
1901440 127.0
1901450 127.0
1901460 127.0
1901470 127.0
1901480 126.9
1901490 126.9
1901500 126.9
1901510 126.8
1901520 126.6
1901530 126.6
1901540 126.6
1901550 126.6
1901560 126.6
1901570 126.6
1901580 126.7
1901590 126.7
1901600 126.9
1901610 127.2
1901620 127.2
1901630 127.5
1901640 127.8
1901650 127.8
1901660 128.1
1901670 128.2
1901680 128.2
1901690 128.3
1901700 128.4
1901710 128.4
1901720 128.6
1901730 128.7
1901740 128.7
1901750 128.8
1901760 129.2
1901770 129.2
1901780 129.1
1901790 129.0
1901800 129.0
1901810 128.8
1901820 128.7
1901830 128.7
1901840 128.7
1901850 128.6
1901860 128.6
1901870 128.4
1901880 128.2
1901890 128.2
1901900 127.8
1901910 127.4
1901920 127.4
1901930 127.1
1901940 126.9
1901950 126.9
1901960 126.8
1901970 126.7
1901980 126.7
1901990 126.7
1902000 126.6
1902010 126.5
1902020 126.5
1902030 126.5
1902040 126.4
1902050 126.4
1902060 126.4
1902070 126.5
1902080 126.5
1902090 126.5
1902100 126.6
1902110 126.6
1902120 126.6
1902130 126.6
1902140 126.6
1902150 126.7
1902160 126.8
1902170 126.8
1902180 126.8
1902190 126.8
1902200 126.8
1902210 126.8
1902220 126.8
1902230 126.8
1902240 126.7
1902250 126.7
1902260 126.7
1902270 126.7
1902280 126.7
1902290 126.7
1902300 126.7
1902310 126.7
1902320 126.7
1902330 126.7
1902340 126.8
1902350 126.8
1902360 126.8
1902370 126.8
1902380 126.8
1902390 126.7
1902400 126.7
1902410 126.7
1902420 126.7
1902430 126.8
1902440 126.8
1902450 126.8
1902460 126.9
1902470 126.9
1902480 126.9
1902490 126.9
1902500 126.9
1902510 127.0
1902520 127.0
1902530 127.0
1902540 127.2
1902550 127.2
1902560 127.2
1902570 127.1
1902580 127.0
1902590 127.0
1902600 126.8
1902610 126.7
1902620 126.7
1902630 126.7
1902640 126.6
1902650 126.6
1902660 126.4
1902670 126.4
1902680 126.4
1902690 126.4
1902700 126.5
1902710 126.5
1902720 126.5
1902730 126.4
1902740 126.4
1902750 126.2
1902760 126.0
1902770 126.0
1902780 125.8
1902790 125.8
1902800 125.8
1902810 125.9
1902820 126.1
1902830 126.3
1902840 126.3
1902850 126.5
1902860 126.6
1902870 126.6
1902880 126.7
1902890 126.8
1902900 126.8
1902910 127.0
1902920 127.1
1902930 127.1
1902940 127.1
1902950 127.1
1902960 127.1
1902970 127.2
1902980 127.2
1902990 127.2
1903000 127.2
1903010 127.1
1903020 127.1
1903030 127.0
1903040 126.9
1903050 126.9
1903060 126.9
1903070 126.9
1903080 126.9
1903090 127.0
1903100 127.0
1903110 127.0
1903120 127.0
1903130 127.1
1903140 127.1
1903150 127.1
1903160 127.1
1903170 127.1
1903180 127.0
1903190 127.0
1903200 127.0
1903210 127.0
1903220 127.0
1903230 127.0
1903240 127.0
1903250 126.9
1903260 126.9
1903270 127.0
1903280 127.0
1903290 127.0
1903300 127.0
1903310 127.0
1903320 127.0
1903330 127.1
1903340 127.2
1903350 127.2
1903360 127.2
1903370 127.1
1903380 127.1
1903390 127.0
1903400 126.9
1903410 126.9
1903420 127.0
1903430 127.0
1903440 127.0
1903450 127.0
1903460 126.8
1903470 126.8
1903480 126.7
1903490 126.5
1903500 126.5
1903510 126.4
1903520 126.3
1903530 126.3
1903540 126.2
1903550 126.2
1903560 126.2
1903570 126.1
1903580 126.2
1903590 126.2
1903600 126.2
1903610 126.2
1903620 126.2
1903630 126.2
1903640 126.2
1903650 126.2
1903660 126.2
1903670 126.2
1903680 126.3
1903690 126.3
1903700 126.4
1903710 126.4
1903720 126.4
1903730 126.5
1903740 126.5
1903750 126.5
1903760 126.6
1903770 126.7
1903780 126.7
1903790 126.7
1903800 126.8
1903810 126.8
1903820 126.9
1903830 126.9
1903840 126.9
1903850 126.8
1903860 127.0
1903870 127.0
1903880 127.1
1903890 127.0
1903900 127.0
1903910 126.7
1903920 126.5
1903930 126.5
1903940 126.3
1903950 126.2
1903960 126.2
1903970 126.1
1903980 125.9
1903990 125.9
1904000 125.8
1904010 125.6
1904020 125.6
1904030 125.5
1904040 125.4
1904050 125.4
1904060 125.3
1904070 125.3
1904080 125.3
1904090 125.2
1904100 125.2
1904110 125.2
1904120 125.2
1904130 125.2
1904140 125.2
1904150 125.2
1904160 125.2
1904170 125.2
1904180 125.2
1904190 125.3
1904200 125.3
1904210 125.5
1904220 125.7
1904230 125.7
1904240 126.0
1904250 126.3
1904260 126.3
1904270 126.4
1904280 126.6
1904290 126.5
1904300 126.5
1904310 126.6
1904320 126.6
1904330 126.7
1904340 126.7
1904350 126.7
1904360 126.8
1904370 127.0
1904380 127.0
1904390 127.0
