1900000 132.5
1900010 132.4
1900020 132.4
1900030 132.4
1900040 132.4
1900050 132.4
1900060 132.4
1900070 132.4
1900080 132.4
1900090 132.3
1900100 132.2
1900110 132.2
1900120 132.2
1900130 132.2
1900140 132.2
1900150 132.3
1900160 132.3
1900170 132.3
1900180 132.2
1900190 132.2
1900200 132.2
1900210 132.3
1900220 132.4
1900230 132.8
1900240 132.8
1900250 133.2
1900260 133.4
1900270 133.4
1900280 133.4
1900290 133.4
1900300 133.4
1900310 133.3
1900320 133.3
1900330 133.3
1900340 132.9
1900350 132.5
1900360 132.5
1900370 132.2
1900380 132.0
1900390 132.0
1900400 131.8
1900410 131.7
1900420 131.7
1900430 131.6
1900440 131.5
1900450 131.5
1900460 131.4
1900470 131.3
1900480 131.3
1900490 131.2
1900500 131.2
1900510 131.2
1900520 131.1
1900530 131.0
1900540 131.0
1900550 130.9
1900560 130.8
1900570 130.8
1900580 130.6
1900590 130.6
1900600 130.5
1900610 130.5
1900620 130.4
1900630 130.4
1900640 130.3
1900650 130.2
1900660 130.2
1900670 130.1
1900680 130.0
1900690 130.0
1900700 129.9
1900710 129.9
1900720 129.9
1900730 130.0
1900740 130.1
1900750 130.1
1900760 129.8
1900770 129.7
1900780 129.7
1900790 129.5
1900800 129.4
1900810 129.4
1900820 129.3
1900830 129.3
1900840 129.3
1900850 129.3
1900860 129.2
1900870 129.2
1900880 129.1
1900890 129.0
1900900 129.0
1900910 129.0
1900920 129.0
1900930 129.0
1900940 129.0
1900950 128.9
1900960 128.9
1900970 128.7
1900980 128.6
1900990 128.6
1901000 128.5
1901010 128.5
1901020 128.5
1901030 128.4
1901040 128.3
1901050 128.3
1901060 128.3
1901070 128.2
1901080 128.2
1901090 128.2
1901100 128.2
1901110 128.2
1901120 128.2
1901130 128.1
1901140 128.2
1901150 128.2
1901160 128.2
1901170 128.2
1901180 128.2
1901190 128.1
1901200 128.1
1901210 128.1
1901220 128.1
1901230 128.1
1901240 128.1
1901250 128.0
1901260 127.9
1901270 127.9
1901280 127.8
1901290 127.6
1901300 127.6
1901310 127.5
1901320 127.4
1901330 127.4
1901340 127.4
1901350 127.3
1901360 127.3
1901370 127.3
1901380 127.2
1901390 127.2
1901400 127.2
1901410 127.2
1901420 127.2
1901430 127.2
1901440 127.1
1901450 127.1
1901460 127.1
1901470 127.0
1901480 127.0
1901490 127.0
1901500 127.0
1901510 127.0
1901520 127.1
1901530 127.3
1901540 127.3
1901550 127.4
1901560 127.5
1901570 127.5
1901580 127.6
1901590 127.8
1901600 127.8
1901610 128.0
1901620 128.2
1901630 128.2
1901640 128.4
1901650 128.6
1901660 128.6
1901670 128.6
1901680 128.6
1901690 128.6
1901700 128.6
1901710 128.5
1901720 128.5
1901730 128.5
1901740 128.6
1901750 128.6
1901760 128.6
1901770 128.6
1901780 128.6
1901790 128.7
1901800 128.7
1901810 128.7
1901820 128.7
1901830 128.7
1901840 128.7
1901850 128.6
1901860 128.5
1901870 128.2
1901880 128.2
1901890 127.7
1901900 127.4
1901910 127.4
1901920 127.1
1901930 126.9
1901940 126.9
1901950 126.7
1901960 126.7
1901970 126.7
1901980 126.6
1901990 126.6
1902000 126.6
1902010 126.5
1902020 126.5
1902030 126.5
1902040 126.5
1902050 126.5
1902060 126.5
1902070 126.5
1902080 126.5
1902090 126.5
1902100 126.5
1902110 126.4
1902120 126.4
1902130 126.4
1902140 126.4
1902150 126.4
1902160 126.4
1902170 126.4
1902180 126.4
1902190 126.5
1902200 126.6
1902210 126.6
1902220 126.6
1902230 126.7
1902240 126.7
1902250 126.6
1902260 126.6
1902270 126.6
1902280 126.7
1902290 126.7
1902300 126.7
1902310 126.7
1902320 126.7
1902330 126.7
1902340 126.6
1902350 126.6
1902360 126.6
1902370 126.7
1902380 126.7
1902390 126.7
1902400 126.6
1902410 126.6
1902420 126.6
1902430 126.6
1902440 126.8
1902450 126.7
1902460 126.8
1902470 127.0
1902480 127.0
1902490 126.9
1902500 126.7
1902510 126.7
1902520 126.6
1902530 126.6
1902540 126.6
1902550 126.5
1902560 126.5
1902570 126.5
1902580 126.5
1902590 126.4
1902600 126.4
1902610 126.4
1902620 126.4
1902630 126.4
1902640 126.3
1902650 126.2
1902660 126.2
1902670 126.1
1902680 126.1
1902690 126.0
1902700 126.0
1902710 125.9
1902720 125.9
1902730 125.9
1902740 125.9
1902750 125.9
1902760 126.0
1902770 125.9
1902780 125.8
1902790 125.8
1902800 125.8
1902810 126.0
1902820 126.0
1902830 126.3
1902840 126.8
1902850 126.8
1902860 127.2
1902870 127.4
1902880 127.4
1902890 127.4
1902900 127.4
1902910 127.4
1902920 127.3
1902930 127.2
1902940 127.2
1902950 127.2
1902960 127.2
1902970 127.2
1902980 127.2
1902990 127.1
1903000 127.1
1903010 127.1
1903020 127.0
1903030 127.0
1903040 127.0
1903050 127.0
1903060 127.0
1903070 127.0
1903080 126.9
1903090 126.9
1903100 126.9
1903110 126.9
1903120 126.9
1903130 126.9
1903140 126.9
1903150 126.9
1903160 126.9
1903170 126.8
1903180 126.8
1903190 126.7
1903200 126.7
1903210 126.7
1903220 126.8
1903230 126.8
1903240 126.8
1903250 126.8
1903260 126.9
1903270 126.9
1903280 127.0
1903290 127.1
1903300 127.1
1903310 127.0
1903320 126.9
1903330 126.9
1903340 126.8
1903350 126.8
1903360 126.8
1903370 126.7
1903380 126.7
1903390 126.7
1903400 126.6
1903410 126.5
1903420 126.5
1903430 126.5
1903440 126.5
1903450 126.5
1903460 126.5
1903470 126.4
1903480 126.4
1903490 126.4
1903500 126.3
1903510 126.3
1903520 126.3
1903530 126.3
1903540 126.2
1903550 126.2
1903560 126.2
1903570 126.1
1903580 126.1
1903590 126.1
1903600 126.1
1903610 126.1
1903620 126.1
1903630 126.1
1903640 126.1
1903650 126.1
1903660 126.1
1903670 126.1
1903680 126.2
1903690 126.1
1903700 126.1
1903710 126.1
1903720 126.1
1903730 126.1
1903740 126.2
1903750 126.2
1903760 126.2
1903770 126.2
1903780 126.3
1903790 126.3
1903800 126.5
1903810 126.7
1903820 126.7
1903830 126.8
1903840 126.7
1903850 126.7
1903860 126.6
1903870 126.6
1903880 126.6
1903890 126.5
1903900 126.5
1903910 126.5
1903920 126.5
1903930 126.4
1903940 126.4
1903950 126.3
1903960 126.3
1903970 126.3
1903980 126.2
1903990 126.1
1904000 126.1
1904010 126.0
1904020 125.8
1904030 125.8
1904040 125.7
1904050 125.5
1904060 125.5
1904070 125.4
1904080 125.3
1904090 125.3
1904100 125.2
1904110 125.1
1904120 125.1
1904130 125.1
1904140 125.1
1904150 125.1
1904160 125.2
1904170 125.1
1904180 125.1
1904190 125.2
1904200 125.2
1904210 125.2
1904220 125.3
1904230 125.5
1904240 125.5
1904250 125.7
1904260 125.9
1904270 125.9
1904280 126.2
1904290 126.4
1904300 126.4
1904310 126.6
1904320 126.5
1904330 126.5
1904340 126.5
1904350 126.4
1904360 126.4
1904370 126.4
1904380 126.4
