1900000 139.9
1900010 139.8
1900020 139.8
1900030 139.8
1900040 139.7
1900050 139.5
1900060 139.5
1900070 139.2
1900080 138.8
1900090 138.8
1900100 138.1
1900110 137.3
1900120 137.3
1900130 136.6
1900140 136.1
1900150 136.1
1900160 135.6
1900170 135.2
1900180 135.2
1900190 134.9
1900200 134.6
1900210 134.6
1900220 134.2
1900230 134.1
1900240 134.1
1900250 134.0
1900260 134.0
1900270 134.2
1900280 134.1
1900290 134.0
1900300 134.0
1900310 133.9
1900320 133.8
1900330 133.8
1900340 133.7
1900350 133.8
1900360 133.8
1900370 133.8
1900380 133.8
1900390 133.8
1900400 133.7
1900410 133.7
1900420 133.7
1900430 133.7
1900440 133.5
1900450 133.5
1900460 133.2
1900470 133.0
1900480 133.0
1900490 133.0
1900500 133.1
1900510 133.1
1900520 133.0
1900530 132.4
1900540 132.4
1900550 132.3
1900560 132.1
1900570 132.1
1900580 132.0
1900590 132.0
1900600 132.0
1900610 132.0
1900620 131.9
1900630 131.9
1900640 131.8
1900650 131.9
1900660 131.9
1900670 131.9
1900680 131.8
1900690 131.8
1900700 131.7
1900710 131.7
1900720 131.8
1900730 131.8
1900740 131.8
1900750 131.9
1900760 131.9
1900770 131.9
1900780 131.9
1900790 131.9
1900800 131.8
1900810 131.7
1900820 131.7
1900830 131.5
1900840 131.3
1900850 131.3
1900860 131.1
1900870 130.9
1900880 130.9
1900890 131.0
1900900 130.9
1900910 130.9
1900920 130.7
1900930 130.4
1900940 130.4
1900950 130.0
1900960 129.8
1900970 129.8
1900980 129.6
1900990 129.4
1901000 129.4
1901010 129.3
1901020 129.1
1901030 129.1
1901040 129.0
1901050 128.9
1901060 128.9
1901070 128.8
1901080 128.7
1901090 128.7
1901100 128.5
1901110 128.5
1901120 128.5
1901130 128.4
1901140 128.2
1901150 128.2
1901160 128.0
1901170 127.9
1901180 127.9
1901190 127.8
1901200 127.6
1901210 127.6
1901220 127.5
1901230 127.3
1901240 127.3
1901250 127.2
1901260 127.1
1901270 127.1
1901280 126.9
1901290 126.8
1901300 126.8
1901310 126.7
1901320 126.7
1901330 126.7
1901340 126.7
1901350 126.6
1901360 126.6
1901370 126.6
1901380 126.6
1901390 126.6
1901400 126.6
1901410 126.6
1901420 126.6
1901430 126.6
1901440 126.6
1901450 126.6
1901460 126.7
1901470 126.8
1901480 126.8
1901490 126.7
1901500 126.5
1901510 126.4
1901520 126.3
1901530 126.2
1901540 126.2
1901550 126.2
1901560 126.2
1901570 126.2
1901580 126.2
1901590 126.2
1901600 126.1
1901610 126.1
1901620 126.2
1901630 126.2
1901640 126.2
1901650 126.3
1901660 126.5
1901670 126.5
1901680 126.7
1901690 127.0
1901700 127.0
1901710 127.2
1901720 127.5
1901730 127.5
1901740 127.8
1901750 128.0
1901760 128.0
1901770 128.1
1901780 128.1
1901790 128.1
1901800 128.1
1901810 128.2
1901820 128.1
1901830 128.1
1901840 128.0
1901850 128.0
1901860 127.9
1901870 127.6
1901880 127.6
1901890 127.2
1901900 127.0
1901910 127.0
1901920 127.0
1901930 126.7
1901940 126.7
1901950 126.5
1901960 126.4
1901970 126.4
1901980 126.5
1901990 126.5
1902000 126.5
1902010 126.6
1902020 126.7
1902030 126.7
1902040 126.8
1902050 126.8
1902060 126.8
1902070 126.8
1902080 126.8
1902090 126.8
1902100 126.7
1902110 126.7
1902120 126.7
1902130 126.9
1902140 126.9
1902150 126.9
1902160 127.0
1902170 127.1
1902180 127.1
1902190 127.1
1902200 127.0
1902210 127.0
1902220 126.9
1902230 126.9
1902240 126.9
1902250 126.8
1902260 126.8
1902270 126.8
1902280 126.7
1902290 126.7
1902300 126.7
1902310 126.7
1902320 126.7
1902330 126.7
1902340 126.6
1902350 126.7
1902360 126.8
1902370 126.8
1902380 126.9
1902390 126.9
1902400 126.9
1902410 126.8
1902420 126.8
1902430 126.8
1902440 126.9
1902450 127.0
1902460 127.0
1902470 127.0
1902480 127.0
1902490 127.0
1902500 127.0
1902510 127.0
1902520 127.0
1902530 126.9
1902540 126.9
1902550 126.9
1902560 126.9
1902570 126.9
1902580 126.9
1902590 126.8
1902600 126.8
1902610 126.8
1902620 126.8
1902630 126.8
1902640 126.8
1902650 126.8
1902660 126.8
1902670 126.8
1902680 126.5
1902690 126.3
1902700 126.3
1902710 126.2
1902720 126.1
1902730 126.1
1902740 126.0
1902750 125.9
1902760 125.9
1902770 125.8
1902780 125.8
1902790 125.8
1902800 125.7
1902810 125.8
1902820 125.8
1902830 125.9
1902840 126.3
1902850 126.3
1902860 126.8
1902870 127.1
1902880 127.1
1902890 127.3
1902900 127.5
1902910 127.5
1902920 127.5
1902930 127.5
1902940 127.5
1902950 127.5
1902960 127.5
1902970 127.5
1902980 127.5
1902990 127.5
1903000 127.5
1903010 127.5
1903020 127.4
1903030 127.4
1903040 127.4
1903050 127.4
1903060 127.4
1903070 127.4
1903080 127.3
1903090 127.3
1903100 127.4
1903110 127.4
1903120 127.4
1903130 127.5
1903140 127.4
1903150 127.4
1903160 127.4
1903170 127.3
1903180 127.3
1903190 127.3
1903200 127.3
1903210 127.3
1903220 127.3
1903230 127.3
1903240 127.3
1903250 127.3
1903260 127.3
1903270 127.2
1903280 127.2
1903290 127.2
1903300 127.2
1903310 127.2
1903320 127.1
1903330 127.0
1903340 127.0
1903350 127.0
1903360 127.0
1903370 127.0
1903380 127.0
1903390 126.9
1903400 126.9
1903410 126.9
1903420 126.9
1903430 126.9
1903440 126.8
1903450 126.6
1903460 126.6
1903470 126.5
1903480 126.4
1903490 126.4
1903500 126.4
1903510 126.4
1903520 126.4
1903530 126.4
1903540 126.5
1903550 126.5
1903560 126.5
1903570 126.6
1903580 126.6
1903590 126.6
1903600 126.6
1903610 126.6
1903620 126.6
1903630 126.6
1903640 126.6
1903650 126.6
1903660 126.6
1903670 126.7
1903680 126.7
1903690 126.7
1903700 126.7
1903710 126.8
1903720 126.8
1903730 126.8
1903740 126.8
1903750 126.9
1903760 126.9
1903770 127.0
1903780 127.0
1903790 127.0
1903800 127.0
1903810 126.9
1903820 126.9
1903830 126.8
1903840 126.7
1903850 126.7
1903860 126.6
1903870 126.5
1903880 126.5
1903890 126.4
1903900 126.3
1903910 126.3
1903920 126.3
1903930 126.3
1903940 126.3
1903950 126.3
1903960 126.2
1903970 126.2
1903980 126.2
1903990 126.0
1904000 126.0
1904010 125.9
1904020 125.7
1904030 125.7
1904040 125.7
1904050 125.8
1904060 125.8
1904070 125.8
1904080 125.9
1904090 125.9
1904100 125.9
1904110 125.9
1904120 126.1
1904130 126.1
1904140 126.1
1904150 126.1
1904160 126.1
1904170 126.3
1904180 126.5
1904190 126.5
1904200 126.6
1904210 126.6
1904220 126.6
1904230 126.6
1904240 126.6
1904250 126.6
1904260 126.7
1904270 126.6
1904280 126.5
1904290 126.6
1904300 126.6
1904310 126.6
1904320 126.7
1904330 126.7
1904340 126.7
1904350 126.7
1904360 126.7
1904370 126.7
1904380 126.7
1904390 126.7
1904400 126.7
1904410 126.7
1904420 126.7
1904430 126.7
