1900000 133.7
1900010 133.7
1900020 133.2
1900030 132.8
1900040 132.8
1900050 132.4
1900060 132.1
1900070 132.1
1900080 132.0
1900090 131.9
1900100 131.9
1900110 131.8
1900120 131.8
1900130 131.8
1900140 131.8
1900150 131.8
1900160 131.8
1900170 131.8
1900180 132.2
1900190 132.2
1900200 132.1
1900210 131.5
1900220 131.5
1900230 131.3
1900240 131.2
1900250 131.2
1900260 131.2
1900270 131.2
1900280 131.2
1900290 131.2
1900300 131.3
1900310 131.3
1900320 131.3
1900330 131.5
1900340 131.5
1900350 131.7
1900360 132.0
1900370 132.0
1900380 132.2
1900390 132.2
1900400 132.2
1900410 132.2
1900420 132.1
1900430 131.9
1900440 131.9
1900450 131.8
1900460 131.7
1900470 131.7
1900480 131.6
1900490 131.5
1900500 131.5
1900510 131.4
1900520 131.3
1900530 131.3
1900540 131.3
1900550 131.3
1900560 131.3
1900570 131.3
1900580 131.2
1900590 131.2
1900600 131.1
1900610 130.8
1900620 130.8
1900630 130.7
1900640 130.6
1900650 130.6
1900660 130.5
1900670 130.3
1900680 130.3
1900690 130.2
1900700 130.1
1900710 130.1
1900720 130.0
1900730 130.0
1900740 130.0
1900750 129.9
1900760 129.9
1900770 129.9
1900780 129.8
1900790 129.7
1900800 129.7
1900810 129.7
1900820 129.6
1900830 129.6
1900840 129.5
1900850 129.4
1900860 129.4
1900870 129.3
1900880 129.3
1900890 129.3
1900900 129.3
1900910 129.2
1900920 129.2
1900930 129.1
1900940 129.1
1900950 129.1
1900960 129.1
1900970 129.1
1900980 129.1
1900990 129.1
1901000 128.8
1901010 128.8
1901020 128.7
1901030 128.6
1901040 128.6
1901050 128.5
1901060 128.4
1901070 128.4
1901080 128.3
1901090 128.2
1901100 128.2
1901110 128.2
1901120 128.1
1901130 128.1
1901140 128.0
1901150 127.9
1901160 127.9
1901170 127.8
1901180 127.7
1901190 127.7
1901200 127.6
1901210 127.5
1901220 127.5
1901230 127.4
1901240 127.3
1901250 127.3
1901260 127.3
1901270 127.2
1901280 127.2
1901290 127.2
1901300 127.1
1901310 127.0
1901320 127.0
1901330 127.0
1901340 127.0
1901350 127.0
1901360 127.0
1901370 127.0
1901380 127.0
1901390 126.9
1901400 126.9
1901410 126.9
1901420 126.9
1901430 126.8
1901440 126.8
1901450 126.8
1901460 126.8
1901470 126.8
1901480 126.9
1901490 126.9
1901500 126.9
1901510 127.0
1901520 127.1
1901530 127.1
1901540 127.2
1901550 127.3
1901560 127.3
1901570 127.4
1901580 127.5
1901590 127.5
1901600 127.7
1901610 127.7
1901620 127.7
1901630 127.7
1901640 127.6
1901650 127.6
1901660 127.6
1901670 127.5
1901680 127.5
1901690 127.5
1901700 127.4
1901710 127.4
1901720 127.4
1901730 127.4
1901740 127.4
1901750 127.5
1901760 128.0
1901770 128.0
1901780 128.2
1901790 128.1
1901800 128.1
1901810 128.1
1901820 128.1
1901830 128.1
1901840 128.1
1901850 128.0
1901860 128.0
1901870 127.8
1901880 127.6
1901890 127.6
1901900 127.3
1901910 127.0
1901920 127.0
1901930 126.9
1901940 126.7
1901950 126.7
1901960 126.6
1901970 126.6
1901980 126.6
1901990 126.5
1902000 126.5
1902010 126.5
1902020 126.5
1902030 126.4
1902040 126.4
1902050 126.4
1902060 126.5
1902070 126.4
1902080 126.4
1902090 126.3
1902100 126.2
1902110 126.2
1902120 126.1
1902130 126.2
1902140 126.2
1902150 126.2
1902160 126.3
1902170 126.3
1902180 126.3
1902190 126.3
1902200 126.3
1902210 126.3
1902220 126.4
1902230 126.4
1902240 126.4
1902250 126.4
1902260 126.4
1902270 126.3
1902280 126.4
1902290 126.4
1902300 126.5
1902310 126.6
1902320 126.6
1902330 126.7
1902340 126.6
1902350 126.6
1902360 126.4
1902370 126.3
1902380 126.3
1902390 126.2
1902400 126.2
1902410 126.2
1902420 126.2
1902430 126.1
1902440 126.1
1902450 126.1
1902460 126.2
1902470 126.3
1902480 126.3
1902490 126.2
1902500 126.2
1902510 126.2
1902520 126.1
1902530 126.1
1902540 126.1
1902550 126.1
1902560 126.1
1902570 126.2
1902580 126.2
1902590 126.2
1902600 126.1
1902610 126.1
1902620 126.1
1902630 126.0
1902640 125.9
1902650 125.9
1902660 125.9
1902670 125.8
1902680 125.8
1902690 125.8
1902700 125.8
1902710 125.8
1902720 125.8
1902730 125.8
1902740 125.8
1902750 125.8
1902760 125.9
1902770 125.9
1902780 126.0
1902790 126.2
1902800 126.2
1902810 126.3
1902820 126.4
1902830 126.4
1902840 126.5
1902850 126.5
1902860 126.5
1902870 126.7
1902880 126.8
1902890 126.9
1902900 126.9
1902910 127.0
1902920 127.1
1902930 127.1
1902940 127.2
1902950 127.2
1902960 127.2
1902970 127.2
1902980 127.2
1902990 127.2
1903000 127.1
1903010 127.1
1903020 127.1
1903030 127.0
1903040 126.9
1903050 126.9
1903060 126.9
1903070 126.9
1903080 127.0
1903090 127.0
1903100 126.9
1903110 126.9
1903120 126.8
1903130 126.7
1903140 126.7
1903150 126.6
1903160 126.6
1903170 126.6
1903180 126.6
1903190 126.6
1903200 126.6
1903210 126.6
1903220 126.5
1903230 126.5
1903240 126.5
1903250 126.5
1903260 126.5
1903270 126.5
1903280 126.4
1903290 126.4
1903300 126.4
1903310 126.4
1903320 126.4
1903330 126.4
1903340 126.4
1903350 126.4
1903360 126.4
1903370 126.5
1903380 126.5
1903390 126.5
1903400 126.6
1903410 126.6
1903420 126.5
1903430 126.5
1903440 126.5
1903450 126.5
1903460 126.5
1903470 126.5
1903480 126.6
1903490 126.6
1903500 126.6
1903510 126.5
1903520 126.5
1903530 126.5
1903540 126.5
1903550 126.4
1903560 126.4
1903570 126.4
1903580 126.4
1903590 126.4
1903600 126.4
1903610 126.4
1903620 126.4
1903630 126.3
1903640 126.2
1903650 126.2
1903660 126.1
1903670 126.0
1903680 126.0
1903690 126.0
1903700 125.9
1903710 126.0
1903720 126.0
1903730 126.2
1903740 126.1
1903750 126.1
1903760 125.9
1903770 125.8
1903780 125.8
1903790 125.8
1903800 125.7
1903810 125.7
1903820 125.9
1903830 126.0
1903840 126.0
1903850 126.0
1903860 126.1
1903870 126.1
1903880 126.2
1903890 126.3
1903900 126.3
1903910 126.2
1903920 126.3
1903930 126.3
1903940 126.3
1903950 126.3
1903960 126.3
1903970 126.2
1903980 126.1
1903990 126.1
1904000 126.0
1904010 125.9
1904020 125.9
1904030 125.9
1904040 125.8
1904050 125.8
1904060 125.8
1904070 125.8
1904080 125.8
1904090 125.7
1904100 125.7
1904110 125.7
1904120 125.5
1904130 125.4
1904140 125.4
1904150 125.3
1904160 125.3
1904170 125.3
1904180 125.3
1904190 125.2
1904200 125.2
1904210 125.2
1904220 125.3
1904230 125.3
1904240 125.3
1904250 125.4
1904260 125.4
1904270 125.5
1904280 125.6
1904290 125.6
1904300 125.7
1904310 125.9
1904320 125.9
1904330 126.1
