1900000 134.0
1900010 133.7
1900020 133.7
1900030 133.4
1900040 133.1
1900050 133.1
1900060 132.9
1900070 132.8
1900080 132.8
1900090 132.8
1900100 132.7
1900110 132.7
1900120 132.0
1900130 131.6
1900140 131.6
1900150 131.4
1900160 131.1
1900170 131.1
1900180 130.9
1900190 130.9
1900200 130.9
1900210 131.0
1900220 130.9
1900230 130.9
1900240 130.9
1900250 130.9
1900260 130.9
1900270 130.9
1900280 130.8
1900290 130.7
1900300 130.7
1900310 130.7
1900320 130.6
1900330 130.6
1900340 130.6
1900350 130.5
1900360 130.5
1900370 130.5
1900380 130.5
1900390 130.5
1900400 130.5
1900410 130.5
1900420 130.5
1900430 130.5
1900440 130.6
1900450 130.6
1900460 130.6
1900470 130.6
1900480 130.6
1900490 130.6
1900500 130.6
1900510 130.6
1900520 130.7
1900530 130.8
1900540 130.8
1900550 130.7
1900560 130.7
1900570 130.7
1900580 130.7
1900590 130.7
1900600 130.7
1900610 130.7
1900620 130.6
1900630 130.6
1900640 130.6
1900650 130.4
1900660 130.4
1900670 130.3
1900680 130.2
1900690 130.2
1900700 130.0
1900710 129.8
1900720 129.8
1900730 129.6
1900740 129.5
1900750 129.5
1900760 129.4
1900770 129.3
1900780 129.3
1900790 129.3
1900800 129.3
1900810 129.3
1900820 129.2
1900830 129.1
1900840 129.1
1900850 129.1
1900860 129.1
1900870 129.1
1900880 129.0
1900890 129.0
1900900 129.0
1900910 128.9
1900920 128.9
1900930 128.9
1900940 128.8
1900950 128.8
1900960 128.8
1900970 128.7
1900980 128.6
1900990 128.6
1901000 128.6
1901010 128.5
1901020 128.5
1901030 128.4
1901040 128.3
1901050 128.3
1901060 128.3
1901070 128.3
1901080 128.2
1901090 128.2
1901100 128.1
1901110 128.0
1901120 128.0
1901130 128.0
1901140 128.0
1901150 128.0
1901160 128.0
1901170 128.0
1901180 128.0
1901190 127.8
1901200 127.7
1901210 127.7
1901220 127.4
1901230 127.4
1901240 127.4
1901250 127.3
1901260 127.3
1901270 127.3
1901280 127.3
1901290 127.2
1901300 127.2
1901310 127.1
1901320 127.1
1901330 127.1
1901340 127.0
1901350 126.9
1901360 126.9
1901370 126.9
1901380 126.9
1901390 126.9
1901400 126.9
1901410 126.8
1901420 126.8
1901430 126.8
1901440 126.7
1901450 126.7
1901460 126.7
1901470 126.7
1901480 126.7
1901490 126.7
1901500 126.7
1901510 126.7
1901520 126.7
1901530 126.8
1901540 126.8
1901550 126.9
1901560 126.9
1901570 126.9
1901580 127.0
1901590 127.1
1901600 127.1
1901610 127.2
1901620 127.2
1901630 127.2
1901640 127.3
1901650 127.4
1901660 127.4
1901670 127.4
1901680 127.5
1901690 127.5
1901700 127.6
1901710 127.6
1901720 127.6
1901730 127.7
1901740 127.7
1901750 127.7
1901760 127.7
1901770 127.7
1901780 127.7
1901790 127.7
1901800 127.8
1901810 127.8
1901820 127.8
1901830 127.7
1901840 127.7
1901850 127.5
1901860 127.3
1901870 127.1
1901880 127.1
1901890 126.9
1901900 126.7
1901910 126.7
1901920 126.8
1901930 126.9
1901940 126.9
1901950 126.8
1901960 126.7
1901970 126.7
1901980 126.6
1901990 126.5
1902000 126.5
1902010 126.4
1902020 126.4
1902030 126.4
1902040 126.5
1902050 126.5
1902060 126.5
1902070 126.5
1902080 126.4
1902090 126.4
1902100 126.3
1902110 126.2
1902120 126.2
1902130 126.2
1902140 126.2
1902150 126.2
1902160 126.1
1902170 126.1
1902180 126.1
1902190 126.1
1902200 126.2
1902210 126.2
1902220 126.4
1902230 126.5
1902240 126.5
1902250 126.3
1902260 126.2
1902270 126.2
1902280 126.1
1902290 126.1
1902300 126.1
1902310 126.0
1902320 126.0
1902330 126.0
1902340 125.9
1902350 125.9
1902360 125.9
1902370 125.9
1902380 125.9
1902390 125.9
1902400 126.0
1902410 126.0
1902420 126.0
1902430 126.0
1902440 126.0
1902450 126.0
1902460 125.9
1902470 125.8
1902480 125.8
1902490 125.8
1902500 125.7
1902510 125.7
1902520 125.7
1902530 125.7
1902540 125.7
1902550 125.7
1902560 125.7
1902570 125.7
1902580 125.8
1902590 125.9
1902600 125.9
1902610 126.1
1902620 126.3
1902630 126.3
1902640 126.5
1902650 126.6
1902660 126.6
1902670 126.7
1902680 126.6
1902690 126.6
1902700 126.6
1902710 126.7
1902720 126.7
1902730 126.7
1902740 126.7
1902750 126.7
1902760 126.7
1902770 126.7
1902780 126.6
1902790 126.6
1902800 126.6
1902810 126.5
1902820 126.5
1902830 126.5
1902840 126.5
1902850 126.5
1902860 126.5
1902870 126.5
1902880 126.5
1902890 126.5
1902900 126.6
1902910 126.6
1902920 126.6
1902930 126.5
1902940 126.5
1902950 126.5
1902960 126.6
1902970 126.6
1902980 126.8
1902990 127.2
1903000 127.2
1903010 127.2
1903020 127.2
1903030 127.2
1903040 127.2
1903050 127.1
1903060 127.1
1903070 127.0
1903080 126.8
1903090 126.8
1903100 126.8
1903110 126.7
1903120 126.7
1903130 126.7
1903140 126.6
1903150 126.6
1903160 126.4
1903170 126.4
1903180 126.4
1903190 126.3
1903200 126.3
1903210 126.3
1903220 126.2
1903230 126.1
1903240 126.1
1903250 126.1
1903260 126.1
1903270 126.1
1903280 126.1
1903290 126.2
1903300 126.3
1903310 126.4
1903320 126.4
1903330 126.4
1903340 126.4
1903350 126.4
1903360 126.4
1903370 126.4
1903380 126.4
1903390 126.4
1903400 126.4
1903410 126.4
1903420 126.4
1903430 126.4
1903440 126.5
1903450 126.5
1903460 126.5
1903470 126.5
1903480 126.5
1903490 126.5
1903500 126.5
1903510 126.5
1903520 126.5
1903530 126.5
1903540 126.5
1903550 126.5
1903560 126.5
1903570 126.5
1903580 126.5
1903590 126.5
1903600 126.6
1903610 126.6
1903620 126.5
1903630 126.5
1903640 126.5
1903650 126.6
1903660 126.8
1903670 126.8
1903680 126.7
1903690 126.4
1903700 126.4
1903710 126.2
1903720 126.1
1903730 126.1
1903740 126.0
1903750 126.2
1903760 126.2
1903770 126.2
1903780 126.1
1903790 126.1
1903800 126.2
1903810 126.2
1903820 126.2
1903830 126.0
1903840 125.9
1903850 125.9
1903860 125.8
1903870 125.8
1903880 125.8
1903890 125.8
1903900 125.8
1903910 125.7
1903920 125.8
1903930 125.9
1903940 125.9
1903950 126.0
1903960 125.9
1903970 125.9
1903980 125.9
1903990 125.9
1904000 125.9
1904010 125.9
1904020 125.8
1904030 125.8
1904040 125.8
1904050 125.8
1904060 125.8
1904070 125.7
1904080 125.6
1904090 125.6
1904100 125.6
1904110 125.6
1904120 125.6
1904130 125.6
1904140 125.6
1904150 125.6
1904160 125.8
1904170 125.8
1904180 125.8
1904190 125.8
1904200 125.8
1904210 125.8
1904220 125.7
1904230 125.7
1904240 125.7
1904250 125.7
