1900000 131.6
1900010 131.4
1900020 131.4
1900030 131.4
1900040 131.4
1900050 131.4
1900060 131.2
1900070 131.2
1900080 131.2
1900090 131.3
1900100 131.2
1900110 131.2
1900120 130.9
1900130 130.7
1900140 130.7
1900150 130.5
1900160 130.4
1900170 130.4
1900180 130.3
1900190 130.3
1900200 130.3
1900210 130.3
1900220 130.2
1900230 130.2
1900240 130.5
1900250 130.9
1900260 130.9
1900270 131.1
1900280 131.2
1900290 131.2
1900300 131.1
1900310 130.8
1900320 130.8
1900330 130.8
1900340 130.9
1900350 130.9
1900360 130.7
1900370 130.3
1900380 130.3
1900390 130.0
1900400 129.9
1900410 129.9
1900420 129.7
1900430 129.7
1900440 129.7
1900450 129.6
1900460 129.6
1900470 129.6
1900480 129.6
1900490 129.6
1900500 129.6
1900510 129.5
1900520 129.5
1900530 129.5
1900540 129.4
1900550 129.4
1900560 129.4
1900570 129.4
1900580 129.5
1900590 129.5
1900600 129.5
1900610 129.4
1900620 129.4
1900630 129.4
1900640 129.5
1900650 129.5
1900660 129.5
1900670 129.4
1900680 129.4
1900690 129.4
1900700 129.4
1900710 129.4
1900720 129.4
1900730 129.3
1900740 129.3
1900750 129.3
1900760 129.3
1900770 129.3
1900780 129.3
1900790 129.3
1900800 129.3
1900810 129.3
1900820 129.4
1900830 129.4
1900840 129.4
1900850 129.5
1900860 129.5
1900870 129.5
1900880 129.4
1900890 129.2
1900900 129.2
1900910 129.0
1900920 128.8
1900930 128.8
1900940 128.5
1900950 128.2
1900960 128.2
1900970 128.1
1900980 127.9
1900990 127.9
1901000 127.8
1901010 127.7
1901020 127.7
1901030 127.8
1901040 127.8
1901050 127.8
1901060 127.9
1901070 127.8
1901080 127.8
1901090 127.7
1901100 127.6
1901110 127.6
1901120 127.6
1901130 127.6
1901140 127.6
1901150 127.7
1901160 127.8
1901170 127.8
1901180 127.9
1901190 127.9
1901200 127.9
1901210 127.9
1901220 127.8
1901230 127.8
1901240 127.8
1901250 127.7
1901260 127.7
1901270 127.7
1901280 127.7
1901290 127.7
1901300 127.6
1901310 127.6
1901320 127.6
1901330 127.6
1901340 127.6
1901350 127.6
1901360 127.6
1901370 127.5
1901380 127.5
1901390 127.4
1901400 127.4
1901410 127.4
1901420 127.3
1901430 127.3
1901440 127.2
1901450 127.2
1901460 127.1
1901470 127.0
1901480 127.0
1901490 126.9
1901500 126.8
1901510 126.8
1901520 126.8
1901530 126.9
1901540 126.9
1901550 126.9
1901560 126.8
1901570 126.8
1901580 126.7
1901590 126.7
1901600 126.7
1901610 126.7
1901620 126.7
1901630 126.7
1901640 126.7
1901650 126.6
1901660 126.6
1901670 126.5
1901680 126.5
1901690 126.5
1901700 126.5
1901710 126.4
1901720 126.4
1901730 126.4
1901740 126.4
1901750 126.4
1901760 126.4
1901770 126.4
1901780 126.4
1901790 126.4
1901800 126.4
1901810 126.4
1901820 126.4
1901830 126.4
1901840 126.4
1901850 126.4
1901860 126.4
1901870 126.4
1901880 126.4
1901890 126.4
1901900 126.4
1901910 126.4
1901920 126.4
1901930 126.4
1901940 126.4
1901950 126.5
1901960 126.5
1901970 126.4
1901980 126.3
1901990 126.3
1902000 126.3
1902010 126.4
1902020 126.4
1902030 126.5
1902040 126.5
1902050 126.5
1902060 126.3
1902070 126.1
1902080 126.1
1902090 126.0
1902100 125.8
1902110 125.8
1902120 125.6
1902130 125.5
1902140 125.5
1902150 125.4
1902160 125.4
1902170 125.4
1902180 125.4
1902190 125.3
1902200 125.3
1902210 125.3
1902220 125.2
1902230 125.2
1902240 125.2
1902250 125.2
1902260 125.3
1902270 125.3
1902280 125.3
1902290 125.3
1902300 125.3
1902310 125.3
1902320 125.3
1902330 125.3
1902340 125.2
1902350 125.3
1902360 125.3
1902370 125.5
1902380 125.6
1902390 125.6
1902400 125.7
1902410 125.8
1902420 125.8
1902430 125.9
1902440 126.1
1902450 126.1
1902460 126.1
1902470 126.2
1902480 126.2
1902490 126.2
1902500 126.3
1902510 126.3
1902520 126.3
1902530 126.3
1902540 126.3
1902550 126.4
1902560 126.4
1902570 126.4
1902580 126.4
1902590 126.4
1902600 126.4
1902610 126.5
1902620 126.5
1902630 126.5
1902640 126.6
1902650 126.6
1902660 126.6
1902670 126.6
1902680 126.5
1902690 126.5
1902700 126.5
1902710 126.4
1902720 126.4
1902730 126.3
1902740 126.2
1902750 126.2
1902760 126.2
1902770 126.3
1902780 126.3
1902790 126.3
1902800 126.3
1902810 126.3
1902820 126.3
1902830 126.4
1902840 126.4
1902850 126.5
1902860 126.5
1902870 126.5
1902880 126.5
1902890 126.4
1902900 126.4
1902910 126.5
1902920 126.5
1902930 126.5
1902940 126.5
1902950 126.5
1902960 126.5
1902970 126.5
1902980 126.6
1902990 126.6
1903000 126.6
1903010 126.6
1903020 126.6
1903030 126.5
1903040 126.3
1903050 126.3
1903060 126.3
1903070 126.2
1903080 126.1
1903090 126.1
1903100 126.0
1903110 126.0
1903120 126.0
1903130 126.0
1903140 126.1
1903150 126.1
1903160 126.1
1903170 126.1
1903180 126.1
1903190 126.1
1903200 126.1
1903210 126.1
1903220 126.0
1903230 125.9
1903240 125.9
1903250 125.9
1903260 125.9
1903270 125.9
1903280 125.9
1903290 125.8
1903300 125.8
1903310 125.8
1903320 125.8
1903330 125.8
1903340 125.7
1903350 125.8
1903360 125.8
1903370 125.8
1903380 125.9
1903390 125.9
1903400 125.9
1903410 125.9
1903420 125.9
1903430 125.9
1903440 125.9
1903450 125.9
1903460 125.9
1903470 126.0
1903480 126.0
1903490 126.0
1903500 126.1
1903510 126.1
1903520 126.3
1903530 126.4
1903540 126.4
1903550 126.4
1903560 126.2
1903570 126.2
1903580 126.2
1903590 126.3
1903600 126.3
1903610 126.4
1903620 126.4
1903630 126.4
1903640 126.4
1903650 126.4
1903660 126.4
1903670 126.3
1903680 126.3
1903690 126.3
1903700 126.3
1903710 126.2
1903720 126.2
1903730 126.1
1903740 126.1
1903750 126.1
1903760 126.0
1903770 126.0
1903780 126.0
1903790 126.1
1903800 126.1
1903810 126.1
1903820 126.1
1903830 126.1
1903840 126.1
1903850 126.1
1903860 126.1
1903870 126.1
1903880 126.1
1903890 126.0
1903900 125.9
1903910 125.9
1903920 125.8
1903930 125.7
1903940 125.7
1903950 125.7
1903960 125.7
1903970 125.7
1903980 125.6
1903990 125.5
1904000 125.5
1904010 125.4
1904020 125.4
1904030 125.4
1904040 125.3
1904050 125.2
1904060 125.2
1904070 125.1
1904080 124.9
1904090 124.9
1904100 124.9
1904110 124.8
1904120 124.8
1904130 124.8
1904140 124.8
1904150 124.8
