1900000 136.6
1900010 136.7
1900020 136.7
1900030 136.7
1900040 136.7
1900050 136.7
1900060 136.7
1900070 136.7
1900080 136.7
1900090 136.7
1900100 136.5
1900110 136.2
1900120 136.2
1900130 135.8
1900140 135.4
1900150 135.4
1900160 135.1
1900170 134.8
1900180 134.8
1900190 134.6
1900200 134.3
1900210 134.3
1900220 134.1
1900230 134.0
1900240 133.8
1900250 133.8
1900260 133.6
1900270 133.5
1900280 133.5
1900290 133.4
1900300 133.3
1900310 133.3
1900320 133.2
1900330 133.1
1900340 133.1
1900350 133.0
1900360 132.9
1900370 132.9
1900380 132.8
1900390 132.7
1900400 132.7
1900410 132.7
1900420 132.7
1900430 132.7
1900440 132.7
1900450 132.8
1900460 132.8
1900470 133.1
1900480 132.7
1900490 132.7
1900500 132.3
1900510 132.0
1900520 132.0
1900530 131.7
1900540 131.6
1900550 131.6
1900560 131.5
1900570 131.4
1900580 131.4
1900590 131.4
1900600 131.4
1900610 131.4
1900620 131.3
1900630 131.2
1900640 131.2
1900650 131.0
1900660 130.9
1900670 130.9
1900680 130.8
1900690 130.8
1900700 130.8
1900710 130.7
1900720 130.6
1900730 130.6
1900740 130.6
1900750 130.5
1900760 130.5
1900770 130.5
1900780 130.5
1900790 130.5
1900800 130.4
1900810 130.4
1900820 130.4
1900830 130.3
1900840 130.2
1900850 130.2
1900860 130.1
1900870 129.9
1900880 129.9
1900890 129.8
1900900 129.9
1900910 129.9
1900920 129.8
1900930 129.6
1900940 129.6
1900950 129.5
1900960 129.3
1900970 129.3
1900980 129.2
1900990 129.0
1901000 129.0
1901010 129.0
1901020 128.9
1901030 128.9
1901040 128.9
1901050 128.8
1901060 128.7
1901070 128.7
1901080 128.6
1901090 128.6
1901100 128.6
1901110 128.6
1901120 128.5
1901130 128.5
1901140 128.4
1901150 128.3
1901160 128.3
1901170 128.2
1901180 128.1
1901190 128.1
1901200 128.1
1901210 127.9
1901220 127.9
1901230 127.7
1901240 127.6
1901250 127.6
1901260 127.5
1901270 127.4
1901280 127.4
1901290 127.3
1901300 127.2
1901310 127.2
1901320 127.1
1901330 127.0
1901340 127.0
1901350 126.9
1901360 126.8
1901370 126.8
1901380 126.8
1901390 126.7
1901400 126.7
1901410 126.8
1901420 126.9
1901430 126.9
1901440 127.0
1901450 127.1
1901460 127.1
1901470 127.0
1901480 127.0
1901490 127.0
1901500 126.8
1901510 126.6
1901520 126.6
1901530 126.4
1901540 126.3
1901550 126.3
1901560 126.2
1901570 126.2
1901580 126.2
1901590 126.2
1901600 126.2
1901610 126.2
1901620 126.3
1901630 126.4
1901640 126.4
1901650 126.7
1901660 127.0
1901670 127.0
1901680 127.3
1901690 127.7
1901700 127.7
1901710 127.9
1901720 128.1
1901730 128.1
1901740 128.3
1901750 128.4
1901760 128.4
1901770 128.4
1901780 128.4
1901790 128.4
1901800 128.5
1901810 128.5
1901820 128.4
1901830 128.4
1901840 128.6
1901850 128.6
1901860 128.8
1901870 128.4
1901880 127.7
1901890 127.7
1901900 127.2
1901910 126.9
1901920 126.9
1901930 126.7
1901940 126.7
1901950 126.7
1901960 126.6
1901970 126.6
1901980 126.6
1901990 126.6
1902000 126.6
1902010 126.6
1902020 126.6
1902030 126.6
1902040 126.6
1902050 126.7
1902060 126.7
1902070 126.7
1902080 126.7
1902090 126.7
1902100 126.7
1902110 126.7
1902120 126.7
1902130 126.7
1902140 126.8
1902150 126.8
1902160 126.8
1902170 126.8
1902180 126.9
1902190 126.9
1902200 126.9
1902210 127.0
1902220 127.0
1902230 127.0
1902240 127.0
1902250 127.0
1902260 126.9
1902270 126.8
1902280 126.8
1902290 126.7
1902300 126.6
1902310 126.6
1902320 126.7
1902330 126.8
1902340 126.8
1902350 126.8
1902360 126.8
1902370 126.8
1902380 126.8
1902390 126.8
1902400 126.8
1902410 126.8
1902420 126.8
1902430 126.8
1902440 126.8
1902450 126.9
1902460 126.9
1902470 126.9
1902480 127.0
1902490 127.0
1902500 127.0
1902510 127.0
1902520 127.0
1902530 127.1
1902540 127.0
1902550 127.0
1902560 127.0
1902570 126.9
1902580 126.9
1902590 126.9
1902600 127.0
1902610 127.0
1902620 127.0
1902630 127.0
1902640 127.0
1902650 126.8
1902660 126.6
1902670 126.6
1902680 126.5
1902690 126.4
1902700 126.4
1902710 126.3
1902720 126.2
1902730 126.1
1902740 126.1
1902750 126.0
1902760 125.9
1902770 125.9
1902780 125.7
1902790 125.7
1902800 125.7
1902810 125.7
1902820 125.8
1902830 125.8
1902840 126.1
1902850 126.4
1902860 126.4
1902870 126.7
1902880 126.9
1902890 126.9
1902900 127.0
1902910 127.1
1902920 127.1
1902930 127.2
1902940 127.2
1902950 127.2
1902960 127.2
1902970 127.2
1902980 127.2
1902990 127.3
1903000 127.4
1903010 127.4
1903020 127.3
1903030 127.3
1903040 127.3
1903050 127.4
1903060 127.4
1903070 127.4
1903080 127.4
1903090 127.5
1903100 127.5
1903110 127.4
1903120 127.4
1903130 127.4
1903140 127.3
1903150 127.3
1903160 127.3
1903170 127.2
1903180 127.1
1903190 127.1
1903200 127.1
1903210 127.0
1903220 127.0
1903230 127.0
1903240 127.0
1903250 127.0
1903260 127.0
1903270 126.9
1903280 126.9
1903290 126.9
1903300 127.0
1903310 127.0
1903320 127.0
1903330 127.0
1903340 127.0
1903350 127.0
1903360 127.0
1903370 127.0
1903380 127.1
1903390 127.2
1903400 127.2
1903410 127.1
1903420 127.0
1903430 127.0
1903440 126.8
1903450 126.7
1903460 126.7
1903470 126.6
1903480 126.5
1903490 126.5
1903500 126.4
1903510 126.3
1903520 126.3
1903530 126.2
1903540 126.3
1903550 126.3
1903560 126.3
1903570 126.4
1903580 126.4
1903590 126.4
1903600 126.3
1903610 126.3
1903620 126.3
1903630 126.4
1903640 126.4
1903650 126.4
1903660 126.5
1903670 126.6
1903680 126.6
1903690 126.7
1903700 126.7
1903710 126.7
1903720 126.7
1903730 126.8
1903740 126.8
1903750 126.8
1903760 126.9
1903770 126.9
1903780 126.9
1903790 126.9
1903800 126.9
1903810 126.9
1903820 126.9
1903830 126.9
1903840 126.8
1903850 126.8
1903860 126.8
1903870 126.7
1903880 126.7
1903890 126.7
1903900 126.5
1903910 126.6
1903920 126.6
1903930 126.5
1903940 126.3
1903950 126.3
1903960 126.2
1903970 125.9
1903980 126.0
1903990 125.7
1904000 125.7
1904010 125.7
1904020 125.7
1904030 125.6
1904040 125.6
1904050 125.6
1904060 125.5
1904070 125.5
1904080 125.5
1904090 125.5
1904100 125.5
1904110 125.5
1904120 125.5
1904130 125.5
1904140 125.6
1904150 125.7
1904160 125.7
1904170 125.8
1904180 125.9
1904190 125.9
1904200 126.0
1904210 126.2
1904220 126.2
1904230 126.3
1904240 126.5
1904250 126.5
1904260 126.6
1904270 126.7
1904280 126.7
1904290 126.6
1904300 126.7
1904310 126.7
1904320 126.8
1904330 126.8
1904340 126.8
1904350 126.7
1904360 126.7
1904370 126.8
1904380 126.8
1904390 126.7
1904400 126.6
1904410 126.6
1904420 126.6
