1900000 153.4
1900010 153.4
1900020 153.4
1900030 153.4
1900040 153.6
1900050 153.6
1900060 153.6
1900070 153.6
1900080 153.6
1900090 153.5
1900100 153.4
1900110 153.4
1900120 153.4
1900130 153.4
1900140 153.4
1900150 153.4
1900160 153.4
1900170 153.4
1900180 153.4
1900190 153.3
1900200 153.2
1900210 153.2
1900220 153.2
1900230 153.2
1900240 153.2
1900250 153.2
1900260 153.2
1900270 153.2
1900280 153.1
1900290 153.1
1900300 153.1
1900310 153.1
1900320 153.1
1900330 153.1
1900340 153.1
1900350 153.0
1900360 153.0
1900370 153.0
1900380 152.8
1900390 152.8
1900400 152.7
1900410 152.6
1900420 152.6
1900430 152.6
1900440 152.5
1900450 152.5
1900460 152.4
1900470 152.3
1900480 152.3
1900490 152.3
1900500 152.4
1900510 152.4
1900520 152.3
1900530 152.3
1900540 152.3
1900550 152.2
1900560 152.2
1900570 152.2
1900580 152.2
1900590 152.0
1900600 152.0
1900610 151.7
1900620 150.8
1900630 150.8
1900640 148.8
1900650 146.7
1900660 146.7
1900670 146.5
1900680 146.0
1900690 146.0
1900700 145.0
1900710 143.8
1900720 143.8
1900730 143.1
1900740 142.6
1900750 142.6
1900760 142.1
1900770 141.7
1900780 141.7
1900790 141.3
1900800 141.0
1900810 141.0
1900820 140.6
1900830 140.2
1900840 140.9
1900850 140.3
1900860 139.7
1900870 139.7
1900880 139.1
1900890 138.6
1900900 138.6
1900910 138.0
1900920 137.6
1900930 137.1
1900940 137.1
1900950 136.6
1900960 136.2
1900970 136.2
1900980 135.8
1900990 135.4
1901000 135.4
1901010 134.9
1901020 134.5
1901030 134.5
1901040 134.0
1901050 133.6
1901060 133.6
1901070 133.2
1901080 132.8
1901090 132.8
1901100 132.4
1901110 131.9
1901120 131.9
1901130 131.6
1901140 131.0
1901150 131.0
1901160 130.8
1901170 130.5
1901180 130.5
1901190 130.3
1901200 130.1
1901210 130.1
1901220 129.9
1901230 129.7
1901240 129.7
1901250 129.5
1901260 129.4
1901270 129.4
1901280 129.2
1901290 129.0
1901300 129.0
1901310 128.9
1901320 128.7
1901330 128.7
1901340 128.6
1901350 128.4
1901360 128.4
1901370 128.3
1901380 128.1
1901390 128.1
1901400 127.9
1901410 127.7
1901420 127.7
1901430 127.6
1901440 127.4
1901450 127.5
1901460 127.4
1901470 127.2
1901480 127.2
1901490 127.1
1901500 126.9
1901510 126.9
1901520 126.9
1901530 126.8
1901540 126.8
1901550 126.8
1901560 126.9
1901570 126.9
1901580 127.1
1901590 127.5
1901600 127.5
1901610 128.0
1901620 128.3
1901630 128.3
1901640 128.6
1901650 128.8
1901660 128.8
1901670 128.9
1901680 128.9
1901690 128.9
1901700 128.9
1901710 128.9
1901720 128.9
1901730 128.8
1901740 128.7
1901750 128.7
1901760 128.7
1901770 128.6
1901780 128.5
1901790 128.5
1901800 128.5
1901810 128.4
1901820 128.4
1901830 128.3
1901840 128.2
1901850 128.2
1901860 128.0
1901870 127.9
1901880 127.9
1901890 127.7
1901900 127.6
1901910 127.6
1901920 127.5
1901930 127.6
1901940 127.6
1901950 127.5
1901960 127.5
1901970 127.5
1901980 127.5
1901990 127.5
1902000 127.5
1902010 127.6
1902020 127.7
1902030 127.7
1902040 127.7
1902050 127.6
1902060 127.6
1902070 127.7
1902080 127.7
1902090 127.7
1902100 127.6
1902110 127.6
1902120 127.6
1902130 127.5
1902140 127.4
1902150 127.4
1902160 127.3
1902170 127.3
1902180 127.3
1902190 127.2
1902200 127.2
1902210 127.2
1902220 127.2
1902230 127.2
1902240 127.2
1902250 127.1
1902260 127.1
1902270 127.1
1902280 127.1
1902290 127.1
1902300 127.1
1902310 127.0
1902320 126.9
1902330 126.9
1902340 126.9
1902350 126.9
1902360 126.9
1902370 126.8
1902380 126.5
1902390 126.5
1902400 126.4
1902410 126.3
1902420 126.3
1902430 126.2
1902440 126.2
1902450 126.2
1902460 126.1
1902470 126.1
1902480 126.1
1902490 126.0
1902500 126.0
1902510 126.0
1902520 126.0
1902530 126.0
1902540 126.0
1902550 126.0
1902560 126.0
1902570 126.0
1902580 126.0
1902590 126.1
1902600 126.1
1902610 126.2
1902620 126.4
1902630 126.6
1902640 126.6
1902650 126.7
1902660 126.8
1902670 126.8
1902680 127.0
1902690 127.0
1902700 127.0
1902710 127.1
1902720 127.1
1902730 127.1
1902740 127.1
1902750 127.2
1902760 127.2
1902770 127.1
1902780 127.1
1902790 127.1
1902800 127.0
1902810 127.0
1902820 127.0
1902830 127.0
1902840 126.9
1902850 126.9
1902860 126.9
1902870 126.9
1902880 126.9
1902890 126.9
1902900 126.9
1902910 126.9
1902920 126.9
1902930 127.0
1902940 127.0
1902950 127.1
1902960 127.3
1902970 127.3
1902980 127.5
1902990 127.7
1903000 127.6
1903010 127.8
1903020 127.9
1903030 127.9
1903040 128.0
1903050 128.1
1903060 128.1
1903070 128.2
1903080 128.4
1903090 128.4
1903100 128.4
1903110 128.3
1903120 128.3
1903130 128.2
1903140 128.1
1903150 128.1
1903160 128.0
1903170 127.9
1903180 127.9
1903190 127.9
1903200 128.0
1903210 128.0
1903220 127.9
1903230 127.9
1903240 127.9
1903250 127.9
1903260 127.7
1903270 127.7
1903280 127.5
1903290 127.2
1903300 127.2
1903310 127.0
1903320 126.9
1903330 126.9
1903340 126.8
1903350 126.6
1903360 126.6
1903370 126.6
1903380 126.6
1903390 126.6
1903400 126.7
1903410 126.7
1903420 126.7
1903430 126.8
1903440 126.8
1903450 126.8
1903460 126.9
1903470 126.8
1903480 126.8
1903490 126.8
1903500 126.8
1903510 126.7
1903520 126.7
1903530 126.6
1903540 126.5
1903550 126.5
1903560 126.4
1903570 126.4
1903580 126.4
1903590 126.4
1903600 126.4
1903610 126.5
1903620 126.6
1903630 126.6
1903640 126.6
1903650 126.6
1903660 126.6
1903670 126.6
1903680 126.6
1903690 126.6
1903700 126.6
1903710 126.5
1903720 126.4
1903730 126.4
1903740 126.5
1903750 126.6
1903760 126.6
1903770 126.7
1903780 126.7
1903790 126.7
1903800 126.8
1903810 126.8
1903820 126.8
1903830 126.8
1903840 126.9
1903850 126.9
1903860 126.9
1903870 127.0
1903880 127.0
1903890 127.0
1903900 127.0
1903910 127.0
1903920 127.0
1903930 127.0
1903940 127.0
1903950 127.0
1903960 127.0
1903970 127.0
1903980 127.0
1903990 127.0
1904000 127.0
1904010 126.9
1904020 126.9
1904030 126.9
1904040 126.8
1904050 126.8
1904060 126.8
1904070 126.7
1904080 126.5
1904090 126.5
1904100 126.4
1904110 126.4
1904120 126.4
1904130 126.4
1904140 126.3
1904150 126.3
1904160 126.4
1904170 126.4
1904180 126.4
1904190 126.4
1904200 126.4
1904210 126.4
1904220 126.4
1904230 126.4
1904240 126.4
1904250 126.4
1904260 126.4
1904270 126.4
1904280 126.5
1904290 126.5
1904300 126.5
1904310 126.6
1904320 126.5
1904330 126.5
1904340 126.5
1904350 126.5
1904360 126.6
1904370 126.6
1904380 126.7
1904390 126.8
1904400 126.8
1904410 126.9
1904420 127.0
1904430 127.0
1904440 127.1
1904450 127.2
1904460 127.2
1904470 127.1
1904480 127.1
1904490 127.1
1904500 127.1
1904510 127.0
1904520 127.0
1904530 127.0
1904540 126.9
1904550 126.9
1904560 126.8
1904570 126.8
1904580 126.8
1904590 126.9
1904600 126.8
1904610 126.8
1904620 126.8
1904630 126.8
1904640 126.8
1904650 126.9
1904660 126.9
1904670 126.9
1904680 126.9
1904690 126.9
1904700 126.9
1904710 126.9
1904720 126.9
1904730 126.9
1904740 126.9
