1900000 147.8
1900010 147.9
1900020 147.9
1900030 147.9
1900040 148.2
1900050 148.2
1900060 148.7
1900070 149.2
1900080 149.2
1900090 149.4
1900100 149.5
1900110 149.5
1900120 149.7
1900130 149.6
1900140 149.6
1900150 149.6
1900160 149.5
1900170 149.5
1900180 149.5
1900190 149.4
1900200 149.4
1900210 149.4
1900220 149.4
1900230 149.4
1900240 149.4
1900250 149.5
1900260 149.5
1900270 149.2
1900280 148.6
1900290 148.6
1900300 148.2
1900310 147.8
1900320 147.8
1900330 147.5
1900340 147.1
1900350 147.1
1900360 146.6
1900370 146.0
1900380 146.0
1900390 145.2
1900400 144.4
1900410 144.4
1900420 143.7
1900430 143.1
1900440 143.1
1900450 142.7
1900460 142.6
1900470 142.6
1900480 142.6
1900490 142.8
1900500 142.8
1900510 142.8
1900520 142.7
1900530 142.7
1900540 142.6
1900550 142.5
1900560 143.0
1900570 142.6
1900580 142.2
1900590 142.2
1900600 141.6
1900610 141.0
1900620 141.0
1900630 140.2
1900640 139.4
1900650 139.4
1900660 138.6
1900670 137.9
1900680 137.9
1900690 137.4
1900700 137.2
1900710 137.2
1900720 137.2
1900730 137.3
1900740 137.3
1900750 137.4
1900760 137.5
1900770 137.4
1900780 137.4
1900790 136.9
1900800 136.4
1900810 136.4
1900820 135.8
1900830 134.9
1900840 134.9
1900850 134.3
1900860 134.0
1900870 134.3
1900880 134.2
1900890 134.0
1900900 134.0
1900910 133.8
1900920 133.5
1900930 133.5
1900940 133.2
1900950 132.9
1900960 132.9
1900970 132.5
1900980 132.2
1900990 132.2
1901000 131.9
1901010 131.7
1901020 131.7
1901030 131.5
1901040 131.3
1901050 131.3
1901060 131.1
1901070 130.8
1901080 130.8
1901090 130.6
1901100 130.3
1901110 130.3
1901120 130.1
1901130 129.9
1901140 129.9
1901150 129.6
1901160 129.4
1901170 129.4
1901180 129.3
1901190 129.1
1901200 129.1
1901210 129.0
1901220 128.9
1901230 128.9
1901240 128.8
1901250 128.6
1901260 128.6
1901270 128.6
1901280 128.5
1901290 128.5
1901300 128.5
1901310 128.4
1901320 128.4
1901330 128.3
1901340 128.2
1901350 128.2
1901360 128.1
1901370 128.0
1901380 128.0
1901390 127.9
1901400 127.8
1901410 127.8
1901420 127.8
1901430 127.7
1901440 127.7
1901450 127.6
1901460 127.5
1901470 127.5
1901480 127.4
1901490 127.2
1901500 127.2
1901510 127.2
1901520 127.2
1901530 127.2
1901540 127.2
1901550 127.2
1901560 127.2
1901570 127.3
1901580 127.4
1901590 127.4
1901600 127.4
1901610 127.3
1901620 127.2
1901630 127.2
1901640 127.2
1901650 127.1
1901660 127.1
1901670 127.1
1901680 127.0
1901690 127.0
1901700 127.0
1901710 127.1
1901720 127.1
1901730 127.1
1901740 127.2
1901750 127.2
1901760 127.3
1901770 127.3
1901780 127.3
1901790 127.3
1901800 127.3
1901810 127.3
1901820 127.3
1901830 127.3
1901840 127.3
1901850 127.2
1901860 127.2
1901870 127.2
1901880 127.1
1901890 127.1
1901900 127.1
1901910 127.0
1901920 126.9
1901930 126.9
1901940 126.8
1901950 126.8
1901960 126.8
1901970 126.8
1901980 126.8
1901990 126.8
1902000 126.7
1902010 126.7
1902020 126.7
1902030 126.6
1902040 126.6
1902050 126.6
1902060 126.7
1902070 126.7
1902080 126.7
1902090 126.8
1902100 126.9
1902110 126.9
1902120 126.9
1902130 126.9
1902140 126.9
1902150 126.9
1902160 126.9
1902170 126.9
1902180 126.9
1902190 126.9
1902200 126.9
1902210 126.9
1902220 126.9
1902230 126.9
1902240 126.9
1902250 126.9
1902260 126.9
1902270 126.9
1902280 127.0
1902290 127.0
1902300 127.0
1902310 127.0
1902320 127.0
1902330 127.0
1902340 127.2
1902350 127.2
1902360 127.1
1902370 127.1
1902380 127.1
1902390 127.0
1902400 126.9
1902410 127.0
1902420 126.9
1902430 126.8
1902440 126.8
1902450 126.8
1902460 126.8
1902470 126.9
1902480 126.9
1902490 126.9
1902500 127.0
1902510 127.0
1902520 126.9
1902530 126.8
1902540 126.8
1902550 126.7
1902560 126.6
1902570 126.6
1902580 126.5
1902590 126.4
1902600 126.4
1902610 126.3
1902620 126.2
1902630 126.2
1902640 126.1
1902650 126.0
1902660 126.0
1902670 125.8
1902680 125.8
1902690 125.8
1902700 125.8
1902710 125.8
1902720 125.8
1902730 125.8
1902740 125.8
1902750 125.8
1902760 125.8
1902770 125.8
1902780 125.8
1902790 125.8
1902800 125.9
1902810 125.9
1902820 126.3
1902830 127.0
1902840 127.0
1902850 127.7
1902860 128.1
1902870 128.1
1902880 128.4
1902890 128.4
1902900 128.4
1902910 128.5
1902920 128.5
1902930 128.5
1902940 128.5
1902950 128.5
1902960 128.5
1902970 128.5
1902980 128.5
1902990 128.5
1903000 128.4
1903010 128.3
1903020 128.3
1903030 128.2
1903040 128.1
1903050 128.1
1903060 128.1
1903070 128.2
1903080 128.2
1903090 128.2
1903100 128.3
1903110 128.3
1903120 128.3
1903130 128.3
1903140 128.3
1903150 128.3
1903160 128.3
1903170 128.3
1903180 128.2
1903190 128.1
1903200 128.1
1903210 128.0
1903220 127.9
1903230 127.9
1903240 127.8
1903250 127.8
1903260 127.8
1903270 127.8
1903280 127.7
1903290 127.7
1903300 127.7
1903310 127.6
1903320 127.4
1903330 127.4
1903340 127.3
1903350 127.1
1903360 127.1
1903370 126.9
1903380 126.8
1903390 126.8
1903400 126.8
1903410 126.8
1903420 126.8
1903430 126.8
1903440 126.8
1903450 126.8
1903460 126.8
1903470 126.8
1903480 126.8
1903490 126.8
1903500 126.8
1903510 126.8
1903520 126.8
1903530 126.8
1903540 126.8
1903550 126.8
1903560 126.7
1903570 126.7
1903580 126.7
1903590 126.7
1903600 126.7
1903610 126.9
1903620 127.1
1903630 127.1
1903640 126.9
1903650 126.7
1903660 126.7
1903670 126.6
1903680 126.5
1903690 126.5
1903700 126.5
1903710 126.5
1903720 126.5
1903730 126.4
1903740 126.5
1903750 126.5
1903760 126.6
1903770 126.6
1903780 126.6
1903790 126.6
1903800 126.5
1903810 126.5
1903820 126.4
1903830 126.3
1903840 126.3
1903850 126.2
1903860 126.1
1903870 126.1
1903880 126.1
1903890 126.0
1903900 126.0
1903910 125.9
1903920 125.8
1903930 125.8
1903940 125.8
1903950 125.7
1903960 125.7
1903970 125.7
1903980 125.6
1903990 125.6
1904000 125.6
1904010 125.6
1904020 125.6
1904030 125.7
1904040 125.7
1904050 125.7
1904060 125.7
1904070 125.7
1904080 125.7
1904090 125.7
1904100 125.7
1904110 125.7
1904120 125.7
1904130 125.8
1904140 125.8
1904150 125.8
1904160 125.8
1904170 125.8
1904180 125.8
1904190 125.8
1904200 125.9
1904210 125.9
1904220 125.9
1904230 125.9
1904240 125.9
1904250 126.0
1904260 125.9
1904270 125.9
1904280 126.0
1904290 126.1
1904300 126.1
1904310 126.4
1904320 126.7
1904330 126.7
1904340 126.9
1904350 127.0
1904360 127.0
1904370 127.0
1904380 126.9
1904390 126.9
1904400 126.8
1904410 126.8
1904420 126.8
1904430 126.7
1904440 126.6
1904450 126.6
1904460 126.5
1904470 126.5
1904480 126.5
1904490 126.5
1904500 126.5
1904510 126.5
1904520 126.4
1904530 126.3
1904540 126.3
1904550 126.3
1904560 126.4
1904570 126.4
1904580 126.4
1904590 126.4
1904600 126.4
