1900000 140.6
1900010 139.9
1900020 139.9
1900030 139.9
1900040 140.6
1900050 142.1
1900060 142.1
1900070 143.6
1900080 144.5
1900090 144.5
1900100 145.3
1900110 145.8
1900120 145.8
1900130 146.1
1900140 146.2
1900150 146.7
1900160 146.6
1900170 146.6
1900180 146.6
1900190 146.2
1900200 145.5
1900210 145.5
1900220 144.6
1900230 143.9
1900240 143.9
1900250 143.3
1900260 143.0
1900270 143.0
1900280 142.7
1900290 142.5
1900300 142.2
1900310 142.2
1900320 141.8
1900330 141.5
1900340 141.5
1900350 141.2
1900360 141.0
1900370 141.0
1900380 140.8
1900390 140.3
1900400 140.3
1900410 139.9
1900420 139.6
1900430 139.6
1900440 139.5
1900450 139.4
1900460 140.1
1900470 140.1
1900480 139.8
1900490 139.8
1900500 139.4
1900510 138.8
1900520 138.8
1900530 138.2
1900540 137.8
1900550 137.8
1900560 137.5
1900570 137.4
1900580 137.4
1900590 137.6
1900600 137.8
1900610 137.8
1900620 137.8
1900630 137.7
1900640 137.7
1900650 137.4
1900660 137.0
1900670 137.0
1900680 136.7
1900690 136.2
1900700 136.2
1900710 136.0
1900720 135.8
1900730 135.8
1900740 135.4
1900750 134.9
1900760 134.9
1900770 134.3
1900780 133.8
1900790 133.8
1900800 133.3
1900810 132.9
1900820 132.9
1900830 132.6
1900840 132.4
1900850 132.4
1900860 132.2
1900870 132.0
1900880 132.0
1900890 131.8
1900900 131.6
1900910 131.6
1900920 131.4
1900930 131.1
1900940 131.1
1900950 130.9
1900960 130.7
1900970 130.7
1900980 130.6
1900990 130.4
1901000 130.4
1901010 130.2
1901020 130.0
1901030 130.0
1901040 129.8
1901050 129.6
1901060 129.6
1901070 129.4
1901080 129.3
1901090 129.3
1901100 129.1
1901110 128.9
1901120 128.9
1901130 128.7
1901140 128.6
1901150 128.5
1901160 128.5
1901170 128.4
1901180 128.3
1901190 128.3
1901200 128.1
1901210 128.0
1901220 128.0
1901230 127.9
1901240 127.7
1901250 127.7
1901260 127.7
1901270 127.6
1901280 127.6
1901290 127.5
1901300 127.4
1901310 127.4
1901320 127.4
1901330 127.3
1901340 127.3
1901350 127.3
1901360 127.2
1901370 127.2
1901380 127.2
1901390 127.2
1901400 127.2
1901410 127.2
1901420 127.2
1901430 127.2
1901440 127.2
1901450 127.2
1901460 127.2
1901470 127.3
1901480 127.2
1901490 127.2
1901500 127.2
1901510 127.1
1901520 127.1
1901530 127.1
1901540 126.9
1901550 126.9
1901560 126.8
1901570 126.7
1901580 126.7
1901590 126.7
1901600 126.7
1901610 126.7
1901620 126.8
1901630 126.8
1901640 126.8
1901650 126.9
1901660 127.0
1901670 127.0
1901680 127.0
1901690 126.9
1901700 127.0
1901710 127.0
1901720 127.0
1901730 127.0
1901740 127.0
1901750 126.9
1901760 126.9
1901770 127.0
1901780 127.1
1901790 127.1
1901800 127.0
1901810 127.0
1901820 127.0
1901830 127.0
1901840 127.0
1901850 127.0
1901860 127.0
1901870 126.8
1901880 126.8
1901890 126.7
1901900 126.6
1901910 126.6
1901920 126.6
1901930 126.4
1901940 126.4
1901950 126.3
1901960 126.2
1901970 126.2
1901980 126.2
1901990 126.1
1902000 126.1
1902010 126.1
1902020 126.1
1902030 126.1
1902040 126.1
1902050 126.2
1902060 126.4
1902070 126.4
1902080 126.5
1902090 126.5
1902100 126.5
1902110 126.5
1902120 126.7
1902130 126.7
1902140 126.9
1902150 126.9
1902160 126.9
1902170 126.8
1902180 126.9
1902190 126.9
1902200 127.0
1902210 127.1
1902220 127.1
1902230 127.0
1902240 127.0
1902250 127.0
1902260 127.0
1902270 127.0
1902280 127.0
1902290 127.0
1902300 126.9
1902310 126.9
1902320 126.9
1902330 126.8
1902340 126.8
1902350 126.8
1902360 126.8
1902370 126.8
1902380 126.9
1902390 127.0
1902400 127.0
1902410 127.0
1902420 127.0
1902430 127.0
1902440 127.1
1902450 127.0
1902460 127.0
1902470 127.0
1902480 127.0
1902490 127.0
1902500 127.0
1902510 126.9
1902520 126.9
1902530 126.9
1902540 126.8
1902550 126.8
1902560 126.7
1902570 126.7
1902580 126.7
1902590 126.6
1902600 126.5
1902610 126.5
1902620 126.4
1902630 126.4
1902640 126.4
1902650 126.3
1902660 126.2
1902670 126.2
1902680 126.0
1902690 125.9
1902700 125.9
1902710 125.8
1902720 125.7
1902730 125.7
1902740 125.6
1902750 125.7
1902760 125.7
1902770 125.7
1902780 125.8
1902790 125.8
1902800 126.0
1902810 126.3
1902820 126.8
1902830 126.8
1902840 127.4
1902850 127.9
1902860 127.9
1902870 128.2
1902880 128.2
1902890 128.2
1902900 128.2
1902910 128.2
1902920 128.2
1902930 128.2
1902940 128.3
1902950 128.3
1902960 128.3
1902970 128.2
1902980 128.2
1902990 128.2
1903000 128.2
1903010 128.2
1903020 128.3
1903030 128.3
1903040 128.3
1903050 128.3
1903060 128.2
1903070 128.2
1903080 128.2
1903090 128.1
1903100 128.1
1903110 128.1
1903120 128.0
1903130 128.0
1903140 127.9
1903150 127.9
1903160 127.9
1903170 127.9
1903180 128.0
1903190 128.0
1903200 128.1
1903210 128.3
1903220 128.3
1903230 128.4
1903240 128.3
1903250 128.3
1903260 128.2
1903270 128.0
1903280 128.0
1903290 127.9
1903300 127.7
1903310 127.7
1903320 127.6
1903330 127.3
1903340 127.3
1903350 127.1
1903360 127.0
1903370 127.0
1903380 126.9
1903390 126.8
1903400 126.8
1903410 126.7
1903420 126.6
1903430 126.6
1903440 126.6
1903450 126.7
1903460 126.7
1903470 126.7
1903480 126.7
1903490 126.7
1903500 126.7
1903510 126.7
1903520 126.7
1903530 126.8
1903540 126.8
1903550 126.8
1903560 127.0
1903570 127.0
1903580 127.0
1903590 126.9
1903600 126.8
1903610 126.8
1903620 126.8
1903630 126.9
1903640 126.8
1903650 126.8
1903660 126.8
1903670 126.7
1903680 126.7
1903690 126.7
1903700 126.7
1903710 126.7
1903720 126.6
1903730 126.6
1903740 126.6
1903750 126.5
1903760 126.4
1903770 126.4
1903780 126.4
1903790 126.4
1903800 126.4
1903810 126.5
1903820 126.7
1903830 126.7
1903840 126.7
1903850 126.6
1903860 126.5
1903870 126.4
1903880 126.4
1903890 126.4
1903900 126.3
1903910 126.3
1903920 126.3
1903930 126.4
1903940 126.4
1903950 126.4
1903960 126.4
1903970 126.5
1903980 126.5
1903990 126.4
1904000 126.3
1904010 126.3
1904020 126.3
1904030 126.4
1904040 126.4
1904050 126.4
1904060 126.5
1904070 126.5
1904080 126.5
1904090 126.5
1904100 126.5
1904110 126.5
1904120 126.5
1904130 126.5
1904140 126.5
1904150 126.5
1904160 126.5
1904170 126.4
1904180 126.4
1904190 126.4
1904200 126.6
1904210 126.8
1904220 126.8
1904230 127.0
1904240 127.0
1904250 127.0
1904260 127.0
1904270 126.9
1904280 126.9
1904290 126.9
1904300 126.8
1904310 126.8
1904320 126.9
1904330 126.9
1904340 126.9
1904350 126.8
1904360 126.8
1904370 126.8
1904380 126.7
1904390 126.8
1904400 126.8
1904410 126.7
1904420 126.7
1904430 126.7
1904440 126.7
1904450 126.6
1904460 126.5
1904470 126.5
1904480 126.4
1904490 126.4
1904500 126.4
1904510 126.5
1904520 126.5
1904530 126.5
