1900000 143.4
1900010 142.9
1900020 142.9
1900030 142.3
1900040 141.6
1900050 141.6
1900060 140.6
1900070 139.6
1900080 139.6
1900090 138.5
1900100 137.4
1900110 137.4
1900120 136.8
1900130 136.2
1900140 136.2
1900150 135.7
1900160 135.3
1900170 135.5
1900180 135.6
1900190 135.7
1900200 135.7
1900210 135.8
1900220 135.8
1900230 135.8
1900240 135.8
1900250 135.9
1900260 135.9
1900270 136.0
1900280 136.2
1900290 136.2
1900300 136.2
1900310 136.1
1900320 136.1
1900330 136.2
1900340 136.2
1900350 136.2
1900360 136.3
1900370 136.2
1900380 136.2
1900390 135.8
1900400 135.3
1900410 135.3
1900420 135.0
1900430 134.8
1900440 134.8
1900450 134.5
1900460 134.3
1900470 134.3
1900480 134.4
1900490 134.2
1900500 134.2
1900510 134.0
1900520 133.8
1900530 133.7
1900540 133.7
1900550 133.7
1900560 133.8
1900570 133.8
1900580 133.9
1900590 133.3
1900600 133.3
1900610 133.2
1900620 133.1
1900630 133.1
1900640 133.1
1900650 133.1
1900660 133.1
1900670 133.1
1900680 133.2
1900690 133.2
1900700 133.5
1900710 133.6
1900720 133.6
1900730 133.6
1900740 133.6
1900750 133.6
1900760 133.5
1900770 133.4
1900780 133.6
1900790 133.4
1900800 133.0
1900810 133.0
1900820 132.7
1900830 132.3
1900840 132.3
1900850 131.9
1900860 131.5
1900870 131.5
1900880 131.2
1900890 131.0
1900900 131.0
1900910 130.7
1900920 130.3
1900930 130.3
1900940 130.1
1900950 129.8
1900960 129.8
1900970 129.7
1900980 129.5
1900990 129.5
1901000 129.4
1901010 129.2
1901020 129.2
1901030 129.0
1901040 128.9
1901050 128.9
1901060 128.8
1901070 128.7
1901080 128.7
1901090 128.6
1901100 128.5
1901110 128.5
1901120 128.4
1901130 128.3
1901140 128.3
1901150 128.2
1901160 128.1
1901170 128.1
1901180 128.0
1901190 127.8
1901200 127.8
1901210 127.7
1901220 127.5
1901230 127.5
1901240 127.4
1901250 127.2
1901260 127.2
1901270 127.1
1901280 127.0
1901290 127.0
1901300 126.9
1901310 126.8
1901320 126.8
1901330 126.7
1901340 126.7
1901350 126.7
1901360 126.7
1901370 126.7
1901380 126.7
1901390 126.7
1901400 126.7
1901410 126.8
1901420 126.8
1901430 126.8
1901440 126.9
1901450 126.9
1901460 126.8
1901470 126.6
1901480 126.6
1901490 126.5
1901500 126.4
1901510 126.4
1901520 126.3
1901530 126.3
1901540 126.3
1901550 126.3
1901560 126.2
1901570 126.2
1901580 126.2
1901590 126.1
1901600 126.1
1901610 126.1
1901620 126.1
1901630 126.1
1901640 126.1
1901650 126.1
1901660 126.1
1901670 126.1
1901680 126.1
1901690 126.1
1901700 126.1
1901710 126.1
1901720 126.1
1901730 126.3
1901740 126.4
1901750 126.4
1901760 126.6
1901770 126.7
1901780 126.7
1901790 126.8
1901800 126.8
1901810 126.8
1901820 126.8
1901830 126.8
1901840 126.8
1901850 126.8
1901860 126.8
1901870 126.8
1901880 126.8
1901890 126.8
1901900 126.8
1901910 126.7
1901920 126.7
1901930 126.7
1901940 126.7
1901950 126.6
1901960 126.6
1901970 126.7
1901980 126.9
1901990 126.9
1902000 126.7
1902010 126.5
1902020 126.6
1902030 126.5
1902040 126.6
1902050 126.6
1902060 126.8
1902070 127.0
1902080 127.0
1902090 127.1
1902100 127.1
1902110 127.1
1902120 127.0
1902130 127.0
1902140 127.0
1902150 127.1
1902160 127.1
1902170 127.1
1902180 127.0
1902190 127.0
1902200 126.9
1902210 126.9
1902220 126.9
1902230 126.9
1902240 126.9
1902250 126.9
1902260 126.8
1902270 126.8
1902280 126.7
1902290 126.7
1902300 126.7
1902310 126.6
1902320 126.7
1902330 126.7
1902340 126.8
1902350 126.9
1902360 126.9
1902370 126.9
1902380 126.9
1902390 126.9
1902400 126.9
1902410 126.9
1902420 126.9
1902430 126.9
1902440 126.9
1902450 126.9
1902460 126.9
1902470 126.9
1902480 126.9
1902490 126.9
1902500 127.0
1902510 127.0
1902520 126.9
1902530 126.8
1902540 126.8
1902550 126.8
1902560 126.7
1902570 126.7
1902580 126.7
1902590 126.6
1902600 126.6
1902610 126.6
1902620 126.6
1902630 126.6
1902640 126.6
1902650 126.5
1902660 126.5
1902670 126.3
1902680 126.2
1902690 126.2
1902700 126.2
1902710 126.2
1902720 126.2
1902730 126.2
1902740 125.9
1902750 125.9
1902760 125.7
1902770 125.6
1902780 125.6
1902790 125.6
1902800 125.8
1902810 125.8
1902820 126.0
1902830 126.3
1902840 126.3
1902850 126.5
1902860 126.8
1902870 126.8
1902880 127.2
1902890 127.4
1902900 127.4
1902910 127.5
1902920 127.5
1902930 127.5
1902940 127.5
1902950 127.4
1902960 127.4
1902970 127.4
1902980 127.3
1902990 127.3
1903000 127.4
1903010 127.4
1903020 127.4
1903030 127.4
1903040 127.4
1903050 127.3
1903060 127.3
1903070 127.3
1903080 127.3
1903090 127.3
1903100 127.3
1903110 127.3
1903120 127.3
1903130 127.2
1903140 127.2
1903150 127.2
1903160 127.2
1903170 127.3
1903180 127.3
1903190 127.2
1903200 127.2
1903210 127.2
1903220 127.2
1903230 127.2
1903240 127.2
1903250 127.2
1903260 127.3
1903270 127.3
1903280 127.4
1903290 127.4
1903300 127.4
1903310 127.3
1903320 127.3
1903330 127.3
1903340 127.2
1903350 127.2
1903360 127.2
1903370 127.0
1903380 126.9
1903390 126.9
1903400 126.8
1903410 126.7
1903420 126.7
1903430 126.6
1903440 126.6
1903450 126.6
1903460 126.7
1903470 126.7
1903480 126.7
1903490 126.7
1903500 126.7
1903510 126.7
1903520 126.7
1903530 126.7
1903540 126.7
1903550 126.7
1903560 126.7
1903570 126.7
1903580 126.7
1903590 126.7
1903600 126.7
1903610 126.7
1903620 126.7
1903630 126.7
1903640 126.8
1903650 126.8
1903660 126.8
1903670 126.9
1903680 126.9
1903690 126.9
1903700 126.9
1903710 126.9
1903720 126.9
1903730 127.0
1903740 127.0
1903750 127.0
1903760 126.9
1903770 126.9
1903780 126.9
1903790 126.7
1903800 126.6
1903810 126.6
1903820 126.6
1903830 126.5
1903840 126.4
1903850 126.4
1903860 126.3
1903870 126.2
1903880 126.2
1903890 126.2
1903900 126.2
1903910 126.2
1903920 126.2
1903930 126.2
1903940 126.2
1903950 126.1
1903960 126.1
1903970 126.1
1903980 126.1
1903990 126.3
1904000 126.3
1904010 126.2
1904020 126.2
1904030 126.2
1904040 126.1
1904050 126.0
1904060 126.0
1904070 126.2
1904080 126.3
1904090 126.3
1904100 126.3
1904110 126.3
1904120 126.3
1904130 126.3
1904140 126.3
1904150 126.3
1904160 126.4
1904170 126.4
1904180 126.3
1904190 126.4
1904200 126.5
1904210 126.5
1904220 126.5
1904230 126.5
1904240 126.5
1904250 126.4
1904260 126.5
1904270 126.5
1904280 126.7
1904290 126.8
1904300 126.8
1904310 126.8
1904320 126.8
1904330 126.8
1904340 126.9
1904350 126.9
1904360 126.9
1904370 126.9
1904380 126.9
1904390 126.9
1904400 126.9
1904410 126.9
1904420 126.9
1904430 126.8
1904440 126.9
1904450 126.9
1904460 126.8
1904480 126.8
