1900000 148.2
1900010 148.2
1900020 148.3
1900030 148.6
1900040 148.9
1900050 149.4
1900060 149.8
1900070 149.8
1900080 150.0
1900090 150.1
1900100 150.1
1900110 150.0
1900120 149.9
1900130 149.9
1900140 150.0
1900150 150.1
1900160 150.1
1900170 150.0
1900180 150.1
1900190 150.1
1900200 150.1
1900210 150.2
1900220 150.2
1900230 150.0
1900240 150.0
1900250 149.8
1900260 149.8
1900270 149.7
1900280 149.5
1900290 149.5
1900300 149.2
1900310 148.8
1900320 148.8
1900330 148.2
1900340 147.6
1900350 147.7
1900360 146.8
1900370 146.1
1900380 146.1
1900390 145.3
1900400 144.8
1900410 144.8
1900420 144.6
1900430 144.7
1900440 144.7
1900450 144.7
1900460 144.7
1900470 144.7
1900480 144.7
1900490 144.6
1900500 144.6
1900510 144.5
1900520 144.3
1900530 144.3
1900540 144.0
1900550 143.5
1900560 143.5
1900570 142.9
1900580 142.3
1900590 142.3
1900600 141.4
1900610 140.6
1900620 140.6
1900630 139.7
1900640 139.2
1900650 139.2
1900660 139.2
1900670 139.3
1900680 139.3
1900690 139.5
1900700 139.7
1900710 139.7
1900720 139.7
1900730 139.5
1900740 139.5
1900750 139.0
1900760 138.2
1900770 138.2
1900780 137.4
1900790 136.7
1900800 136.7
1900810 136.5
1900820 136.4
1900830 136.4
1900840 136.0
1900850 135.7
1900860 135.7
1900870 135.2
1900880 134.9
1900890 134.9
1900900 134.6
1900910 134.2
1900920 134.2
1900930 133.8
1900940 133.6
1900950 133.6
1900960 133.4
1900970 133.4
1900980 133.4
1900990 133.1
1901000 132.8
1901010 132.8
1901020 132.4
1901030 132.1
1901040 132.1
1901050 131.8
1901060 131.4
1901070 131.4
1901080 131.1
1901090 130.8
1901100 130.6
1901110 130.6
1901120 130.3
1901130 130.1
1901140 130.1
1901150 129.9
1901160 129.7
1901170 129.7
1901180 129.5
1901190 129.4
1901200 129.4
1901210 129.2
1901220 129.1
1901230 129.1
1901240 129.0
1901250 128.9
1901260 128.9
1901270 128.7
1901280 128.8
1901290 128.8
1901300 128.7
1901310 128.6
1901320 128.6
1901330 128.6
1901340 128.5
1901350 128.5
1901360 128.3
1901370 128.1
1901380 128.1
1901390 127.9
1901400 127.8
1901410 127.8
1901420 127.7
1901430 127.6
1901440 127.6
1901450 127.4
1901460 127.4
1901470 127.4
1901480 127.4
1901490 127.3
1901500 127.3
1901510 127.2
1901520 127.2
1901530 127.2
1901540 127.2
1901550 127.3
1901560 127.3
1901570 127.3
1901580 127.4
1901590 127.3
1901600 127.2
1901610 127.2
1901620 127.2
1901630 127.1
1901640 127.0
1901650 127.0
1901660 127.1
1901670 127.1
1901680 127.1
1901690 127.2
1901700 127.2
1901710 127.2
1901720 127.3
1901730 127.3
1901740 127.3
1901750 127.4
1901760 127.4
1901770 127.4
1901780 127.4
1901790 127.3
1901800 127.3
1901810 127.3
1901820 127.3
1901830 127.3
1901840 127.3
1901850 127.3
1901860 127.3
1901870 127.3
1901880 127.2
1901890 127.2
1901900 127.2
1901910 127.1
1901920 127.0
1901930 127.0
1901940 126.9
1901950 126.9
1901960 126.9
1901970 126.8
1901980 126.8
1901990 126.8
1902000 126.7
1902010 126.7
1902020 126.7
1902030 126.7
1902040 126.8
1902050 126.8
1902060 126.8
1902070 126.8
1902080 126.8
1902090 126.9
1902100 126.9
1902110 126.9
1902120 126.9
1902130 127.0
1902140 127.0
1902150 127.0
1902160 127.0
1902170 127.0
1902180 126.9
1902190 126.9
1902200 126.9
1902210 126.9
1902220 126.9
1902230 126.9
1902240 126.9
1902250 126.9
1902260 126.9
1902270 126.9
1902280 126.9
1902290 126.9
1902300 126.9
1902310 126.9
1902320 126.9
1902330 126.9
1902340 127.0
1902350 127.0
1902360 127.1
1902370 127.1
1902380 127.1
1902390 127.3
1902400 127.2
1902410 127.2
1902420 127.0
1902430 126.9
1902440 126.9
1902450 126.9
1902460 126.8
1902470 126.8
1902480 126.8
1902490 126.8
1902500 126.8
1902510 126.8
1902520 126.8
1902530 126.8
1902540 126.8
1902550 126.7
1902560 126.7
1902570 126.5
1902580 126.4
1902590 126.4
1902600 126.3
1902610 126.3
1902620 126.3
1902630 126.1
1902640 126.0
1902650 126.0
1902660 125.8
1902670 125.8
1902680 125.8
1902690 125.7
1902700 125.7
1902710 125.7
1902720 125.8
1902730 125.8
1902740 125.8
1902750 125.9
1902760 125.9
1902770 125.9
1902780 125.9
1902790 125.9
1902800 126.0
1902810 126.0
1902820 126.2
1902830 126.7
1902840 126.7
1902850 127.4
1902860 127.9
1902870 127.9
1902880 128.3
1902890 128.4
1902900 128.4
1902910 128.4
1902920 128.4
1902930 128.4
1902940 128.4
1902950 128.3
1902960 128.3
1902970 128.2
1902980 128.2
1902990 128.2
1903000 128.4
1903010 128.4
1903020 128.4
1903030 128.4
1903040 128.3
1903050 128.3
1903060 128.3
1903070 128.3
1903080 128.3
1903090 128.3
1903100 128.4
1903110 128.4
1903120 128.5
1903130 128.5
1903140 128.5
1903150 128.5
1903160 128.5
1903170 128.5
1903180 128.4
1903190 128.4
1903200 128.4
1903210 128.3
1903220 128.2
1903230 128.2
1903240 128.2
1903250 128.1
1903260 128.1
1903270 128.0
1903280 127.9
1903290 127.9
1903300 127.8
1903310 127.6
1903320 127.6
1903330 127.3
1903340 127.1
1903350 127.1
1903360 127.0
1903370 126.9
1903380 126.9
1903390 126.9
1903400 126.8
1903410 126.8
1903420 126.8
1903430 126.8
1903440 126.7
1903450 126.7
1903460 126.7
1903470 126.7
1903480 126.8
1903490 126.7
1903500 126.7
1903510 126.7
1903520 126.7
1903530 126.7
1903540 126.7
1903550 126.8
1903560 126.8
1903570 126.9
1903580 127.1
1903590 127.2
1903600 127.2
1903610 127.1
1903620 126.9
1903630 126.9
1903640 126.7
1903650 126.5
1903660 126.5
1903670 126.5
1903680 126.5
1903690 126.5
1903700 126.4
1903710 126.5
1903720 126.5
1903730 126.5
1903740 126.4
1903750 126.4
1903760 126.4
1903770 126.5
1903780 126.5
1903790 126.5
1903800 126.4
1903810 126.4
1903820 126.3
1903830 126.2
1903840 126.2
1903850 126.1
1903860 126.0
1903870 126.0
1903880 125.9
1903890 125.9
1903900 125.9
1903910 125.8
1903920 125.7
1903930 125.7
1903940 125.7
1903950 125.6
1903960 125.6
1903970 125.5
1903980 125.5
1903990 125.5
1904000 125.6
1904010 125.6
1904020 125.6
1904030 125.6
1904040 125.7
1904050 125.6
1904060 125.6
1904070 125.6
1904080 125.6
1904090 125.7
1904100 125.7
1904110 125.7
1904120 125.7
1904130 125.7
1904140 125.7
1904150 125.8
1904160 125.7
1904170 125.7
1904180 125.8
1904190 125.8
1904200 125.8
1904210 125.8
1904220 125.9
1904230 125.9
1904240 125.9
1904250 125.9
1904260 125.9
1904270 125.9
1904280 125.9
1904290 125.9
1904300 126.0
1904310 126.2
1904320 126.2
1904330 126.4
1904340 126.8
1904350 126.8
1904360 126.8
1904370 126.9
1904380 126.9
1904390 126.8
1904400 126.6
1904410 126.6
1904420 126.5
1904430 126.5
1904440 126.5
1904450 126.5
1904460 126.4
1904470 126.5
1904480 126.5
1904490 126.5
1904500 126.5
1904510 126.5
1904520 126.5
1904530 126.5
1904540 126.5
1904550 126.5
1904560 126.5
1904570 126.5
1904580 126.4
1904590 126.3
1904600 126.3
1904610 126.3
