1900000 152.1
1900010 152.1
1900020 152.0
1900030 151.9
1900040 151.9
1900050 151.9
1900060 152.1
1900070 152.1
1900080 152.3
1900090 152.4
1900100 152.4
1900110 152.5
1900120 152.8
1900130 152.8
1900140 152.7
1900150 152.7
1900160 152.7
1900170 152.8
1900180 152.8
1900190 152.8
1900200 152.8
1900210 152.7
1900220 152.7
1900230 152.6
1900240 152.6
1900250 152.6
1900260 152.5
1900270 152.4
1900280 152.4
1900290 152.2
1900300 152.0
1900310 152.0
1900320 152.1
1900330 152.1
1900340 152.1
1900350 152.0
1900360 152.0
1900370 152.0
1900380 152.1
1900390 152.3
1900400 152.3
1900410 152.3
1900420 152.1
1900430 152.3
1900440 152.1
1900450 152.0
1900460 152.0
1900470 152.0
1900480 151.9
1900490 151.9
1900500 151.9
1900510 151.8
1900520 151.7
1900530 151.7
1900540 152.0
1900550 152.0
1900560 152.0
1900570 151.6
1900580 151.2
1900590 151.2
1900600 150.1
1900610 149.6
1900620 149.6
1900630 149.1
1900640 148.6
1900650 148.6
1900660 147.9
1900670 147.1
1900680 147.1
1900690 146.2
1900700 145.4
1900710 145.4
1900720 144.6
1900730 143.9
1900740 144.1
1900750 143.5
1900760 143.1
1900770 143.1
1900780 142.6
1900790 142.2
1900800 142.2
1900810 141.7
1900820 141.0
1900830 141.0
1900840 140.4
1900850 139.7
1900860 139.7
1900870 138.9
1900880 138.2
1900890 138.2
1900900 137.6
1900910 137.0
1900920 137.0
1900930 136.3
1900940 135.8
1900950 135.8
1900960 135.2
1900970 134.7
1900980 134.7
1900990 134.3
1901000 134.5
1901010 134.5
1901020 133.8
1901030 133.4
1901040 133.4
1901050 133.2
1901060 133.0
1901070 133.0
1901080 132.6
1901090 132.3
1901100 132.3
1901110 132.0
1901120 131.8
1901130 131.8
1901140 131.7
1901150 131.6
1901160 131.6
1901170 131.5
1901180 131.4
1901190 131.4
1901200 131.3
1901210 131.3
1901220 131.3
1901230 131.2
1901240 131.0
1901250 131.0
1901260 130.7
1901270 130.2
1901280 130.2
1901290 129.7
1901300 129.3
1901310 129.3
1901320 129.0
1901330 128.7
1901340 128.5
1901350 128.5
1901360 128.3
1901370 128.2
1901380 128.2
1901390 128.0
1901400 127.8
1901410 127.8
1901420 127.6
1901430 127.4
1901440 127.4
1901450 127.2
1901460 127.1
1901470 127.1
1901480 127.0
1901490 126.9
1901500 126.9
1901510 126.8
1901520 126.7
1901530 126.7
1901540 126.7
1901550 126.8
1901560 126.8
1901570 127.0
1901580 127.2
1901590 127.2
1901600 127.5
1901610 128.0
1901620 128.0
1901630 128.4
1901640 128.7
1901650 128.7
1901660 128.9
1901670 129.0
1901680 129.0
1901690 129.0
1901700 129.0
1901710 129.0
1901720 128.9
1901730 128.8
1901740 128.8
1901750 128.7
1901760 128.6
1901770 128.6
1901780 128.5
1901790 128.5
1901800 128.5
1901810 128.4
1901820 128.4
1901830 128.4
1901840 128.3
1901850 128.1
1901860 128.1
1901870 127.8
1901880 127.6
1901890 127.6
1901900 127.5
1901910 127.5
1901920 127.5
1901930 127.5
1901940 127.5
1901950 127.5
1901960 127.5
1901970 127.6
1901980 127.6
1901990 127.6
1902000 127.6
1902010 127.6
1902020 127.5
1902030 127.4
1902040 127.4
1902050 127.4
1902060 127.4
1902070 127.4
1902080 127.4
1902090 127.4
1902100 127.4
1902110 127.4
1902120 127.4
1902130 127.4
1902140 127.4
1902150 127.3
1902160 127.3
1902170 127.3
1902180 127.2
1902190 127.2
1902200 127.2
1902210 127.1
1902220 127.1
1902230 127.1
1902240 127.1
1902250 127.2
1902260 127.2
1902270 127.2
1902280 127.3
1902290 127.2
1902300 127.3
1902310 127.3
1902320 127.3
1902330 127.3
1902340 127.2
1902350 127.2
1902360 127.2
1902370 127.2
1902380 127.2
1902390 127.2
1902400 127.2
1902410 127.2
1902420 127.2
1902430 127.2
1902440 127.2
1902450 127.1
1902460 127.0
1902470 127.0
1902480 126.9
1902490 126.8
1902500 126.8
1902510 126.6
1902520 126.5
1902530 126.5
1902540 126.4
1902550 126.3
1902560 126.3
1902570 126.2
1902580 126.1
1902590 126.1
1902600 126.0
1902610 126.0
1902620 126.0
1902630 126.1
1902640 126.1
1902650 126.1
1902660 126.2
1902670 126.3
1902680 126.3
1902690 126.6
1902700 126.9
1902710 126.9
1902720 127.0
1902730 127.1
1902740 127.1
1902750 127.1
1902760 127.1
1902770 127.1
1902780 127.1
1902790 127.1
1902800 127.1
1902810 127.0
1902820 127.0
1902830 127.0
1902840 127.0
1902850 127.0
1902860 127.0
1902870 127.1
1902880 127.2
1902890 127.2
1902900 127.2
1902910 127.5
1902920 127.5
1902930 127.5
1902940 127.4
1902950 127.4
1902960 127.5
1902970 127.7
1902980 127.7
1902990 127.9
1903000 128.0
1903010 127.9
1903020 127.9
1903030 127.9
1903040 127.8
1903050 127.8
1903060 127.9
1903070 127.9
1903080 127.9
1903090 128.0
1903100 128.0
1903110 128.0
1903120 128.0
1903130 128.0
1903140 128.0
1903150 127.9
1903160 127.8
1903170 127.8
1903180 127.8
1903190 127.8
1903200 127.8
1903210 127.7
1903220 127.7
1903230 127.7
1903240 127.5
1903250 127.5
1903260 127.5
1903270 127.6
1903280 127.6
1903290 127.6
1903300 127.5
1903310 127.3
1903320 127.3
1903330 127.2
1903340 127.2
1903350 127.2
1903360 127.2
1903370 127.3
1903380 127.3
1903390 127.4
1903400 127.4
1903410 127.4
1903420 127.5
1903430 127.4
1903440 127.4
1903450 127.2
1903460 127.1
1903470 127.1
1903480 127.0
1903490 126.7
1903500 126.7
1903510 126.5
1903520 126.3
1903530 126.3
1903540 126.3
1903550 126.2
1903560 126.2
1903570 126.2
1903580 126.3
1903590 126.3
1903600 126.3
1903610 126.2
1903620 126.2
1903630 126.1
1903640 126.1
1903650 126.1
1903660 126.0
1903670 126.0
1903680 126.0
1903690 126.0
1903700 126.0
1903710 126.0
1903720 126.0
1903730 126.0
1903740 126.0
1903750 126.0
1903760 125.9
1903770 125.9
1903780 125.9
1903790 125.9
1903800 125.9
1903810 126.0
1903820 126.1
1903830 126.2
1903840 126.2
1903850 126.4
1903860 126.4
1903870 126.4
1903880 126.4
1903890 126.5
1903900 126.5
1903910 126.5
1903920 126.6
1903930 126.6
1903940 126.5
1903950 126.5
1903960 126.5
1903970 126.4
1903980 126.4
1903990 126.4
1904000 126.5
1904010 126.6
1904020 126.6
1904030 126.7
1904040 126.8
1904050 126.8
1904060 126.8
1904070 126.7
1904080 126.7
1904090 126.5
1904100 126.4
1904110 126.4
1904120 126.4
1904130 126.3
1904140 126.3
1904150 126.3
1904160 126.2
1904170 126.2
1904180 126.3
1904190 126.3
1904200 126.3
1904210 126.3
1904220 126.3
1904230 126.3
1904240 126.3
1904250 126.4
1904260 126.4
1904270 126.4
1904280 126.4
1904290 126.4
1904300 126.4
1904310 126.4
1904320 126.4
1904330 126.4
1904340 126.3
1904350 126.3
1904360 126.3
1904370 126.4
1904380 126.4
1904390 126.5
1904400 126.5
1904410 126.5
1904420 126.5
1904430 126.5
1904440 126.6
1904450 126.6
1904460 126.7
1904470 126.7
1904480 126.7
1904490 126.8
1904500 126.8
1904510 126.8
1904520 126.8
1904530 126.8
1904540 126.8
1904550 126.8
1904560 126.8
1904570 126.8
1904580 126.7
1904590 126.7
1904600 126.7
1904610 126.8
1904620 126.8
1904630 126.8
1904640 126.7
1904650 126.7
1904660 126.7
1904670 126.7
1904680 126.7
1904690 126.7
1904700 126.7
1904710 126.6
1904720 126.6
1904730 126.5
1904740 126.5
1904750 126.5
1904760 126.5
1904770 126.6
1904780 126.6
