1900000 151.9
1900010 151.9
1900020 151.8
1900030 151.6
1900040 151.6
1900050 151.5
1900060 151.5
1900070 151.5
1900080 151.7
1900090 151.9
1900100 151.9
1900110 152.1
1900120 152.2
1900130 152.2
1900140 152.2
1900150 152.2
1900160 152.4
1900170 152.4
1900180 152.5
1900190 152.4
1900200 152.4
1900210 152.4
1900220 152.4
1900230 152.4
1900240 152.4
1900250 152.3
1900260 152.3
1900270 152.2
1900280 152.0
1900290 152.0
1900300 151.8
1900310 151.4
1900320 151.4
1900330 151.6
1900340 151.8
1900350 151.8
1900360 151.9
1900370 152.0
1900380 152.0
1900390 152.0
1900400 152.0
1900410 152.0
1900420 151.9
1900430 151.8
1900440 151.8
1900450 151.5
1900460 151.3
1900470 151.3
1900480 151.0
1900490 150.8
1900500 150.8
1900510 150.6
1900520 150.7
1900530 150.7
1900540 150.9
1900550 151.2
1900560 151.2
1900570 151.0
1900580 150.3
1900590 150.3
1900600 149.9
1900610 149.4
1900620 149.4
1900630 149.0
1900640 148.8
1900650 148.8
1900660 148.2
1900670 147.6
1900680 147.6
1900690 147.0
1900700 146.2
1900710 146.2
1900720 145.3
1900730 144.5
1900740 144.5
1900750 143.6
1900760 142.9
1900770 142.9
1900780 142.1
1900790 141.5
1900800 141.5
1900810 140.8
1900820 140.2
1900830 140.2
1900840 139.5
1900850 138.9
1900860 138.9
1900870 138.3
1900880 137.6
1900890 137.6
1900900 137.1
1900910 136.6
1900920 136.6
1900930 136.1
1900940 135.6
1900950 135.8
1900960 135.3
1900970 134.9
1900980 134.9
1900990 134.5
1901000 134.5
1901010 133.8
1901020 133.8
1901030 133.3
1901040 132.9
1901050 132.9
1901060 132.7
1901070 132.4
1901080 132.4
1901090 132.1
1901100 131.9
1901110 131.9
1901120 131.6
1901130 131.4
1901140 131.4
1901150 131.2
1901160 131.0
1901170 131.0
1901180 130.9
1901190 130.7
1901200 130.7
1901210 130.6
1901220 130.5
1901230 130.5
1901240 130.3
1901250 130.1
1901260 130.2
1901270 129.9
1901280 129.6
1901290 129.6
1901300 129.3
1901310 129.1
1901320 129.1
1901330 128.8
1901340 128.7
1901350 128.7
1901360 128.5
1901370 128.4
1901380 128.4
1901390 128.2
1901400 128.0
1901410 128.0
1901420 127.8
1901430 127.5
1901440 127.5
1901450 127.3
1901460 127.1
1901470 127.1
1901480 126.9
1901490 126.8
1901500 126.8
1901510 126.7
1901520 126.7
1901530 126.7
1901540 126.7
1901550 126.7
1901560 126.7
1901570 126.9
1901580 127.1
1901590 127.1
1901600 127.5
1901610 127.9
1901620 127.9
1901630 128.3
1901640 128.6
1901650 128.6
1901660 128.8
1901670 128.9
1901680 128.9
1901690 128.9
1901700 128.8
1901710 128.8
1901720 128.7
1901730 128.6
1901740 128.6
1901750 128.5
1901760 128.4
1901770 128.4
1901780 128.3
1901790 128.2
1901800 128.2
1901810 128.1
1901820 128.0
1901830 127.9
1901840 127.9
1901850 127.8
1901860 127.6
1901870 127.6
1901880 127.6
1901890 127.5
1901900 127.5
1901910 127.4
1901920 127.4
1901930 127.4
1901940 127.4
1901950 127.4
1901960 127.4
1901970 127.4
1901980 127.4
1901990 127.4
1902000 127.4
1902010 127.3
1902020 127.3
1902030 127.3
1902040 127.3
1902050 127.3
1902060 127.3
1902070 127.3
1902080 127.3
1902090 127.3
1902100 127.3
1902110 127.3
1902120 127.4
1902130 127.4
1902140 127.4
1902150 127.4
1902160 127.3
1902170 127.3
1902180 127.3
1902190 127.1
1902200 127.1
1902210 127.1
1902220 127.2
1902230 127.2
1902240 127.2
1902250 127.2
1902260 127.2
1902270 127.3
1902280 127.3
1902290 127.3
1902300 127.3
1902310 127.3
1902320 127.3
1902330 127.2
1902340 127.2
1902350 127.2
1902360 127.2
1902370 127.2
1902380 127.2
1902390 127.3
1902400 127.3
1902410 127.3
1902420 127.3
1902430 127.3
1902440 127.3
1902450 127.2
1902460 127.1
1902470 127.1
1902480 127.0
1902490 126.9
1902500 126.9
1902510 126.7
1902520 126.5
1902530 126.5
1902540 126.3
1902550 126.2
1902560 126.2
1902570 126.1
1902580 126.1
1902590 126.1
1902600 126.1
1902610 126.0
1902620 126.0
1902630 126.0
1902640 126.0
1902650 126.0
1902660 126.1
1902670 126.2
1902680 126.3
1902690 126.3
1902700 126.6
1902710 126.8
1902720 126.8
1902730 126.9
1902740 127.0
1902750 127.0
1902760 127.1
1902770 127.1
1902780 127.1
1902790 127.1
1902800 127.0
1902810 127.0
1902820 127.0
1902830 127.1
1902840 127.1
1902850 127.1
1902860 127.1
1902870 127.1
1902880 127.0
1902890 126.9
1902900 126.9
1902910 127.0
1902920 127.2
1902930 127.2
1902940 127.5
1902950 127.7
1902960 127.7
1902970 128.0
1902980 128.1
1902990 128.1
1903000 128.1
1903010 128.2
1903020 128.2
1903030 128.1
1903040 127.9
1903050 127.9
1903060 127.9
1903070 127.7
1903080 127.7
1903090 127.7
1903100 127.7
1903110 127.7
1903120 127.8
1903130 127.9
1903140 127.9
1903150 127.9
1903160 127.9
1903170 127.9
1903180 127.8
1903190 127.7
1903200 127.7
1903210 127.6
1903220 127.6
1903230 127.6
1903240 127.7
1903250 127.7
1903260 127.7
1903270 127.5
1903280 127.2
1903290 127.2
1903300 127.1
1903310 127.2
1903320 127.2
1903330 127.3
1903340 127.4
1903350 127.4
1903360 127.3
1903370 127.3
1903380 127.3
1903390 127.3
1903400 127.3
1903410 127.3
1903420 127.3
1903430 127.4
1903440 127.4
1903450 127.3
1903460 127.2
1903470 127.2
1903480 127.0
1903490 126.8
1903500 126.8
1903510 126.7
1903520 126.5
1903530 126.5
1903540 126.5
1903550 126.5
1903560 126.3
1903570 126.3
1903580 126.3
1903590 126.2
1903600 126.2
1903610 126.1
1903620 126.0
1903630 126.0
1903640 126.1
1903650 126.0
1903660 126.0
1903670 126.0
1903680 126.0
1903690 126.0
1903700 126.0
1903710 125.9
1903720 125.9
1903730 125.9
1903740 126.0
1903750 126.0
1903760 126.0
1903770 126.0
1903780 126.0
1903790 126.0
1903800 126.0
1903810 126.0
1903820 126.0
1903830 126.0
1903840 126.0
1903850 126.0
1903860 126.0
1903870 126.0
1903880 126.0
1903890 126.1
1903900 126.1
1903910 126.1
1903920 126.1
1903930 126.1
1903940 126.1
1903950 126.1
1903960 126.1
1903970 126.1
1903980 126.0
1903990 126.0
1904000 126.1
1904010 126.1
1904020 126.1
1904030 126.5
1904040 126.7
1904050 126.7
1904060 126.7
1904070 126.6
1904080 126.6
1904090 126.6
1904100 126.5
1904110 126.5
1904120 126.3
1904130 126.1
1904140 126.1
1904150 126.2
1904160 126.2
1904170 126.2
1904180 126.3
1904190 126.3
1904200 126.3
1904210 126.3
1904220 126.3
1904230 126.3
1904240 126.3
1904250 126.3
1904260 126.3
1904270 126.3
1904280 126.3
1904290 126.3
1904300 126.3
1904310 126.4
1904320 126.4
1904330 126.4
1904340 126.4
1904350 126.4
1904360 126.4
1904370 126.5
1904380 126.4
1904390 126.4
1904400 126.4
1904410 126.5
1904420 126.5
1904430 126.5
1904440 126.5
1904450 126.5
1904460 126.5
1904470 126.6
1904480 126.6
1904490 126.7
1904500 126.7
1904510 126.7
1904520 126.7
1904530 126.7
1904540 126.7
1904550 126.7
1904560 126.8
1904570 126.8
1904580 126.8
1904590 126.8
1904600 126.8
1904610 126.7
1904620 126.7
1904630 126.7
1904640 126.8
1904650 126.8
1904660 126.8
1904670 126.8
1904680 126.7
1904690 126.7
1904700 126.6
1904710 126.6
1904720 126.6
1904730 126.6
1904740 126.6
1904750 126.6
1904760 126.6
