1900000 148.8
1900010 148.8
1900020 149.0
1900030 149.5
1900040 149.5
1900050 149.8
1900060 150.2
1900070 150.2
1900080 150.4
1900090 150.5
1900100 150.5
1900110 150.3
1900120 150.2
1900130 150.2
1900140 150.1
1900150 150.2
1900160 150.2
1900170 150.3
1900180 150.5
1900190 150.5
1900200 150.6
1900210 150.6
1900220 150.6
1900230 150.6
1900240 150.6
1900250 150.6
1900260 150.6
1900270 150.3
1900280 150.3
1900290 150.0
1900300 149.5
1900310 149.5
1900320 148.9
1900330 148.3
1900340 148.3
1900350 147.5
1900360 146.8
1900370 146.8
1900380 146.3
1900390 146.0
1900400 146.0
1900410 146.0
1900420 146.1
1900430 146.1
1900440 146.1
1900450 146.8
1900460 146.8
1900470 146.7
1900480 146.4
1900490 146.4
1900500 145.9
1900510 145.3
1900520 145.3
1900530 144.6
1900540 143.9
1900550 143.9
1900560 143.1
1900570 142.3
1900580 141.5
1900590 141.5
1900600 141.0
1900610 140.7
1900620 140.7
1900630 140.7
1900640 140.9
1900650 140.9
1900660 141.1
1900670 141.0
1900680 141.0
1900690 140.8
1900700 140.4
1900710 140.4
1900720 139.8
1900730 139.2
1900740 139.2
1900750 138.5
1900760 138.6
1900770 138.6
1900780 138.3
1900790 138.1
1900800 138.1
1900810 137.7
1900820 137.3
1900830 137.3
1900840 136.9
1900850 136.6
1900860 136.6
1900870 136.1
1900880 135.7
1900890 135.7
1900900 135.3
1900910 135.0
1900920 135.0
1900930 134.9
1900940 134.7
1900950 134.7
1900960 134.4
1900970 134.0
1900980 134.0
1900990 133.6
1901000 133.2
1901010 133.2
1901020 132.7
1901030 132.3
1901040 132.3
1901050 131.9
1901060 131.6
1901070 131.6
1901080 131.4
1901090 131.1
1901100 131.1
1901110 130.8
1901120 130.5
1901130 130.5
1901140 130.4
1901150 130.2
1901160 130.2
1901170 130.0
1901180 129.8
1901190 129.8
1901200 129.6
1901210 129.5
1901220 129.5
1901230 129.4
1901240 129.2
1901250 129.2
1901260 129.1
1901270 129.0
1901280 129.0
1901290 128.9
1901300 128.8
1901310 128.8
1901320 128.7
1901330 128.5
1901340 128.5
1901350 128.3
1901360 128.2
1901370 128.2
1901380 127.9
1901390 127.8
1901400 127.7
1901410 127.7
1901420 127.6
1901430 127.5
1901440 127.5
1901450 127.5
1901460 127.4
1901470 127.4
1901480 127.4
1901490 127.3
1901500 127.3
1901510 127.2
1901520 127.1
1901530 127.1
1901540 127.0
1901550 127.0
1901560 127.0
1901570 127.0
1901580 127.0
1901590 127.0
1901600 127.0
1901610 127.1
1901620 127.1
1901630 127.1
1901640 127.1
1901650 127.1
1901660 127.1
1901670 127.2
1901680 127.2
1901690 127.3
1901700 127.3
1901710 127.3
1901720 127.3
1901730 127.4
1901740 127.4
1901750 127.4
1901760 127.4
1901770 127.4
1901780 127.4
1901790 127.3
1901800 127.3
1901810 127.3
1901820 127.3
1901830 127.3
1901840 127.3
1901850 127.3
1901860 127.3
1901870 127.3
1901880 127.2
1901890 127.2
1901900 127.1
1901910 127.0
1901920 127.0
1901930 127.0
1901940 127.0
1901950 127.0
1901960 126.9
1901970 126.9
1901980 126.9
1901990 126.8
1902000 126.8
1902010 126.8
1902020 126.8
1902030 126.8
1902040 126.8
1902050 126.8
1902060 126.9
1902070 126.9
1902080 127.0
1902090 127.0
1902100 127.0
1902110 127.0
1902120 127.0
1902130 127.0
1902140 127.0
1902150 127.0
1902160 127.0
1902170 127.1
1902180 127.0
1902190 127.0
1902200 127.0
1902210 126.9
1902220 126.9
1902230 126.8
1902240 126.8
1902250 126.8
1902260 126.8
1902270 126.8
1902280 126.8
1902290 126.8
1902300 126.9
1902310 126.9
1902320 126.9
1902330 126.9
1902340 126.9
1902350 126.9
1902360 127.0
1902370 127.0
1902380 127.0
1902390 127.0
1902400 127.0
1902410 127.0
1902420 127.2
1902430 127.2
1902440 127.2
1902450 127.2
1902460 127.2
1902470 127.2
1902480 127.0
1902490 126.8
1902500 126.8
1902510 126.7
1902520 126.7
1902530 126.7
1902540 126.6
1902550 126.6
1902560 126.6
1902570 126.5
1902580 126.4
1902590 126.4
1902600 126.3
1902610 126.2
1902620 126.2
1902630 126.0
1902640 125.9
1902650 125.9
1902660 125.8
1902670 125.7
1902680 125.7
1902690 125.7
1902700 125.7
1902710 125.7
1902720 125.8
1902730 125.9
1902740 125.9
1902750 125.9
1902760 125.9
1902770 125.9
1902780 125.9
1902790 125.9
1902800 125.9
1902810 126.0
1902820 126.2
1902830 126.2
1902840 126.7
1902850 127.2
1902860 127.2
1902870 127.7
1902880 128.0
1902890 128.0
1902900 128.2
1902910 128.3
1902920 128.2
1902930 128.3
1902940 128.3
1902950 128.3
1902960 128.3
1902970 128.4
1902980 128.4
1902990 128.4
1903000 128.4
1903010 128.4
1903020 128.4
1903030 128.6
1903040 128.6
1903050 128.6
1903060 128.7
1903070 128.7
1903080 128.7
1903090 128.6
1903100 128.6
1903110 128.6
1903120 128.6
1903130 128.6
1903140 128.6
1903150 128.6
1903160 128.5
1903170 128.5
1903180 128.4
1903190 128.4
1903200 128.4
1903210 128.4
1903220 128.3
1903230 128.3
1903240 128.2
1903250 128.1
1903260 128.1
1903270 127.9
1903280 127.8
1903290 127.8
1903300 127.6
1903310 127.4
1903320 127.4
1903330 127.2
1903340 127.1
1903350 127.1
1903360 127.0
1903370 127.0
1903380 127.0
1903390 126.9
1903400 126.8
1903410 126.8
1903420 126.8
1903430 126.7
1903440 126.7
1903450 126.6
1903460 126.6
1903470 126.6
1903480 126.6
1903490 126.7
1903500 126.7
1903510 126.7
1903520 126.8
1903530 126.8
1903540 127.1
1903550 127.2
1903560 127.2
1903570 127.1
1903580 127.0
1903590 127.0
1903600 126.8
1903610 126.7
1903620 126.7
1903630 126.6
1903640 126.5
1903650 126.5
1903660 126.4
1903670 126.4
1903680 126.4
1903690 126.4
1903700 126.4
1903710 126.4
1903720 126.4
1903730 126.5
1903740 126.5
1903750 126.5
1903760 126.4
1903770 126.4
1903780 126.3
1903790 126.3
1903800 126.3
1903810 126.3
1903820 126.2
1903830 126.2
1903840 126.0
1903850 125.9
1903860 125.9
1903870 125.8
1903880 125.7
1903890 125.7
1903900 125.7
1903910 125.6
1903920 125.7
1903930 125.7
1903940 125.6
1903950 125.6
1903960 125.6
1903970 125.6
1903980 125.7
1903990 125.7
1904000 125.7
1904010 125.7
1904020 125.7
1904030 125.6
1904040 125.6
1904050 125.6
1904060 125.7
1904070 125.6
1904080 125.6
1904090 125.6
1904100 125.6
1904110 125.6
1904120 125.7
1904130 125.7
1904140 125.7
1904150 125.7
1904160 125.8
1904170 125.8
1904180 125.8
1904190 125.8
1904200 125.8
1904210 125.8
1904220 125.8
1904230 125.8
1904240 125.8
1904250 125.9
1904260 125.9
1904270 125.9
1904280 126.0
1904290 126.0
1904300 126.1
1904310 126.2
1904320 126.2
1904330 126.3
1904340 126.5
1904350 126.5
1904360 126.7
1904370 126.7
1904380 126.7
1904390 126.7
1904400 126.7
1904410 126.7
1904420 126.5
1904430 126.3
1904440 126.3
1904450 126.3
1904460 126.4
1904470 126.4
1904480 126.4
1904490 126.5
1904500 126.5
1904510 126.6
1904520 126.5
1904530 126.5
1904540 126.5
1904550 126.4
1904560 126.4
1904570 126.4
1904580 126.4
1904590 126.4
1904600 126.4
1904610 126.3
1904620 126.3
1904630 126.3
