1900000 150.2
1900010 150.2
1900020 150.2
1900030 150.1
1900040 149.9
1900050 149.9
1900060 150.0
1900070 150.4
1900080 150.4
1900090 150.8
1900100 151.1
1900110 151.2
1900120 151.2
1900130 151.2
1900140 151.3
1900150 151.3
1900160 151.2
1900170 151.1
1900180 151.1
1900190 151.1
1900200 151.1
1900210 151.1
1900220 151.1
1900230 151.1
1900240 151.1
1900250 151.2
1900260 151.3
1900270 151.3
1900280 151.4
1900290 151.6
1900300 151.6
1900310 151.7
1900320 151.5
1900330 151.5
1900340 151.4
1900350 151.2
1900360 151.2
1900370 150.3
1900380 149.6
1900390 149.6
1900400 148.9
1900410 148.7
1900420 148.7
1900430 148.6
1900440 149.3
1900450 149.3
1900460 149.2
1900470 149.3
1900480 149.3
1900490 149.5
1900500 149.6
1900510 149.6
1900520 149.2
1900530 147.9
1900540 147.9
1900550 147.2
1900560 146.7
1900570 146.7
1900580 146.3
1900590 146.1
1900600 146.1
1900610 146.1
1900620 145.9
1900630 145.9
1900640 145.5
1900650 145.2
1900660 145.2
1900670 144.7
1900680 144.2
1900690 144.2
1900700 143.8
1900710 143.6
1900720 143.6
1900730 143.3
1900740 143.0
1900750 143.4
1900760 142.9
1900770 142.5
1900780 142.5
1900790 141.9
1900800 141.4
1900810 141.4
1900820 140.7
1900830 140.2
1900840 140.2
1900850 139.6
1900860 139.0
1900870 139.0
1900880 138.4
1900890 137.8
1900900 137.8
1900910 137.1
1900920 136.5
1900930 136.5
1900940 135.9
1900950 135.3
1900960 135.0
1900970 135.0
1900980 134.2
1900990 133.7
1901000 133.7
1901010 133.2
1901020 132.8
1901030 132.8
1901040 132.5
1901050 132.2
1901060 132.3
1901070 132.0
1901080 131.7
1901090 131.7
1901100 131.4
1901110 131.2
1901120 131.2
1901130 131.0
1901140 130.7
1901150 130.7
1901160 130.5
1901170 130.4
1901180 130.4
1901190 130.2
1901200 130.0
1901210 130.0
1901220 129.8
1901230 129.7
1901240 129.7
1901250 129.6
1901260 129.5
1901270 129.5
1901280 129.3
1901290 129.2
1901300 129.2
1901310 129.0
1901320 128.9
1901330 128.9
1901340 128.8
1901350 128.6
1901360 128.6
1901370 128.6
1901380 128.5
1901390 128.5
1901400 128.3
1901410 128.2
1901420 128.2
1901430 127.9
1901440 127.7
1901450 127.7
1901460 127.4
1901470 127.1
1901480 127.1
1901490 126.9
1901500 126.8
1901510 126.8
1901520 126.8
1901530 126.8
1901540 126.8
1901550 126.9
1901560 127.1
1901570 127.1
1901580 127.3
1901590 127.6
1901600 127.6
1901610 127.9
1901620 128.1
1901630 128.1
1901640 128.2
1901650 128.1
1901660 128.1
1901670 128.0
1901680 128.1
1901690 128.1
1901700 127.9
1901710 127.8
1901720 127.8
1901730 127.7
1901740 127.6
1901750 127.6
1901760 127.6
1901770 127.5
1901780 127.5
1901790 127.5
1901800 127.4
1901810 127.4
1901820 127.4
1901830 127.4
1901840 127.4
1901850 127.4
1901860 127.4
1901870 127.4
1901880 127.4
1901890 127.4
1901900 127.4
1901910 127.4
1901920 127.4
1901930 127.3
1901940 127.3
1901950 127.3
1901960 127.2
1901970 127.2
1901980 127.1
1901990 127.1
1902000 127.1
1902010 127.1
1902020 127.1
1902030 127.1
1902040 127.0
1902050 127.1
1902060 127.1
1902070 127.1
1902080 127.2
1902090 127.2
1902100 127.2
1902110 127.2
1902120 127.2
1902130 127.3
1902140 127.3
1902150 127.3
1902160 127.2
1902170 127.2
1902180 127.2
1902190 127.2
1902200 127.2
1902210 127.2
1902220 127.2
1902230 127.2
1902240 127.2
1902250 127.3
1902260 127.2
1902270 127.2
1902280 127.2
1902290 127.1
1902300 127.2
1902310 127.1
1902320 127.0
1902330 127.0
1902340 126.9
1902350 126.9
1902360 126.9
1902370 126.9
1902380 127.0
1902390 127.0
1902400 127.1
1902410 127.2
1902420 127.2
1902430 127.1
1902440 127.0
1902450 127.0
1902460 127.0
1902470 127.0
1902480 127.0
1902490 126.9
1902500 126.9
1902510 126.9
1902520 126.7
1902530 126.5
1902540 126.5
1902550 126.4
1902560 126.3
1902570 126.3
1902580 126.2
1902590 126.1
1902600 126.0
1902610 126.0
1902620 126.0
1902630 126.0
1902640 126.0
1902650 126.0
1902660 125.9
1902670 125.9
1902680 126.1
1902690 126.2
1902700 126.2
1902710 126.4
1902720 126.6
1902730 126.6
1902740 126.7
1902750 126.7
1902760 126.7
1902770 126.8
1902780 126.9
1902790 126.9
1902800 126.9
1902810 126.9
1902820 126.9
1902830 126.9
1902840 127.0
1902850 127.0
1902860 127.1
1902870 127.2
1902880 127.2
1902890 127.4
1902900 127.6
1902910 127.6
1902920 127.8
1902930 128.0
1902940 128.0
1902950 128.2
1902960 128.3
1902970 128.3
1902980 128.3
1902990 128.4
1903000 128.4
1903010 128.4
1903020 128.4
1903030 128.4
1903040 128.3
1903050 128.3
1903060 128.3
1903070 128.2
1903080 128.2
1903090 128.2
1903100 128.0
1903110 127.9
1903120 127.9
1903130 127.9
1903140 127.9
1903150 127.9
1903160 127.9
1903170 127.8
1903180 127.8
1903190 127.6
1903200 127.5
1903210 127.5
1903220 127.5
1903230 127.5
1903240 127.5
1903250 127.4
1903260 127.3
1903270 127.3
1903280 127.2
1903290 127.1
1903300 127.1
1903310 126.9
1903320 126.8
1903330 126.8
1903340 126.8
1903350 126.8
1903360 126.8
1903370 126.8
1903380 126.8
1903390 126.8
1903400 126.8
1903410 127.0
1903420 127.0
1903430 127.2
1903440 127.1
1903450 127.1
1903460 127.2
1903470 127.1
1903480 127.0
1903490 127.0
1903500 127.0
1903510 126.9
1903520 126.9
1903530 126.7
1903540 126.7
1903550 126.7
1903560 126.7
1903570 126.6
1903580 126.6
1903590 126.4
1903600 126.3
1903610 126.3
1903620 126.2
1903630 126.1
1903640 126.1
1903650 126.1
1903660 126.1
1903670 126.1
1903680 126.2
1903690 126.1
1903700 126.1
1903710 126.1
1903720 126.0
1903730 126.0
1903740 126.0
1903750 126.0
1903760 126.0
1903770 126.0
1903780 126.0
1903790 126.0
1903800 126.0
1903810 125.9
1903820 125.9
1903830 125.9
1903840 126.0
1903850 126.0
1903860 126.0
1903870 125.9
1903880 125.9
1903890 125.9
1903900 125.9
1903910 125.9
1903920 125.9
1903930 125.9
1903940 125.9
1903950 125.8
1903960 125.8
1903970 125.8
1903980 125.9
1903990 125.9
1904000 125.9
1904010 125.9
1904020 125.8
1904030 125.8
1904040 125.9
1904050 125.8
1904060 125.8
1904070 125.8
1904080 125.8
1904090 125.8
1904100 125.8
1904110 125.8
1904120 125.8
1904130 125.8
1904140 125.9
1904150 125.9
1904160 126.0
1904170 126.0
1904180 126.0
1904190 126.0
1904200 126.1
1904210 126.1
1904220 126.1
1904230 126.2
1904240 126.2
1904250 126.3
1904260 126.3
1904270 126.3
1904280 126.4
1904290 126.4
1904300 126.4
1904310 126.4
1904320 126.4
1904330 126.3
1904340 126.3
1904350 126.3
1904360 126.3
1904370 126.3
1904380 126.2
1904390 126.2
1904400 126.2
1904410 126.2
1904420 126.2
1904430 126.2
1904440 126.3
1904450 126.4
1904460 126.4
1904470 126.4
1904480 126.5
1904490 126.5
1904500 126.5
1904510 126.5
1904520 126.5
1904530 126.6
1904540 126.6
1904550 126.6
1904560 126.6
1904570 126.5
1904580 126.5
1904590 126.6
1904600 126.7
1904610 126.7
1904620 126.8
1904630 126.8
1904640 126.8
1904650 126.7
1904660 126.7
1904670 126.7
1904680 126.7
1904690 126.7
1904700 126.7
1904710 126.6
