1900000 152.8
1900010 152.7
1900020 152.8
1900030 152.8
1900040 153.0
1900050 153.1
1900060 153.1
1900070 153.3
1900080 153.3
1900090 153.3
1900100 153.3
1900110 153.2
1900120 153.3
1900130 153.3
1900140 153.3
1900150 153.3
1900160 153.3
1900170 153.3
1900180 153.3
1900190 153.1
1900200 153.0
1900210 153.0
1900220 152.9
1900230 152.9
1900240 152.9
1900250 152.9
1900260 152.8
1900270 152.8
1900280 152.8
1900290 152.8
1900300 152.8
1900310 152.8
1900320 152.7
1900330 152.7
1900340 152.7
1900350 152.7
1900360 152.7
1900370 152.7
1900380 152.6
1900390 152.6
1900400 152.6
1900410 152.4
1900420 152.4
1900430 152.5
1900440 152.7
1900450 153.4
1900460 153.4
1900470 153.2
1900480 152.4
1900490 152.4
1900500 152.1
1900510 152.0
1900520 152.0
1900530 151.9
1900540 151.7
1900550 151.7
1900560 151.4
1900570 151.2
1900580 151.2
1900590 151.0
1900600 150.8
1900610 150.8
1900620 150.2
1900630 149.6
1900640 149.6
1900650 149.3
1900660 148.8
1900670 148.8
1900680 148.4
1900690 147.7
1900700 147.7
1900710 147.0
1900720 146.1
1900730 146.1
1900740 144.6
1900750 143.6
1900760 143.6
1900770 142.6
1900780 141.6
1900790 141.6
1900800 140.8
1900810 139.9
1900820 139.9
1900830 139.1
1900840 138.3
1900850 138.3
1900860 137.8
1900870 137.3
1900880 137.3
1900890 136.9
1900900 136.5
1900910 136.5
1900920 136.2
1900930 135.9
1900940 135.9
1900950 135.6
1900960 135.2
1900970 135.2
1900980 135.0
1900990 134.7
1901000 134.7
1901010 134.8
1901020 134.2
1901030 134.2
1901040 133.9
1901050 134.0
1901060 134.0
1901070 133.9
1901080 133.7
1901090 133.7
1901100 133.5
1901110 133.3
1901120 133.3
1901130 133.0
1901140 132.6
1901150 132.6
1901160 132.1
1901170 131.7
1901180 131.7
1901190 131.2
1901200 130.8
1901210 130.4
1901220 130.4
1901230 130.1
1901240 129.8
1901250 129.8
1901260 129.5
1901270 129.3
1901280 129.3
1901290 129.1
1901300 128.9
1901310 128.9
1901320 128.8
1901330 128.7
1901340 128.7
1901350 128.5
1901360 128.4
1901370 128.4
1901380 128.2
1901390 128.0
1901400 128.0
1901410 127.7
1901420 127.4
1901430 127.4
1901440 127.2
1901450 127.0
1901460 127.0
1901470 126.8
1901480 126.7
1901490 126.7
1901500 126.6
1901510 126.6
1901520 126.6
1901530 126.5
1901540 126.6
1901550 126.6
1901560 126.6
1901570 126.8
1901580 126.8
1901590 127.1
1901600 127.5
1901610 127.5
1901620 128.0
1901630 128.3
1901640 128.3
1901650 128.6
1901660 128.7
1901670 128.7
1901680 128.8
1901690 128.8
1901700 128.8
1901710 128.8
1901720 128.7
1901730 128.7
1901740 128.6
1901750 128.6
1901760 128.6
1901770 128.5
1901780 128.5
1901790 128.5
1901800 128.5
1901810 128.4
1901820 128.4
1901830 128.3
1901840 128.2
1901850 128.2
1901860 128.0
1901870 127.8
1901880 127.8
1901890 127.7
1901900 127.5
1901910 127.5
1901920 127.4
1901930 127.4
1901940 127.4
1901950 127.5
1901960 127.5
1901970 127.6
1901980 127.6
1901990 127.6
1902000 127.6
1902010 127.6
1902020 127.7
1902030 127.7
1902040 127.7
1902050 127.7
1902060 127.6
1902070 127.6
1902080 127.5
1902090 127.5
1902100 127.5
1902110 127.4
1902120 127.4
1902130 127.4
1902140 127.3
1902150 127.2
1902160 127.2
1902170 127.2
1902180 127.1
1902190 127.1
1902200 127.1
1902210 127.0
1902220 127.0
1902230 127.0
1902240 127.1
1902250 127.1
1902260 127.1
1902270 127.1
1902280 127.2
1902290 127.2
1902300 127.2
1902310 127.2
1902320 127.2
1902330 127.2
1902340 127.2
1902350 127.2
1902360 127.2
1902370 127.2
1902380 127.2
1902390 127.3
1902400 127.3
1902410 127.2
1902420 127.1
1902430 127.1
1902440 126.9
1902450 126.7
1902460 126.7
1902470 126.5
1902480 126.4
1902490 126.4
1902500 126.4
1902510 126.4
1902520 126.4
1902530 126.3
1902540 126.3
1902550 126.3
1902560 126.3
1902570 126.3
1902580 126.3
1902590 126.2
1902600 126.2
1902610 126.2
1902620 126.3
1902630 126.5
1902640 126.5
1902650 126.7
1902660 126.9
1902670 126.9
1902680 127.0
1902690 127.0
1902700 127.0
1902710 127.2
1902720 127.2
1902730 127.2
1902740 127.2
1902750 127.2
1902760 127.2
1902770 127.2
1902780 127.2
1902790 127.2
1902800 127.2
1902810 127.1
1902820 127.1
1902830 127.0
1902840 127.0
1902850 127.0
1902860 127.0
1902870 127.0
1902880 127.0
1902890 127.0
1902900 126.9
1902910 126.9
1902920 126.9
1902930 127.0
1902940 127.2
1902950 127.2
1902960 127.3
1902970 127.5
1902980 127.5
1902990 127.8
1903000 128.1
1903010 128.1
1903020 128.5
1903030 128.5
1903040 128.5
1903050 128.3
1903060 128.3
1903070 128.3
1903080 128.3
1903090 128.2
1903100 128.2
1903110 128.2
1903120 128.1
1903130 128.1
1903140 128.1
1903150 128.1
1903160 128.1
1903170 128.0
1903180 127.9
1903190 127.9
1903200 127.9
1903210 127.9
1903220 127.9
1903230 127.8
1903240 127.7
1903250 127.7
1903260 127.6
1903270 127.4
1903280 127.4
1903290 127.4
1903300 127.4
1903310 127.4
1903320 127.5
1903330 127.4
1903340 127.4
1903350 127.3
1903360 127.3
1903370 127.3
1903380 127.2
1903390 127.1
1903400 127.1
1903410 127.0
1903420 126.8
1903430 126.8
1903440 126.7
1903450 126.6
1903460 126.6
1903470 126.6
1903480 126.6
1903490 126.6
1903500 126.6
1903510 126.5
1903520 126.5
1903530 126.5
1903540 126.5
1903550 126.5
1903560 126.3
1903570 126.2
1903580 126.2
1903590 126.2
1903600 126.1
1903610 126.1
1903620 126.1
1903630 126.0
1903640 126.0
1903650 126.0
1903660 126.0
1903670 126.0
1903680 126.2
1903690 126.3
1903700 126.3
1903710 126.3
1903720 126.4
1903730 126.4
1903740 126.4
1903750 126.3
1903760 126.3
1903770 126.3
1903780 126.4
1903790 126.5
1903800 126.5
1903810 126.6
1903820 126.6
1903830 126.6
1903840 126.8
1903850 126.8
1903860 126.8
1903870 126.9
1903880 127.0
1903890 127.0
1903900 127.0
1903910 127.0
1903920 127.0
1903930 126.9
1903940 127.0
1903950 127.0
1903960 127.0
1903970 127.0
1903980 127.0
1903990 127.0
1904000 127.0
1904010 127.0
1904020 127.0
1904030 126.9
1904040 126.9
1904050 126.8
1904060 126.7
1904070 126.7
1904080 126.6
1904090 126.6
1904100 126.6
1904110 126.5
1904120 126.4
1904130 126.4
1904140 126.4
1904150 126.3
1904160 126.3
1904170 126.3
1904180 126.3
1904190 126.3
1904200 126.3
1904210 126.4
1904220 126.4
1904230 126.4
1904240 126.4
1904250 126.4
1904260 126.5
1904270 126.5
1904280 126.5
1904290 126.5
1904300 126.5
1904310 126.5
1904320 126.5
1904330 126.4
1904340 126.4
1904350 126.5
1904360 126.6
1904370 126.6
1904380 126.5
1904390 126.5
1904400 126.5
1904410 126.6
1904420 126.6
1904430 126.6
1904440 126.8
1904450 126.8
1904460 126.8
1904470 126.9
1904480 126.9
1904490 126.9
1904500 127.0
1904510 127.1
1904520 127.1
1904530 127.0
1904540 126.9
1904550 126.9
1904560 126.9
1904570 126.9
1904580 126.9
1904590 126.9
1904600 126.9
1904610 126.8
1904620 126.8
1904630 126.8
1904640 126.8
1904650 126.8
1904660 126.7
1904670 126.7
1904680 126.7
1904690 126.6
1904700 126.7
1904710 126.7
1904720 126.8
1904730 126.7
1904740 126.8
1904750 126.7
