1900000 143.5
1900010 143.5
1900020 142.0
1900030 140.6
1900040 140.6
1900050 139.3
1900060 138.4
1900070 138.4
1900080 137.7
1900090 137.2
1900100 137.2
1900110 137.1
1900120 137.4
1900130 137.4
1900140 137.6
1900150 137.9
1900160 137.9
1900170 138.2
1900180 138.4
1900190 138.4
1900200 138.6
1900210 138.9
1900220 138.9
1900230 139.0
1900240 139.1
1900250 139.1
1900260 139.8
1900270 139.5
1900280 139.3
1900290 139.3
1900300 139.1
1900310 138.8
1900320 138.8
1900330 138.5
1900340 138.2
1900350 138.2
1900360 137.8
1900370 137.5
1900380 137.5
1900390 137.3
1900400 137.1
1900410 137.1
1900420 136.9
1900430 136.7
1900440 136.7
1900450 136.5
1900460 136.2
1900470 136.2
1900480 135.9
1900490 135.6
1900500 135.6
1900510 135.3
1900520 135.2
1900530 135.2
1900540 135.0
1900550 134.9
1900560 134.9
1900570 135.1
1900580 134.9
1900590 134.9
1900600 134.8
1900610 134.9
1900620 134.9
1900630 135.2
1900640 135.0
1900650 135.0
1900660 135.0
1900670 135.3
1900680 135.3
1900690 135.5
1900700 135.4
1900710 135.4
1900720 135.1
1900730 134.7
1900740 134.7
1900750 134.2
1900760 133.7
1900770 133.7
1900780 133.2
1900790 132.9
1900800 132.9
1900810 132.5
1900820 132.2
1900830 132.2
1900840 131.8
1900850 131.4
1900860 131.4
1900870 131.2
1900880 131.2
1900890 131.2
1900900 131.0
1900910 130.7
1900920 130.7
1900930 130.4
1900940 130.3
1900950 130.3
1900960 130.2
1900970 130.0
1900980 130.0
1900990 129.8
1901000 129.6
1901010 129.6
1901020 129.5
1901030 129.3
1901040 129.3
1901050 129.2
1901060 129.0
1901070 129.0
1901080 128.9
1901090 128.8
1901100 128.7
1901110 128.7
1901120 128.6
1901130 128.4
1901140 128.4
1901150 128.3
1901160 128.2
1901170 128.2
1901180 128.1
1901190 127.9
1901200 127.9
1901210 127.7
1901220 127.6
1901230 127.6
1901240 127.5
1901250 127.3
1901260 127.3
1901270 127.2
1901280 127.1
1901290 127.1
1901300 127.0
1901310 126.9
1901320 126.9
1901330 126.9
1901340 126.9
1901350 126.9
1901360 126.9
1901370 127.0
1901380 127.0
1901390 127.0
1901400 127.0
1901410 127.0
1901420 127.1
1901430 127.1
1901440 127.1
1901450 127.1
1901460 127.0
1901470 127.0
1901480 126.8
1901490 126.6
1901500 126.6
1901510 126.5
1901520 126.5
1901530 126.5
1901540 126.4
1901550 126.4
1901560 126.4
1901570 126.4
1901580 126.4
1901590 126.4
1901600 126.3
1901610 126.3
1901620 126.3
1901630 126.3
1901640 126.3
1901650 126.3
1901660 126.2
1901670 126.2
1901680 126.2
1901690 126.2
1901700 126.2
1901710 126.2
1901720 126.1
1901730 126.1
1901740 126.1
1901750 126.1
1901760 126.2
1901770 126.2
1901780 126.3
1901790 126.3
1901800 126.3
1901810 126.6
1901820 126.6
1901830 126.6
1901840 126.7
1901850 126.7
1901860 126.7
1901870 126.8
1901880 126.7
1901890 126.7
1901900 126.6
1901910 126.5
1901920 126.4
1901930 126.4
1901940 126.4
1901950 126.3
1901960 126.3
1901970 126.4
1901980 126.2
1901990 126.2
1902000 126.1
1902010 126.0
1902020 126.0
1902030 126.1
1902040 126.3
1902050 126.3
1902060 126.4
1902070 126.5
1902080 126.5
1902090 126.8
1902100 127.0
1902110 127.0
1902120 127.0
1902130 127.1
1902140 127.1
1902150 127.1
1902160 127.0
1902170 127.0
1902180 127.0
1902190 126.9
1902200 126.9
1902210 126.9
1902220 126.9
1902230 126.9
1902240 126.9
1902250 126.9
1902260 126.9
1902270 126.8
1902280 126.8
1902290 126.8
1902300 126.8
1902310 126.7
1902320 126.7
1902330 126.7
1902340 126.8
1902350 126.8
1902360 126.8
1902370 126.9
1902380 126.9
1902390 127.0
1902400 127.0
1902410 127.0
1902420 127.0
1902430 127.0
1902440 127.0
1902450 127.0
1902460 126.9
1902470 126.9
1902480 126.9
1902490 127.0
1902500 127.0
1902510 127.0
1902520 126.9
1902530 126.9
1902540 126.8
1902550 126.8
1902560 126.8
1902570 126.7
1902580 126.7
1902590 126.7
1902600 126.6
1902610 126.5
1902620 126.5
1902630 126.5
1902640 126.4
1902650 126.4
1902660 126.4
1902670 126.3
1902680 126.3
1902690 126.3
1902700 126.2
1902710 126.2
1902720 126.0
1902730 125.8
1902740 125.6
1902750 125.6
1902760 125.7
1902770 125.8
1902780 125.8
1902790 126.0
1902800 126.2
1902810 126.2
1902820 126.4
1902830 126.8
1902840 126.8
1902850 127.2
1902860 127.5
1902870 127.5
1902880 127.6
1902890 127.6
1902900 127.6
1902910 127.6
1902920 127.6
1902930 127.6
1902940 127.6
1902950 127.5
1902960 127.5
1902970 127.4
1902980 127.2
1902990 127.2
1903000 127.2
1903010 127.2
1903020 127.2
1903030 127.2
1903040 127.3
1903050 127.3
1903060 127.4
1903070 127.4
1903080 127.4
1903090 127.5
1903100 127.5
1903110 127.5
1903120 127.5
1903130 127.4
1903140 127.4
1903150 127.4
1903160 127.4
1903170 127.4
1903180 127.3
1903190 127.3
1903200 127.3
1903210 127.3
1903220 127.4
1903230 127.4
1903240 127.4
1903250 127.4
1903260 127.4
1903270 127.6
1903280 127.7
1903290 127.7
1903300 127.7
1903310 127.7
1903320 127.7
1903330 127.7
1903340 127.6
1903350 127.7
1903360 127.5
1903370 127.2
1903380 127.2
1903390 127.0
1903400 126.7
1903410 126.7
1903420 126.6
1903430 126.5
1903440 126.5
1903450 126.5
1903460 126.6
1903470 126.6
1903480 126.6
1903490 126.7
1903500 126.7
1903510 126.8
1903520 126.8
1903530 126.8
1903540 126.7
1903550 126.7
1903560 126.7
1903570 126.7
1903580 126.7
1903590 126.8
1903600 126.8
1903610 126.8
1903620 126.9
1903630 126.9
1903640 127.0
1903650 127.0
1903660 126.9
1903670 126.9
1903680 126.9
1903690 126.9
1903700 126.9
1903710 126.9
1903720 126.9
1903730 126.8
1903740 126.6
1903750 126.6
1903760 126.5
1903770 126.4
1903780 126.4
1903790 126.4
1903800 126.4
1903810 126.4
1903820 126.4
1903830 126.3
1903840 126.3
1903850 126.4
1903860 126.4
1903870 126.4
1903880 126.4
1903890 126.3
1903900 126.3
1903910 126.3
1903920 126.2
1903930 126.2
1903940 126.2
1903950 126.2
1903960 126.2
1903970 126.4
1903980 126.4
1903990 126.4
1904000 126.3
1904010 126.2
1904020 126.2
1904030 126.2
1904040 126.2
1904050 126.2
1904060 126.3
1904070 126.3
1904080 126.3
1904090 126.3
1904100 126.3
1904110 126.3
1904120 126.2
1904130 126.3
1904140 126.3
1904150 126.4
1904160 126.5
1904170 126.5
1904180 126.4
1904190 126.5
1904200 126.5
1904210 126.6
1904220 126.6
1904230 126.6
1904240 126.6
1904250 126.7
1904260 126.7
1904270 126.8
1904280 126.8
1904290 126.8
1904300 126.8
1904310 126.8
1904320 126.8
1904330 126.9
1904340 126.9
1904350 126.9
1904360 127.0
1904370 127.0
1904380 127.0
1904390 127.0
1904400 126.9
1904410 126.9
1904420 126.9
1904430 126.9
1904440 126.8
1904450 126.8
1904460 126.8
1904470 126.8
1904480 126.8
1904490 126.8
1904500 126.7
1904510 126.7
