1900000 140.7
1900010 141.4
1900020 142.8
1900030 142.8
1900040 144.3
1900050 146.1
1900060 146.1
1900070 146.5
1900080 146.8
1900090 146.8
1900100 147.2
1900110 147.5
1900120 147.5
1900130 147.6
1900140 147.7
1900150 147.7
1900160 147.6
1900170 147.3
1900180 147.3
1900190 146.8
1900200 146.3
1900210 146.3
1900220 145.8
1900230 145.4
1900240 145.4
1900250 145.0
1900260 144.7
1900270 144.7
1900280 144.5
1900290 144.2
1900300 144.2
1900310 143.9
1900320 143.6
1900330 143.6
1900340 143.3
1900350 142.8
1900360 143.3
1900370 142.9
1900380 142.4
1900390 142.4
1900400 142.2
1900410 142.1
1900420 142.1
1900430 142.0
1900440 141.8
1900450 141.8
1900460 141.5
1900470 140.9
1900480 140.9
1900490 140.4
1900500 139.7
1900510 139.7
1900520 139.2
1900530 138.9
1900540 138.9
1900550 138.7
1900560 138.7
1900570 138.7
1900580 138.8
1900590 138.9
1900600 138.9
1900610 138.8
1900620 138.7
1900630 138.7
1900640 138.4
1900650 138.2
1900660 138.2
1900670 138.2
1900680 137.7
1900690 137.7
1900700 137.1
1900710 136.5
1900720 136.0
1900730 136.0
1900740 135.9
1900750 134.9
1900760 134.9
1900770 134.2
1900780 133.8
1900790 133.8
1900800 133.5
1900810 133.2
1900820 133.2
1900830 133.0
1900840 132.8
1900850 132.8
1900860 132.6
1900870 132.4
1900880 132.4
1900890 132.2
1900900 132.0
1900910 132.0
1900920 131.8
1900930 131.6
1900940 131.6
1900950 131.3
1900960 131.1
1900970 131.1
1900980 131.0
1900990 130.8
1901000 130.8
1901010 130.6
1901020 130.4
1901030 130.4
1901040 130.1
1901050 129.9
1901060 129.9
1901070 129.7
1901080 129.5
1901090 129.5
1901100 129.4
1901110 129.3
1901120 129.3
1901130 129.1
1901140 129.0
1901150 129.0
1901160 128.8
1901170 128.7
1901180 128.7
1901190 128.6
1901200 128.5
1901210 128.5
1901220 128.4
1901230 128.2
1901240 128.2
1901250 128.0
1901260 127.9
1901270 127.9
1901280 127.7
1901290 127.7
1901300 127.7
1901310 127.6
1901320 127.6
1901330 127.6
1901340 127.5
1901350 127.5
1901360 127.5
1901370 127.5
1901380 127.5
1901390 127.5
1901400 127.5
1901410 127.4
1901420 127.4
1901430 127.4
1901440 127.4
1901450 127.4
1901460 127.4
1901470 127.3
1901480 127.3
1901490 127.3
1901500 127.2
1901510 127.2
1901520 127.2
1901530 127.2
1901540 127.2
1901550 127.2
1901560 127.1
1901570 127.1
1901580 127.1
1901590 127.1
1901600 127.2
1901610 127.2
1901620 127.2
1901630 127.1
1901640 127.1
1901650 127.1
1901660 127.0
1901670 127.0
1901680 127.0
1901690 127.0
1901700 127.0
1901710 127.0
1901720 127.0
1901730 127.0
1901740 126.9
1901750 126.9
1901760 126.9
1901770 126.9
1901780 126.9
1901790 126.9
1901800 126.9
1901810 126.9
1901820 126.9
1901830 126.9
1901840 126.9
1901850 126.9
1901860 126.9
1901870 126.9
1901880 126.9
1901890 126.8
1901900 126.8
1901910 126.9
1901920 126.8
1901930 126.8
1901940 126.8
1901950 126.6
1901960 126.5
1901970 126.5
1901980 126.3
1901990 126.2
1902000 126.2
1902010 126.2
1902020 126.1
1902030 126.1
1902040 126.1
1902050 126.1
1902060 126.1
1902070 126.1
1902080 126.1
1902090 126.1
1902100 126.2
1902110 126.3
1902120 126.3
1902130 126.5
1902140 126.8
1902150 126.8
1902160 127.0
1902170 127.2
1902180 127.2
1902190 127.1
1902200 126.9
1902210 127.1
1902220 126.9
1902230 126.9
1902240 126.9
1902250 126.9
1902260 126.9
1902270 126.9
1902280 126.9
1902290 126.9
1902300 126.9
1902310 126.9
1902320 126.9
1902330 126.9
1902340 126.9
1902350 126.9
1902360 126.9
1902370 126.8
1902380 126.8
1902390 126.8
1902400 126.8
1902410 126.9
1902420 127.0
1902430 127.0
1902440 127.0
1902450 127.0
1902460 127.0
1902470 127.1
1902480 127.1
1902490 127.1
1902500 127.0
1902510 126.9
1902520 126.9
1902530 126.8
1902540 126.8
1902550 126.8
1902560 126.7
1902570 126.6
1902580 126.6
1902590 126.5
1902600 126.5
1902610 126.5
1902620 126.4
1902630 126.3
1902640 126.3
1902650 126.2
1902660 126.1
1902670 126.1
1902680 125.9
1902690 125.8
1902700 125.8
1902710 125.7
1902720 125.7
1902730 125.7
1902740 125.7
1902750 125.7
1902760 125.7
1902770 125.7
1902780 125.9
1902790 125.9
1902800 126.1
1902810 126.6
1902820 126.6
1902830 127.1
1902840 127.7
1902850 127.7
1902860 128.1
1902870 128.3
1902880 128.3
1902890 128.5
1902900 128.7
1902910 128.7
1902920 128.7
1902930 128.6
1902940 128.6
1902950 128.6
1902960 128.5
1902970 128.5
1902980 128.5
1902990 128.5
1903000 128.5
1903010 128.4
1903020 128.3
1903030 128.3
1903040 128.3
1903050 128.2
1903060 128.2
1903070 128.2
1903080 128.1
1903090 128.1
1903100 128.0
1903110 128.0
1903120 128.0
1903130 128.0
1903140 128.0
1903150 128.0
1903160 128.0
1903170 127.9
1903180 127.9
1903190 127.9
1903200 127.9
1903210 127.9
1903220 127.9
1903230 127.9
1903240 127.7
1903250 127.7
1903260 127.6
1903270 127.5
1903280 127.5
1903290 127.4
1903300 127.4
1903310 127.4
1903320 127.3
1903330 127.2
1903340 127.2
1903350 127.1
1903360 127.0
1903370 127.0
1903380 126.9
1903390 126.9
1903400 126.9
1903410 126.8
1903420 126.8
1903430 126.8
1903440 126.7
1903450 126.7
1903460 126.7
1903470 126.7
1903480 126.7
1903490 126.7
1903500 126.7
1903510 126.7
1903520 126.7
1903530 126.7
1903540 126.7
1903550 126.7
1903560 126.8
1903570 126.9
1903580 126.9
1903590 127.0
1903600 126.9
1903610 126.9
1903620 126.9
1903630 126.8
1903640 126.8
1903650 126.8
1903660 126.7
1903670 126.7
1903680 126.7
1903690 126.6
1903700 126.6
1903710 126.5
1903720 126.4
1903730 126.4
1903740 126.5
1903750 126.8
1903760 126.8
1903770 126.7
1903780 126.7
1903790 126.7
1903800 126.6
1903810 126.5
1903820 126.5
1903830 126.4
1903840 126.3
1903850 126.3
1903860 126.3
1903870 126.5
1903880 126.5
1903890 126.5
1903900 126.6
1903910 126.6
1903920 126.4
1903930 126.4
1903940 126.4
1903950 126.3
1903960 126.3
1903970 126.3
1903980 126.3
1903990 126.4
1904000 126.4
1904010 126.5
1904020 126.5
1904030 126.5
1904040 126.4
1904050 126.4
1904060 126.1
1904070 126.1
1904080 126.0
1904090 126.0
1904100 126.0
1904110 125.9
1904120 125.9
1904130 125.9
1904140 126.0
1904150 126.0
1904160 126.0
1904170 126.1
1904180 126.2
1904190 126.2
1904200 126.2
1904210 126.2
1904220 126.2
1904230 126.3
1904240 126.6
1904250 126.6
1904260 126.8
1904270 126.9
1904280 126.9
1904290 126.9
1904300 126.9
1904310 126.9
1904320 126.8
1904330 126.8
1904340 126.8
1904350 126.8
1904360 126.8
1904370 126.7
1904380 126.7
1904390 126.6
1904400 126.6
1904410 126.5
1904420 126.4
1904430 126.4
1904440 126.5
1904450 126.6
1904460 126.6
1904470 126.6
1904480 126.7
1904490 126.7
1904500 126.7
1904510 126.7
1904520 126.7
1904530 126.6
1904540 126.5
1904550 126.5
