1900000 154.3
1900010 154.2
1900020 154.2
1900030 154.2
1900040 154.2
1900050 154.2
1900060 154.1
1900070 154.1
1900080 154.1
1900090 154.1
1900100 154.1
1900110 154.1
1900120 154.1
1900130 154.1
1900140 154.1
1900150 154.0
1900160 154.0
1900170 154.0
1900180 153.9
1900190 153.8
1900200 153.8
1900210 153.8
1900220 153.8
1900230 153.8
1900240 153.7
1900250 153.6
1900260 153.6
1900270 153.6
1900280 153.6
1900290 153.6
1900300 153.6
1900310 153.5
1900320 153.5
1900330 153.5
1900340 153.4
1900350 153.3
1900360 153.3
1900370 153.3
1900380 153.2
1900390 153.2
1900400 153.2
1900410 153.2
1900420 153.2
1900430 153.1
1900440 153.1
1900450 153.1
1900460 153.0
1900470 152.9
1900480 152.9
1900490 153.0
1900500 153.0
1900510 153.0
1900520 152.9
1900530 152.7
1900540 152.7
1900550 152.4
1900560 152.1
1900570 152.1
1900580 151.4
1900590 150.2
1900600 150.2
1900610 148.9
1900620 147.5
1900630 147.5
1900640 146.3
1900650 145.0
1900660 145.0
1900670 143.8
1900680 142.7
1900690 142.4
1900700 141.4
1900710 140.4
1900720 140.4
1900730 139.5
1900740 138.9
1900750 138.9
1900760 138.3
1900770 137.7
1900780 137.7
1900790 137.4
1900800 136.9
1900810 136.9
1900820 136.5
1900830 136.1
1900840 136.1
1900850 135.8
1900860 135.4
1900870 135.4
1900880 135.1
1900890 134.7
1900900 134.7
1900910 134.4
1900920 134.0
1900930 134.0
1900940 133.6
1900950 133.3
1900960 133.3
1900970 133.0
1900980 132.7
1900990 132.7
1901000 132.3
1901010 131.9
1901020 131.9
1901030 131.7
1901040 131.5
1901050 131.5
1901060 131.5
1901070 131.3
1901080 131.3
1901090 130.8
1901100 130.6
1901110 130.6
1901120 130.5
1901130 130.4
1901140 130.4
1901150 130.2
1901160 129.9
1901170 129.7
1901180 129.7
1901190 129.6
1901200 129.4
1901210 129.4
1901220 129.3
1901230 129.2
1901240 129.2
1901250 129.1
1901260 129.1
1901270 129.1
1901280 129.0
1901290 129.0
1901300 129.0
1901310 129.0
1901320 129.0
1901330 129.0
1901340 129.0
1901350 129.0
1901360 129.0
1901370 129.0
1901380 128.9
1901390 128.9
1901400 128.9
1901410 128.9
1901420 128.9
1901430 128.6
1901440 128.3
1901450 128.3
1901460 128.0
1901470 127.8
1901480 127.8
1901490 127.6
1901500 127.4
1901510 127.4
1901520 127.3
1901530 127.3
1901540 127.3
1901550 127.2
1901560 127.2
1901570 127.2
1901580 127.2
1901590 127.2
1901600 127.2
1901610 127.2
1901620 127.4
1901630 127.4
1901640 127.5
1901650 127.5
1901660 127.5
1901670 127.5
1901680 127.6
1901690 127.6
1901700 127.5
1901710 127.5
1901720 127.5
1901730 127.5
1901740 127.5
1901750 127.5
1901760 127.5
1901770 127.6
1901780 127.6
1901790 127.6
1901800 127.6
1901810 127.6
1901820 127.6
1901830 127.6
1901840 127.6
1901850 127.6
1901860 127.6
1901870 127.6
1901880 127.5
1901890 127.4
1901900 127.4
1901910 127.3
1901920 127.2
1901930 127.1
1901940 127.1
1901950 127.0
1901960 127.0
1901970 126.9
1901980 126.9
1901990 126.9
1902000 126.9
1902010 126.9
1902020 126.9
1902030 126.9
1902040 126.9
1902050 126.9
1902060 126.9
1902070 127.0
1902080 127.0
1902090 127.0
1902100 127.1
1902110 127.4
1902120 127.4
1902130 127.7
1902140 127.9
1902150 127.9
1902160 128.1
1902170 128.2
1902180 128.2
1902190 128.2
1902200 128.1
1902210 128.1
1902220 128.0
1902230 128.0
1902240 127.9
1902250 127.9
1902260 127.8
1902270 127.8
1902280 127.9
1902290 128.0
1902300 128.0
1902310 128.1
1902320 127.9
1902330 127.9
1902340 127.7
1902350 127.7
1902360 127.7
1902370 127.6
1902380 127.6
1902390 127.6
1902400 127.4
1902410 127.3
1902420 127.3
1902430 127.1
1902440 127.0
1902450 127.0
1902460 126.8
1902470 126.8
1902480 126.8
1902490 126.7
1902500 126.7
1902510 126.7
1902520 126.7
1902530 126.7
1902540 126.7
1902550 126.6
1902560 126.6
1902570 126.6
1902580 126.6
1902590 126.4
1902600 126.4
1902610 126.1
1902620 125.7
1902630 125.7
1902640 125.3
1902650 124.8
1902660 124.8
1902670 124.7
1902680 124.7
1902690 124.7
1902700 124.7
1902710 124.8
1902720 124.8
1902730 124.9
1902740 125.1
1902750 125.1
1902760 125.5
1902770 125.9
1902780 125.9
1902790 126.4
1902800 126.4
1902810 126.4
1902820 126.5
1902830 126.6
1902840 126.6
1902850 126.6
1902860 126.6
1902870 126.6
1902880 126.6
1902890 126.6
1902900 126.6
1902910 126.6
1902920 126.7
1902930 126.8
1902940 126.8
1902950 126.9
1902960 126.9
1902970 126.9
1902980 126.9
1902990 126.8
1903000 126.8
1903010 126.7
1903020 126.6
1903030 126.6
1903040 126.5
1903050 126.5
1903060 126.5
1903070 126.5
1903080 126.5
1903090 126.5
1903100 126.6
1903110 126.7
1903120 126.7
1903130 126.8
1903140 126.9
1903150 126.9
1903160 127.0
1903170 127.0
1903180 127.0
1903190 127.1
1903200 127.1
1903210 127.1
1903220 127.1
1903230 127.2
1903240 127.2
1903250 127.2
1903260 127.2
1903270 127.2
1903280 127.2
1903290 127.2
1903300 127.2
1903310 127.2
1903320 127.3
1903330 127.3
1903340 127.3
1903350 127.4
1903360 127.4
1903370 127.6
1903380 127.8
1903390 127.8
1903400 127.9
1903410 127.9
1903420 127.9
1903430 127.8
1903440 127.6
1903450 127.6
1903460 127.5
1903470 127.4
1903480 127.4
1903490 127.4
1903500 127.3
1903510 127.3
1903520 127.2
1903530 127.1
1903540 127.1
1903550 126.9
1903560 127.0
1903570 127.0
1903580 127.0
1903590 127.0
1903600 127.0
1903610 126.9
1903620 126.9
1903630 126.9
1903640 127.0
1903650 127.0
1903660 127.0
1903670 127.0
1903680 126.9
1903690 126.9
1903700 126.9
1903710 126.9
1903720 126.9
1903730 126.9
1903740 126.9
1903750 126.9
1903760 126.9
1903770 126.8
1903780 126.6
1903790 126.6
1903800 126.5
1903810 126.5
1903820 126.5
1903830 126.5
1903840 126.5
1903850 126.5
1903860 126.6
1903870 126.7
1903880 126.7
1903890 126.9
1903900 127.0
1903910 127.0
1903920 127.0
1903930 126.9
1903940 126.9
1903950 126.8
1903960 126.8
1903970 126.8
1903980 126.8
1903990 126.8
1904000 126.8
1904010 126.7
1904020 126.6
1904030 126.6
1904040 126.7
1904050 126.7
1904060 126.7
1904070 126.7
1904080 126.8
1904090 126.8
1904100 126.9
1904110 127.0
1904120 127.0
1904130 127.1
1904140 127.1
1904150 127.1
1904160 127.0
1904170 126.9
1904180 126.9
1904190 126.8
1904200 126.7
1904210 126.7
1904220 126.7
1904230 126.7
1904240 126.7
1904250 126.8
1904260 126.8
1904270 126.8
1904280 126.8
1904290 126.9
1904300 126.9
1904310 126.9
1904320 126.9
1904330 126.9
1904340 127.0
1904350 127.0
1904360 127.0
1904370 127.0
1904380 127.0
1904390 127.0
1904400 127.0
1904410 127.0
1904420 127.0
1904430 127.0
1904440 127.0
1904450 127.0
1904460 126.9
1904470 126.9
1904480 126.9
1904490 126.9
1904500 127.0
1904510 127.0
1904520 127.0
1904530 127.0
1904540 127.0
1904550 127.1
1904560 127.2
1904570 127.2
1904580 127.2
1904590 127.1
1904600 127.1
1904610 127.1
1904620 127.1
1904630 127.1
1904640 127.1
1904650 127.2
1904660 127.3
1904670 127.3
1904680 127.3
1904690 127.3
1904700 127.3
1904710 127.3
1904720 127.3
1904730 127.3
1904740 127.2
1904750 127.2
1904760 127.2
1904770 127.2
1904780 127.1
1904790 127.1
1904800 127.1
1904810 127.0
1904820 127.0
1904830 126.9
1904840 126.9
1904850 126.9
1904860 127.0
1904870 126.9
1904880 126.9
1904890 126.9
1904900 126.9
1904910 126.9
1904920 126.9
1904930 126.9
1904940 126.9
1904950 126.9
1904960 126.9
1904970 126.9
1904980 126.8
1904990 126.9
1905000 126.9
1905010 126.8
