1900000 154.0
1900010 154.0
1900020 154.0
1900030 153.9
1900040 153.9
1900050 153.7
1900060 153.6
1900070 153.6
1900080 153.5
1900090 153.4
1900100 153.4
1900110 153.3
1900120 153.1
1900130 152.9
1900140 152.9
1900150 152.9
1900160 152.9
1900170 152.9
1900180 152.8
1900190 152.4
1900200 152.4
1900210 152.1
1900220 151.9
1900230 151.9
1900240 151.9
1900250 151.9
1900260 151.9
1900270 152.2
1900280 152.5
1900290 152.5
1900300 152.8
1900310 152.9
1900320 152.9
1900330 152.9
1900340 152.7
1900350 152.7
1900360 152.1
1900370 151.5
1900380 151.5
1900390 150.9
1900400 150.3
1900410 150.3
1900420 149.5
1900430 148.9
1900440 148.9
1900450 148.3
1900460 147.6
1900470 147.6
1900480 146.9
1900490 146.0
1900500 146.0
1900510 145.2
1900520 144.2
1900530 144.2
1900540 143.2
1900550 142.2
1900560 142.2
1900570 141.2
1900580 140.2
1900590 140.2
1900600 139.4
1900610 138.7
1900620 138.7
1900630 138.1
1900640 137.7
1900650 137.7
1900660 137.2
1900670 136.4
1900680 136.4
1900690 136.0
1900700 135.7
1900710 135.7
1900720 135.4
1900730 135.1
1900740 135.1
1900750 134.7
1900760 134.4
1900770 134.4
1900780 134.0
1900790 133.8
1900800 133.8
1900810 133.5
1900820 133.1
1900830 133.1
1900840 132.8
1900850 132.5
1900860 132.5
1900870 132.1
1900880 131.8
1900890 131.8
1900900 131.5
1900910 131.3
1900920 131.3
1900930 131.1
1900940 130.9
1900950 130.9
1900960 130.7
1900970 130.6
1900980 130.2
1900990 130.2
1901000 130.1
1901010 130.0
1901020 130.0
1901030 129.9
1901040 129.8
1901050 129.8
1901060 129.6
1901070 129.5
1901080 129.5
1901090 129.4
1901100 129.2
1901110 129.2
1901120 129.1
1901130 128.9
1901140 128.9
1901150 128.8
1901160 128.7
1901170 128.7
1901180 128.6
1901190 128.4
1901200 128.4
1901210 128.2
1901220 128.0
1901230 128.0
1901240 128.0
1901250 128.0
1901260 128.0
1901270 128.3
1901280 128.0
1901290 128.2
1901300 127.9
1901310 127.8
1901320 127.8
1901330 127.7
1901340 127.7
1901350 127.7
1901360 127.7
1901370 127.7
1901380 127.7
1901390 127.7
1901400 127.6
1901410 127.6
1901420 127.6
1901430 127.6
1901440 127.6
1901450 127.7
1901460 127.6
1901470 127.6
1901480 127.7
1901490 127.7
1901500 127.7
1901510 127.7
1901520 127.8
1901530 127.8
1901540 127.9
1901550 128.0
1901560 128.0
1901570 128.0
1901580 128.0
1901590 128.0
1901600 128.1
1901610 128.2
1901620 128.2
1901630 128.2
1901640 128.2
1901650 128.2
1901660 128.1
1901670 128.0
1901680 128.0
1901690 127.9
1901700 127.7
1901710 127.7
1901720 127.6
1901730 127.5
1901740 127.5
1901750 127.4
1901760 127.4
1901770 127.4
1901780 127.4
1901790 127.3
1901800 127.3
1901810 127.3
1901820 127.4
1901830 127.6
1901840 127.6
1901850 127.7
1901860 127.9
1901870 127.9
1901880 128.0
1901890 128.3
1901900 128.3
1901910 128.6
1901920 128.7
1901930 128.7
1901940 128.8
1901950 128.9
1901960 128.9
1901970 128.9
1901980 128.8
1901990 128.8
1902000 128.7
1902010 128.7
1902020 128.7
1902030 128.6
1902040 128.4
1902050 128.4
1902060 128.2
1902070 128.0
1902080 128.0
1902090 127.9
1902100 127.7
1902110 127.7
1902120 127.6
1902130 127.5
1902140 127.5
1902150 127.4
1902160 127.4
1902170 127.4
1902180 127.4
1902190 127.4
1902200 127.4
1902210 127.4
1902220 127.3
1902230 127.3
1902240 127.3
1902250 127.2
1902260 127.2
1902270 127.1
1902280 127.0
1902290 127.0
1902300 126.9
1902310 126.8
1902320 126.8
1902330 126.8
1902340 126.8
1902350 126.8
1902360 126.8
1902370 126.8
1902380 126.8
1902390 126.8
1902400 126.8
1902410 126.8
1902420 126.8
1902430 126.9
1902440 126.9
1902450 127.0
1902460 127.0
1902470 127.0
1902480 127.1
1902490 127.1
1902500 127.1
1902510 127.1
1902520 127.1
1902530 127.1
1902540 127.2
1902550 127.2
1902560 127.2
1902570 127.0
1902580 127.0
1902590 127.0
1902600 126.9
1902610 126.9
1902620 126.9
1902630 126.8
1902640 126.8
1902650 126.8
1902660 126.7
1902670 126.7
1902680 126.7
1902690 126.7
1902700 126.7
1902710 126.7
1902720 126.7
1902730 126.7
1902740 126.8
1902750 126.8
1902760 126.8
1902770 126.8
1902780 126.8
1902790 126.9
1902800 127.0
1902810 127.0
1902820 127.1
1902830 127.2
1902840 127.2
1902850 127.1
1902860 127.1
1902870 127.1
1902880 127.1
1902890 127.1
1902900 127.1
1902910 127.2
1902920 127.2
1902930 127.2
1902940 127.1
1902950 127.1
1902960 127.1
1902970 127.0
1902980 127.0
1902990 127.0
1903000 127.0
1903010 127.0
1903020 127.0
1903030 127.0
1903040 127.1
1903050 127.1
1903060 127.1
1903070 127.1
1903080 127.1
1903090 127.1
1903100 127.1
1903110 127.1
1903120 127.1
1903130 127.1
1903140 127.1
1903150 127.2
1903160 127.2
1903170 127.2
1903180 127.3
1903190 127.3
1903200 127.3
1903210 127.4
1903220 127.4
1903230 127.4
1903240 127.5
1903250 127.6
1903260 127.6
1903270 127.7
1903280 127.8
1903290 127.8
1903300 127.9
1903310 127.9
1903320 127.9
1903330 127.7
1903340 127.5
1903350 127.5
1903360 127.2
1903370 127.1
1903380 127.1
1903390 127.0
1903400 127.0
1903410 127.0
1903420 126.9
1903430 126.9
1903440 126.9
1903450 126.9
1903460 126.9
1903470 126.9
1903480 126.8
1903490 126.8
1903500 126.8
1903510 126.8
1903520 126.7
1903530 126.7
1903540 126.7
1903550 126.7
1903560 126.7
1903570 126.7
1903580 126.8
1903590 126.8
1903600 126.8
1903610 126.9
1903620 127.0
1903630 127.0
1903640 127.0
1903650 127.1
1903660 127.1
1903670 127.1
1903680 127.1
1903690 127.1
1903700 127.1
1903710 127.1
1903720 127.1
1903730 127.1
1903740 127.2
1903750 127.2
1903760 127.2
1903770 127.3
1903780 127.3
1903790 127.3
1903800 127.4
1903810 127.4
1903820 127.4
1903830 127.5
1903840 127.5
1903850 127.6
1903860 127.6
1903870 127.6
1903880 127.5
1903890 127.5
1903900 127.5
1903910 127.3
1903920 127.2
1903930 127.2
1903940 127.1
1903950 127.1
1903960 127.1
1903970 127.1
1903980 127.1
1903990 127.1
1904000 127.1
1904010 127.1
1904020 127.1
1904030 127.1
1904040 127.0
1904050 127.0
1904060 127.1
1904070 127.0
1904080 127.0
1904090 127.1
1904100 127.1
1904110 127.1
1904120 127.0
1904130 127.0
1904140 127.0
1904150 127.0
1904160 126.9
1904170 126.9
1904180 126.9
1904190 126.9
1904200 126.9
1904210 126.9
1904220 126.9
1904230 126.9
1904240 126.9
1904250 126.8
1904260 126.8
1904270 126.9
1904280 126.9
1904290 126.9
1904300 126.9
1904310 127.0
1904320 127.0
1904330 127.0
1904340 127.0
1904350 127.0
1904360 127.1
1904370 127.0
1904380 127.0
1904390 127.0
1904400 126.9
1904410 126.9
1904420 127.0
1904430 127.1
1904440 127.2
1904450 127.2
1904460 127.3
1904470 127.4
1904480 127.4
1904490 127.4
1904500 127.5
1904510 127.5
1904520 127.5
1904530 127.5
1904540 127.5
1904550 127.5
1904560 127.5
1904570 127.5
1904580 127.5
1904590 127.4
1904600 127.4
1904610 127.3
1904620 127.3
1904630 127.3
1904640 127.3
1904650 127.3
1904660 127.3
1904670 127.3
1904680 127.3
1904690 127.3
1904700 127.3
1904710 127.2
1904720 127.2
1904730 127.3
1904740 127.3
1904750 127.3
1904760 127.3
1904770 127.4
1904780 127.4
1904790 127.5
1904800 127.5
1904810 127.5
1904820 127.4
1904830 127.3
1904840 127.3
1904850 127.3
1904860 127.2
1904870 127.2
1904880 127.2
1904890 127.0
1904900 127.0
1904910 126.9
1904920 126.9
1904930 126.9
1904940 127.1
1904950 127.2
1904960 127.2
1904970 127.2
1904980 127.2
1904990 127.2
1905000 127.2
1905010 127.3
1905020 127.3
1905030 127.3
1905040 127.3
1905050 127.3
1905060 127.2
1905070 127.3
1905080 127.3
1905090 127.3
1905100 127.2
1905110 127.2
1905120 127.2
1905130 127.3
1905140 127.3
1905150 127.2
1905160 127.2
1905170 127.2
