1900000 153.7
1900010 153.8
1900020 153.8
1900030 153.8
1900040 153.8
1900050 153.8
1900060 153.8
1900070 153.8
1900080 153.8
1900090 153.8
1900100 153.8
1900110 153.8
1900120 153.8
1900130 153.8
1900140 153.8
1900150 153.6
1900160 153.5
1900170 153.5
1900180 153.5
1900190 153.5
1900200 153.5
1900210 153.5
1900220 153.5
1900230 153.5
1900240 153.4
1900250 153.5
1900260 153.5
1900270 153.5
1900280 153.5
1900290 153.5
1900300 153.4
1900310 153.4
1900320 153.4
1900330 153.3
1900340 153.2
1900350 153.2
1900360 153.2
1900370 153.1
1900380 153.1
1900390 153.1
1900400 152.9
1900410 152.9
1900420 152.7
1900430 152.5
1900440 152.5
1900450 152.2
1900460 152.0
1900470 152.0
1900480 151.8
1900490 151.5
1900500 151.5
1900510 151.2
1900520 150.0
1900530 150.0
1900540 149.6
1900550 149.3
1900560 149.3
1900570 149.0
1900580 148.8
1900590 148.8
1900600 148.7
1900610 148.7
1900620 148.7
1900630 148.7
1900640 148.9
1900650 148.9
1900660 149.1
1900670 149.2
1900680 149.2
1900690 148.9
1900700 148.4
1900710 148.4
1900720 148.0
1900730 147.4
1900740 147.4
1900750 146.6
1900760 145.7
1900770 145.7
1900780 144.8
1900790 144.0
1900800 144.0
1900810 143.0
1900820 142.3
1900830 141.2
1900840 141.2
1900850 140.4
1900860 139.6
1900870 139.6
1900880 138.8
1900890 138.2
1900900 138.2
1900910 137.5
1900920 136.8
1900930 136.8
1900940 136.2
1900950 135.6
1900960 135.6
1900970 135.5
1900980 134.9
1900990 134.9
1901000 133.9
1901010 133.6
1901020 133.6
1901030 133.2
1901040 133.0
1901050 133.0
1901060 132.7
1901070 132.4
1901080 132.4
1901090 132.1
1901100 131.8
1901110 131.8
1901120 131.5
1901130 131.3
1901140 131.4
1901150 131.1
1901160 130.9
1901170 130.9
1901180 130.7
1901190 130.5
1901200 130.5
1901210 130.4
1901220 130.2
1901230 130.2
1901240 130.0
1901250 129.8
1901260 129.8
1901270 129.6
1901280 129.4
1901290 129.4
1901300 129.2
1901310 129.1
1901320 129.1
1901330 128.9
1901340 128.8
1901350 128.8
1901360 128.6
1901370 128.5
1901380 128.5
1901390 128.4
1901400 128.3
1901410 128.3
1901420 128.2
1901430 128.1
1901440 128.1
1901450 127.9
1901460 127.7
1901470 127.7
1901480 127.6
1901490 127.4
1901500 127.4
1901510 127.3
1901520 127.3
1901530 127.3
1901540 127.2
1901550 127.3
1901560 127.3
1901570 127.5
1901580 127.9
1901590 127.9
1901600 128.4
1901610 128.7
1901620 128.7
1901630 128.8
1901640 128.8
1901650 128.8
1901660 128.8
1901670 128.8
1901680 128.7
1901690 128.7
1901700 128.7
1901710 128.7
1901720 128.7
1901730 128.7
1901740 128.7
1901750 128.7
1901760 128.6
1901770 128.6
1901780 128.6
1901790 128.5
1901800 128.4
1901810 128.4
1901820 128.2
1901830 128.1
1901840 128.1
1901850 127.9
1901860 127.8
1901870 127.8
1901880 127.6
1901890 127.6
1901900 127.6
1901910 127.5
1901920 127.5
1901930 127.5
1901940 127.6
1901950 127.6
1901960 127.6
1901970 127.5
1901980 127.5
1901990 127.5
1902000 127.5
1902010 127.6
1902020 127.6
1902030 127.6
1902040 127.6
1902050 127.6
1902060 127.7
1902070 127.6
1902080 127.6
1902090 127.5
1902100 127.4
1902110 127.4
1902120 127.2
1902130 127.1
1902140 127.1
1902150 127.0
1902160 126.9
1902170 126.9
1902180 126.8
1902190 126.7
1902200 126.7
1902210 126.6
1902220 126.5
1902230 126.5
1902240 126.4
1902250 126.4
1902260 126.4
1902270 126.4
1902280 126.4
1902290 126.4
1902300 126.3
1902310 126.3
1902320 126.3
1902330 126.3
1902340 126.3
1902350 126.3
1902360 126.3
1902370 126.3
1902380 126.2
1902390 126.2
1902400 126.2
1902410 126.2
1902420 126.2
1902430 126.1
1902440 126.1
1902450 126.1
1902460 126.2
1902470 126.2
1902480 126.2
1902490 126.2
1902500 126.2
1902510 126.3
1902520 126.3
1902530 126.4
1902540 126.4
1902550 126.4
1902560 126.5
1902570 126.5
1902580 126.5
1902590 126.6
1902600 126.6
1902610 126.6
1902620 126.6
1902630 126.6
1902640 126.6
1902650 126.6
1902660 126.6
1902670 126.6
1902680 126.7
1902690 126.7
1902700 126.8
1902710 126.8
1902720 126.8
1902730 126.9
1902740 127.0
1902750 127.0
1902760 127.0
1902770 127.0
1902780 127.0
1902790 127.1
1902800 127.0
1902810 127.0
1902820 127.0
1902830 127.0
1902840 127.0
1902850 127.0
1902860 127.0
1902870 127.0
1902880 127.0
1902890 127.0
1902900 127.0
1902910 127.0
1902920 126.9
1902930 126.9
1902940 127.0
1902950 127.0
1902960 127.0
1902970 127.0
1902980 127.0
1902990 127.0
1903000 127.0
1903010 127.0
1903020 127.0
1903030 127.1
1903040 127.2
1903050 127.2
1903060 127.2
1903070 127.1
1903080 127.1
1903090 127.1
1903100 127.1
1903110 127.1
1903120 127.0
1903130 127.0
1903140 127.0
1903150 127.0
1903160 127.0
1903170 127.0
1903180 127.0
1903190 127.0
1903200 127.0
1903210 126.9
1903220 126.7
1903230 126.7
1903240 126.7
1903250 126.7
1903260 126.7
1903270 126.7
1903280 126.8
1903290 126.8
1903300 127.0
1903310 127.0
1903320 127.0
1903330 126.9
1903340 126.8
1903350 126.8
1903360 126.9
1903370 126.9
1903380 127.0
1903390 127.0
1903400 127.0
1903410 127.1
1903420 127.1
1903430 127.1
1903440 127.0
1903450 127.0
1903460 127.0
1903470 127.0
1903480 127.0
1903490 127.0
1903500 126.9
1903510 126.9
1903520 126.7
1903530 126.6
1903540 126.6
1903550 126.6
1903560 126.7
1903570 126.7
1903580 126.8
1903590 126.9
1903600 126.9
1903610 126.9
1903620 126.9
1903630 126.9
1903640 126.9
1903650 126.9
1903660 126.9
1903670 126.8
1903680 126.8
1903690 126.8
1903700 126.9
1903710 126.8
1903720 126.8
1903730 126.8
1903740 126.8
1903750 126.8
1903760 126.8
1903770 126.8
1903780 126.8
1903790 126.8
1903800 126.8
1903810 126.8
1903820 126.7
1903830 126.7
1903840 126.7
1903850 126.9
1903860 127.0
1903870 127.0
1903880 127.0
1903890 127.0
1903900 127.0
1903910 127.1
1903920 127.1
1903930 127.1
1903940 127.0
1903950 126.9
1903960 126.9
1903970 126.7
1903980 126.7
1903990 126.7
1904000 126.6
1904010 126.5
1904020 126.5
1904030 126.5
1904040 126.6
1904050 126.6
1904060 126.5
1904070 126.5
1904080 126.5
1904090 126.5
1904100 126.5
1904110 126.5
1904120 126.4
1904130 126.4
1904140 126.4
1904150 126.5
1904160 126.5
1904170 126.5
1904180 126.5
1904190 126.4
1904200 126.4
1904210 126.4
1904220 126.4
1904230 126.3
1904240 126.3
1904250 126.3
1904260 126.3
1904270 126.3
1904280 126.3
1904290 126.3
1904300 126.3
1904310 126.4
1904320 126.5
1904330 126.5
1904340 126.6
1904350 126.7
1904360 126.7
1904370 126.9
1904380 127.0
1904390 127.0
1904400 127.2
1904410 127.3
1904420 127.3
1904430 127.3
1904440 127.2
1904450 127.2
1904460 127.2
1904470 127.2
1904480 127.2
1904490 127.1
1904500 127.1
1904510 127.1
1904520 127.0
1904530 126.9
1904540 126.9
1904550 126.9
1904560 126.9
1904570 126.9
1904580 126.9
1904590 126.9
1904600 126.9
1904610 126.9
1904620 126.9
1904630 126.9
1904640 126.9
1904650 126.9
1904660 126.9
1904670 126.9
1904680 126.9
1904690 126.9
1904700 126.9
1904710 126.8
1904720 126.8
1904730 126.7
1904740 126.8
1904750 126.8
1904760 126.7
1904770 126.7
1904780 126.7
1904790 126.7
