1900000 153.9
1900010 153.9
1900020 153.9
1900030 154.0
1900040 154.0
1900050 154.0
1900060 153.9
1900070 153.9
1900080 153.9
1900090 153.8
1900100 153.8
1900110 153.7
1900120 153.7
1900130 153.7
1900140 153.7
1900150 153.8
1900160 153.8
1900170 153.7
1900180 153.6
1900190 153.6
1900200 153.6
1900210 153.7
1900220 153.7
1900230 153.7
1900240 153.7
1900250 153.7
1900260 153.6
1900270 153.6
1900280 153.6
1900290 153.6
1900300 153.5
1900310 153.5
1900320 153.5
1900330 153.4
1900340 153.3
1900350 153.3
1900360 153.0
1900370 152.6
1900380 152.6
1900390 152.3
1900400 151.9
1900410 151.9
1900420 151.7
1900430 151.5
1900440 151.5
1900450 151.3
1900460 151.1
1900470 151.1
1900480 151.2
1900490 151.1
1900500 151.1
1900510 151.1
1900520 151.0
1900530 151.0
1900540 151.0
1900550 150.8
1900560 150.8
1900570 150.6
1900580 150.7
1900590 150.7
1900600 150.9
1900610 151.1
1900620 151.9
1900630 151.9
1900640 151.8
1900650 151.8
1900660 151.5
1900670 150.9
1900680 150.9
1900690 149.8
1900700 148.9
1900710 148.9
1900720 148.0
1900730 146.8
1900740 146.8
1900750 145.9
1900760 145.0
1900770 145.0
1900780 144.0
1900790 143.1
1900800 143.1
1900810 142.2
1900820 141.2
1900830 141.2
1900840 140.3
1900850 139.5
1900860 139.5
1900870 138.8
1900880 138.1
1900890 138.1
1900900 137.5
1900910 136.8
1900920 136.8
1900930 136.0
1900940 135.5
1900950 135.5
1900960 135.3
1900970 135.3
1900980 135.3
1900990 134.2
1901000 133.8
1901010 133.8
1901020 133.5
1901030 133.3
1901040 133.3
1901050 133.1
1901060 132.9
1901070 132.9
1901080 132.6
1901090 132.3
1901100 132.3
1901110 132.0
1901120 131.7
1901130 131.7
1901140 131.4
1901150 131.2
1901160 130.9
1901170 130.9
1901180 130.7
1901190 130.5
1901200 130.5
1901210 130.3
1901220 130.1
1901230 130.1
1901240 129.8
1901250 129.6
1901260 129.6
1901270 129.4
1901280 129.3
1901290 129.3
1901300 129.1
1901310 128.9
1901320 128.9
1901330 128.7
1901340 128.6
1901350 128.6
1901360 128.4
1901370 128.3
1901380 128.3
1901390 128.1
1901400 128.0
1901410 128.0
1901420 127.9
1901430 127.8
1901440 127.8
1901450 127.7
1901460 127.5
1901470 127.5
1901480 127.5
1901490 127.4
1901500 127.4
1901510 127.4
1901520 127.4
1901530 127.4
1901540 127.5
1901550 127.7
1901560 127.7
1901570 127.9
1901580 128.2
1901590 128.2
1901600 128.4
1901610 128.6
1901620 128.6
1901630 128.6
1901640 128.6
1901650 128.6
1901660 128.6
1901670 128.6
1901680 128.6
1901690 128.5
1901700 128.5
1901710 128.5
1901720 128.5
1901730 128.5
1901740 128.5
1901750 128.5
1901760 128.4
1901770 128.4
1901780 128.3
1901790 128.3
1901800 128.3
1901810 128.2
1901820 128.0
1901830 128.0
1901840 127.9
1901850 127.7
1901860 127.7
1901870 127.7
1901880 127.6
1901890 127.6
1901900 127.6
1901910 127.6
1901920 127.6
1901930 127.6
1901940 127.5
1901950 127.5
1901960 127.4
1901970 127.4
1901980 127.4
1901990 127.3
1902000 127.3
1902010 127.4
1902020 127.4
1902030 127.5
1902040 127.5
1902050 127.5
1902060 127.5
1902070 127.4
1902080 127.4
1902090 127.3
1902100 127.0
1902110 127.0
1902120 126.9
1902130 126.8
1902140 126.8
1902150 126.7
1902160 126.6
1902170 126.5
1902180 126.5
1902190 126.4
1902200 126.4
1902210 126.4
1902220 126.4
1902230 126.4
1902240 126.4
1902250 126.4
1902260 126.4
1902270 126.4
1902280 126.3
1902290 126.3
1902300 126.2
1902310 126.2
1902320 126.2
1902330 126.3
1902340 126.3
1902350 126.3
1902360 126.2
1902370 126.2
1902380 126.2
1902390 126.1
1902400 126.2
1902410 126.2
1902420 126.3
1902430 126.4
1902440 126.4
1902450 126.4
1902460 126.5
1902470 126.5
1902480 126.6
1902490 126.6
1902500 126.6
1902510 126.6
1902520 126.6
1902530 126.6
1902540 126.7
1902550 126.8
1902560 126.8
1902570 126.8
1902580 126.8
1902590 126.8
1902600 126.8
1902610 126.7
1902620 126.7
1902630 126.7
1902640 126.7
1902650 126.7
1902660 126.7
1902670 126.7
1902680 126.7
1902690 126.7
1902700 126.8
1902710 126.8
1902720 126.9
1902730 127.0
1902740 127.0
1902750 127.1
1902760 127.2
1902770 127.2
1902780 127.2
1902790 127.2
1902800 127.2
1902810 127.1
1902820 127.1
1902830 127.1
1902840 127.1
1902850 127.1
1902860 127.2
1902870 127.2
1902880 127.2
1902890 127.2
1902900 127.2
1902910 127.2
1902920 127.1
1902930 127.1
1902940 127.0
1902950 127.0
1902960 127.0
1902970 127.0
1902980 127.0
1902990 127.0
1903000 127.0
1903010 127.0
1903020 127.0
1903030 127.0
1903040 127.0
1903050 127.0
1903060 126.9
1903070 126.9
1903080 126.9
1903090 126.9
1903100 126.8
1903110 126.8
1903120 126.7
1903130 126.7
1903140 126.7
1903150 126.7
1903160 126.7
1903170 126.7
1903180 126.7
1903190 126.8
1903200 126.8
1903210 127.0
1903220 126.9
1903230 126.9
1903240 127.0
1903250 127.1
1903260 127.1
1903270 127.1
1903280 127.1
1903290 127.1
1903300 127.2
1903310 127.1
1903320 127.1
1903330 127.0
1903340 127.0
1903350 127.0
1903360 126.9
1903370 126.8
1903380 126.8
1903390 127.0
1903400 127.2
1903410 127.2
1903420 127.3
1903430 127.4
1903440 127.4
1903450 127.3
1903460 127.3
1903470 127.3
1903480 127.1
1903490 127.0
1903500 127.0
1903510 126.9
1903520 127.0
1903530 127.0
1903540 127.0
1903550 127.0
1903560 127.0
1903570 126.9
1903580 126.9
1903590 126.9
1903600 126.9
1903610 126.9
1903620 126.9
1903630 126.9
1903640 126.9
1903650 126.9
1903660 126.9
1903670 126.9
1903680 126.9
1903690 126.9
1903700 126.8
1903710 126.9
1903720 126.9
1903730 126.9
1903740 126.9
1903750 126.9
1903760 126.9
1903770 126.9
1903780 126.9
1903790 126.9
1903800 126.9
1903810 126.9
1903820 126.9
1903830 126.9
1903840 126.9
1903850 126.8
1903860 126.7
1903870 126.7
1903880 126.7
1903890 126.9
1903900 126.9
1903910 127.0
1903920 127.0
1903930 127.0
1903940 126.9
1903950 126.8
1903960 126.8
1903970 126.8
1903980 126.7
1903990 126.7
1904000 126.5
1904010 126.5
1904020 126.5
1904030 126.4
1904040 126.4
1904050 126.4
1904060 126.4
1904070 126.4
1904080 126.4
1904090 126.5
1904100 126.5
1904110 126.5
1904120 126.5
1904130 126.5
1904140 126.5
1904150 126.5
1904160 126.5
1904170 126.5
1904180 126.4
1904190 126.4
1904200 126.4
1904210 126.5
1904220 126.4
1904230 126.4
1904240 126.3
1904250 126.3
1904260 126.3
1904270 126.3
1904280 126.3
1904290 126.3
1904300 126.4
1904310 126.5
1904320 126.5
1904330 126.7
1904340 126.8
1904350 126.8
1904360 127.0
1904370 127.1
1904380 127.1
1904390 127.1
1904400 127.2
1904410 127.2
1904420 127.2
1904430 127.2
1904440 127.2
1904450 127.2
1904460 127.2
1904470 127.2
1904480 127.1
1904490 127.0
1904500 127.0
1904510 127.0
1904520 127.0
1904530 127.0
1904540 127.0
1904550 126.9
1904560 126.9
1904570 126.9
1904580 127.0
1904590 127.0
1904600 127.0
1904610 127.0
1904620 126.9
1904630 126.9
1904640 126.8
1904650 126.8
1904660 126.8
1904670 126.8
1904680 126.7
1904690 126.7
1904700 126.7
1904710 126.8
1904720 126.8
1904730 126.8
1904740 126.8
1904750 126.8
1904760 126.7
1904770 126.6
1904780 126.6
1904790 126.6
1904800 126.6
1904810 126.6
