1900000 154.3
1900010 154.3
1900020 154.3
1900030 154.3
1900040 154.2
1900050 154.1
1900060 154.1
1900070 154.1
1900080 154.1
1900090 154.1
1900100 154.0
1900110 154.0
1900120 154.0
1900130 154.0
1900140 154.0
1900150 154.0
1900160 154.0
1900170 153.9
1900180 153.9
1900190 153.8
1900200 153.8
1900210 153.8
1900220 153.7
1900230 153.7
1900240 153.7
1900250 153.6
1900260 153.6
1900270 153.6
1900280 153.6
1900290 153.5
1900300 153.5
1900310 153.4
1900320 153.3
1900330 153.3
1900340 153.2
1900350 153.2
1900360 152.8
1900370 152.1
1900380 151.5
1900390 150.6
1900400 150.6
1900410 149.5
1900420 148.6
1900430 148.6
1900440 148.0
1900450 147.6
1900460 147.6
1900470 147.3
1900480 146.9
1900490 146.9
1900500 146.4
1900510 145.7
1900520 145.7
1900530 145.0
1900540 144.4
1900550 144.4
1900560 143.5
1900570 142.7
1900580 142.7
1900590 142.0
1900600 141.3
1900610 141.3
1900620 140.7
1900630 139.9
1900640 139.9
1900650 139.3
1900660 138.9
1900670 138.9
1900680 138.5
1900690 138.1
1900700 138.1
1900710 137.6
1900720 137.2
1900730 137.2
1900740 136.8
1900750 136.4
1900760 136.4
1900770 136.1
1900780 135.7
1900790 135.7
1900800 135.4
1900810 135.0
1900820 135.0
1900830 134.7
1900840 134.5
1900850 134.5
1900860 134.3
1900870 134.0
1900880 134.0
1900890 133.8
1900900 133.5
1900910 133.5
1900920 133.2
1900930 133.0
1900940 133.0
1900950 132.7
1900960 132.4
1900970 132.4
1900980 132.1
1900990 131.8
1901000 131.8
1901010 131.6
1901020 131.4
1901030 131.4
1901040 131.2
1901050 131.0
1901060 131.0
1901070 130.8
1901080 130.6
1901090 130.6
1901100 130.4
1901110 130.1
1901120 130.1
1901130 129.9
1901140 129.8
1901150 129.8
1901160 129.7
1901170 129.7
1901180 129.7
1901190 129.6
1901200 129.3
1901210 129.1
1901220 129.1
1901230 129.0
1901240 128.9
1901250 128.9
1901260 128.8
1901270 128.8
1901280 128.8
1901290 128.8
1901300 128.5
1901310 128.5
1901320 128.3
1901330 128.1
1901340 128.1
1901350 127.9
1901360 127.8
1901370 127.8
1901380 127.7
1901390 127.5
1901400 127.5
1901410 127.4
1901420 127.4
1901430 127.4
1901440 127.4
1901450 127.4
1901460 127.4
1901470 127.4
1901480 127.5
1901490 127.5
1901500 127.5
1901510 127.5
1901520 127.5
1901530 127.5
1901540 127.5
1901550 127.5
1901560 127.5
1901570 127.6
1901580 127.6
1901590 127.6
1901600 127.7
1901610 127.7
1901620 127.7
1901630 127.8
1901640 127.8
1901650 127.9
1901660 127.9
1901670 127.9
1901680 127.9
1901690 127.9
1901700 127.9
1901710 127.9
1901720 127.9
1901730 127.9
1901740 127.8
1901750 127.7
1901760 127.7
1901770 127.5
1901780 127.4
1901790 127.4
1901800 127.3
1901810 127.3
1901820 127.3
1901830 127.2
1901840 127.2
1901850 127.2
1901860 127.2
1901870 127.3
1901880 127.3
1901890 127.3
1901900 127.4
1901910 127.4
1901920 127.5
1901930 127.5
1901940 127.5
1901950 127.5
1901960 127.6
1901970 127.6
1901980 127.7
1901990 127.8
1902000 127.8
1902010 128.0
1902020 128.0
1902030 128.0
1902040 128.1
1902050 128.1
1902060 128.1
1902070 128.1
1902080 128.0
1902090 128.0
1902100 128.0
1902110 128.0
1902120 128.0
1902130 128.0
1902140 128.0
1902150 128.0
1902160 128.0
1902170 128.0
1902180 127.9
1902190 127.9
1902200 127.7
1902210 127.6
1902220 127.6
1902230 127.4
1902240 127.3
1902250 127.3
1902260 127.2
1902270 127.2
1902280 127.2
1902290 127.3
1902300 127.2
1902310 127.2
1902320 127.2
1902330 127.1
1902340 127.1
1902350 127.0
1902360 127.0
1902370 127.0
1902380 126.9
1902390 126.9
1902400 126.9
1902410 126.8
1902420 126.9
1902430 126.9
1902440 126.8
1902450 126.3
1902460 126.3
1902470 125.6
1902480 124.6
1902490 124.6
1902500 123.7
1902510 123.5
1902520 123.5
1902530 123.5
1902540 123.4
1902550 123.4
1902560 123.5
1902570 123.4
1902580 123.4
1902590 123.4
1902600 123.4
1902610 123.4
1902620 123.6
1902630 123.7
1902640 123.7
1902650 123.7
1902660 123.7
1902670 123.7
1902680 123.8
1902690 123.9
1902700 123.9
1902710 124.0
1902720 124.1
1902730 124.1
1902740 124.5
1902750 125.0
1902760 125.0
1902770 125.4
1902780 125.9
1902790 125.9
1902800 126.5
1902810 126.9
1902820 126.9
1902830 127.0
1902840 127.1
1902850 127.1
1902860 127.1
1902870 127.1
1902880 127.1
1902890 127.1
1902900 127.1
1902910 127.1
1902920 127.1
1902930 127.1
1902940 127.1
1902950 127.1
1902960 127.2
1902970 127.2
1902980 127.2
1902990 127.1
1903000 127.1
1903010 127.1
1903020 127.0
1903030 127.0
1903040 127.0
1903050 127.0
1903060 127.0
1903070 127.0
1903080 127.0
1903090 127.1
1903100 127.1
1903110 127.1
1903120 127.1
1903130 127.1
1903140 127.0
1903150 127.0
1903160 127.0
1903170 127.0
1903180 127.0
1903190 127.0
1903200 126.9
1903210 126.9
1903220 126.9
1903230 126.9
1903240 126.8
1903250 126.8
1903260 126.8
1903270 126.8
1903280 126.8
1903290 126.8
1903300 126.9
1903310 126.9
1903320 126.9
1903330 127.0
1903340 127.0
1903350 127.0
1903360 127.0
1903370 127.0
1903380 127.0
1903390 127.0
1903400 127.0
1903410 126.9
1903420 127.0
1903430 127.0
1903440 127.0
1903450 127.1
1903460 127.0
1903470 127.1
1903480 127.1
1903490 127.1
1903500 127.1
1903510 127.1
1903520 127.1
1903530 127.1
1903540 127.0
1903550 127.0
1903560 127.0
1903570 127.0
1903580 127.0
1903590 127.0
1903600 126.8
1903610 126.8
1903620 126.6
1903630 126.4
1903640 126.4
1903650 126.4
1903660 126.4
1903670 126.4
1903680 126.4
1903690 126.4
1903700 126.4
1903710 126.5
1903720 126.4
1903730 126.4
1903740 126.4
1903750 126.4
1903760 126.4
1903770 126.6
1903780 126.8
1903790 127.0
1903800 127.0
1903810 127.1
1903820 127.1
1903830 127.1
1903840 127.1
1903850 127.0
1903860 127.0
1903870 127.1
1903880 127.1
1903890 127.1
1903900 127.1
1903910 127.0
1903920 127.0
1903930 126.9
1903940 126.9
1903950 126.9
1903960 126.8
1903970 126.9
1903980 126.9
1903990 126.9
1904000 127.0
1904010 127.0
1904020 127.0
1904030 127.0
1904040 127.0
1904050 127.0
1904060 127.0
1904070 127.0
1904080 127.0
1904090 127.0
1904100 127.0
1904110 127.0
1904120 127.0
1904130 127.0
1904140 126.9
1904150 126.9
1904160 126.9
1904170 126.9
1904180 126.9
1904190 126.9
1904200 126.9
1904210 126.9
1904220 126.9
1904230 126.9
1904240 127.0
1904250 127.0
1904260 126.9
1904270 126.8
1904280 126.8
1904290 126.8
1904300 126.8
1904310 126.8
1904320 126.8
1904330 126.9
1904340 126.9
1904350 127.1
1904360 127.3
1904370 127.3
1904380 127.2
1904390 127.2
1904400 127.2
1904410 127.1
1904420 127.0
1904430 127.0
1904440 127.0
1904450 127.0
1904460 127.0
1904470 127.1
1904480 127.2
1904490 127.2
1904500 127.2
1904510 127.3
1904520 127.3
1904530 127.4
1904540 127.4
1904550 127.4
1904560 127.5
1904570 127.5
1904580 127.5
1904590 127.5
1904600 127.6
1904610 127.6
1904620 127.5
1904630 127.5
1904640 127.5
1904650 127.5
1904660 127.4
1904670 127.3
1904680 127.3
1904690 127.2
1904700 127.0
1904710 127.0
1904720 127.0
1904730 127.1
1904740 127.1
1904750 127.3
1904760 127.4
1904770 127.4
1904780 127.4
1904790 127.4
1904800 127.4
1904810 127.4
1904820 127.2
1904830 127.2
1904840 127.1
1904850 127.0
1904860 127.0
1904870 126.9
1904880 126.9
1904890 126.9
1904900 126.8
1904910 126.9
1904920 126.9
1904930 126.9
1904940 126.9
1904950 126.9
1904960 127.0
1904970 127.1
1904980 127.1
1904990 127.1
1905000 127.1
1905010 127.1
1905020 127.1
1905030 127.0
1905040 127.0
1905050 127.1
1905060 127.0
1905070 127.0
1905080 127.0
