1900000 154.4
1900010 154.4
1900020 154.4
1900030 154.4
1900040 154.3
1900050 154.3
1900060 154.3
1900070 154.2
1900080 154.2
1900090 154.2
1900100 154.1
1900110 154.1
1900120 154.1
1900130 154.1
1900140 154.1
1900150 154.1
1900160 154.1
1900170 154.1
1900180 154.1
1900190 154.0
1900200 153.9
1900210 153.9
1900220 153.8
1900230 153.8
1900240 153.8
1900250 153.8
1900260 153.7
1900270 153.7
1900280 153.7
1900290 153.7
1900300 153.7
1900310 153.6
1900320 153.5
1900330 153.5
1900340 153.5
1900350 153.4
1900360 153.4
1900370 153.3
1900380 153.2
1900390 153.2
1900400 153.1
1900410 153.0
1900420 153.0
1900430 152.8
1900440 152.6
1900450 152.6
1900460 152.4
1900470 152.2
1900480 152.2
1900490 152.0
1900500 151.8
1900510 151.8
1900520 151.6
1900530 151.3
1900540 151.3
1900550 150.8
1900560 150.3
1900570 150.3
1900580 149.7
1900590 148.9
1900600 148.9
1900610 148.0
1900620 146.9
1900630 146.9
1900640 145.8
1900650 144.8
1900660 144.8
1900670 143.6
1900680 142.6
1900690 141.6
1900700 141.5
1900710 140.5
1900720 139.7
1900730 139.7
1900740 139.1
1900750 138.5
1900760 138.5
1900770 137.9
1900780 137.5
1900790 137.5
1900800 137.1
1900810 136.6
1900820 136.6
1900830 136.2
1900840 135.9
1900850 135.9
1900860 135.6
1900870 135.3
1900880 135.3
1900890 134.9
1900900 134.3
1900910 134.3
1900920 133.9
1900930 133.6
1900940 133.6
1900950 133.3
1900960 133.0
1900970 133.0
1900980 132.6
1900990 132.4
1901000 132.4
1901010 132.1
1901020 132.1
1901030 132.1
1901040 131.7
1901050 131.2
1901060 131.2
1901070 131.0
1901080 130.8
1901090 130.8
1901100 130.6
1901110 130.5
1901120 130.5
1901130 130.4
1901140 130.1
1901150 130.1
1901160 129.9
1901170 129.7
1901180 129.7
1901190 129.6
1901200 129.5
1901210 129.5
1901220 129.4
1901230 129.3
1901240 129.3
1901250 129.2
1901260 129.1
1901270 129.1
1901280 129.0
1901290 129.0
1901300 129.0
1901310 128.9
1901320 128.9
1901330 128.9
1901340 128.9
1901350 128.9
1901360 128.9
1901370 128.8
1901380 128.8
1901390 128.8
1901400 128.8
1901410 128.8
1901420 128.8
1901430 128.7
1901440 128.6
1901450 128.6
1901460 128.5
1901470 128.2
1901480 128.2
1901490 128.0
1901500 127.9
1901510 127.9
1901520 127.7
1901530 127.6
1901540 127.4
1901550 127.4
1901560 127.3
1901570 127.2
1901580 127.2
1901590 127.1
1901600 127.1
1901610 127.1
1901620 127.1
1901630 127.2
1901640 127.2
1901650 127.3
1901660 127.3
1901670 127.3
1901680 127.4
1901690 127.5
1901700 127.5
1901710 127.5
1901720 127.5
1901730 127.5
1901740 127.5
1901750 127.4
1901760 127.4
1901770 127.5
1901780 127.5
1901790 127.5
1901800 127.5
1901810 127.5
1901820 127.5
1901830 127.5
1901840 127.6
1901850 127.6
1901860 127.6
1901870 127.6
1901880 127.6
1901890 127.6
1901900 127.5
1901910 127.5
1901920 127.5
1901930 127.3
1901940 127.3
1901950 127.2
1901960 127.1
1901970 127.1
1901980 127.0
1901990 127.0
1902000 127.0
1902010 127.0
1902020 127.1
1902030 127.1
1902040 127.2
1902050 127.4
1902060 127.4
1902070 127.6
1902080 127.8
1902090 127.8
1902100 128.0
1902110 128.1
1902120 128.1
1902130 128.2
1902140 128.1
1902150 128.1
1902160 128.1
1902170 128.0
1902180 128.0
1902190 127.9
1902200 127.8
1902210 127.8
1902220 127.8
1902230 127.8
1902240 127.8
1902250 127.7
1902260 127.8
1902270 127.8
1902280 127.8
1902290 127.6
1902300 127.6
1902310 127.6
1902320 127.6
1902330 127.6
1902340 127.6
1902350 127.5
1902360 127.5
1902370 127.6
1902380 127.6
1902390 127.6
1902400 127.6
1902410 127.5
1902420 127.4
1902430 127.4
1902440 127.2
1902450 127.1
1902460 127.1
1902470 126.9
1902480 126.9
1902490 126.9
1902500 126.8
1902510 126.8
1902520 126.8
1902530 126.8
1902540 126.7
1902550 126.7
1902560 126.6
1902570 126.6
1902580 126.6
1902590 126.6
1902600 126.7
1902610 126.7
1902620 126.7
1902630 126.8
1902640 126.8
1902650 126.9
1902660 127.0
1902670 127.0
1902680 127.0
1902690 127.0
1902700 127.0
1902710 126.9
1902720 126.9
1902730 126.9
1902740 127.0
1902750 127.0
1902760 127.0
1902770 126.9
1902780 126.7
1902790 126.7
1902800 126.6
1902810 126.6
1902820 126.6
1902830 126.6
1902840 126.7
1902850 126.7
1902860 126.7
1902870 126.7
1902880 126.7
1902890 126.8
1902900 126.9
1902910 126.9
1902920 126.9
1902930 126.9
1902940 126.9
1902950 127.0
1902960 127.0
1902970 127.0
1902980 127.0
1902990 126.9
1903000 126.9
1903010 127.0
1903020 127.1
1903030 127.1
1903040 127.1
1903050 127.0
1903060 127.0
1903070 126.9
1903080 126.8
1903090 126.8
1903100 126.6
1903110 126.5
1903120 126.5
1903130 126.6
1903140 126.7
1903150 126.7
1903160 126.7
1903170 126.9
1903180 126.9
1903190 126.9
1903200 127.1
1903210 127.1
1903220 127.2
1903230 127.2
1903240 127.2
1903250 127.2
1903260 127.2
1903270 127.3
1903280 127.3
1903290 127.4
1903300 127.5
1903310 127.5
1903320 127.7
1903330 128.0
1903340 128.0
1903350 128.1
1903360 128.2
1903370 128.2
1903380 128.1
1903390 128.1
1903400 128.1
1903410 128.0
1903420 127.8
1903430 127.8
1903440 127.5
1903450 127.4
1903460 127.4
1903470 127.2
1903480 127.1
1903490 127.1
1903500 127.1
1903510 127.1
1903520 127.1
1903530 127.1
1903540 127.1
1903550 127.1
1903560 127.2
1903570 127.2
1903580 127.2
1903590 127.2
1903600 127.1
1903610 127.1
1903620 127.1
1903630 127.1
1903640 127.1
1903650 127.0
1903660 126.8
1903670 126.8
1903680 126.8
1903690 126.8
1903700 126.8
1903710 126.7
1903720 126.7
1903730 126.7
1903740 126.7
1903750 126.8
1903760 126.8
1903770 126.9
1903780 126.9
1903790 126.9
1903800 127.0
1903810 127.0
1903820 127.0
1903830 127.0
1903840 127.0
1903850 127.0
1903860 127.0
1903870 127.0
1903880 127.0
1903890 127.0
1903900 127.0
1903910 127.0
1903920 127.1
1903930 127.1
1903940 127.1
1903950 127.1
1903960 127.0
1903970 127.0
1903980 127.0
1903990 126.9
1904000 126.9
1904010 126.8
1904020 126.8
1904030 126.8
1904040 126.8
1904050 126.8
1904060 126.8
1904070 126.8
1904080 126.7
1904090 126.8
1904100 126.7
1904110 126.7
1904120 126.7
1904130 126.7
1904140 126.6
1904150 126.7
1904160 126.7
1904170 126.7
1904180 126.7
1904190 126.7
1904200 126.7
1904210 126.8
1904220 126.8
1904230 126.8
1904240 126.8
1904250 126.8
1904260 126.8
1904270 126.8
1904280 126.8
1904290 126.9
1904300 126.9
1904310 126.9
1904320 126.9
1904330 126.9
1904340 126.9
1904350 126.9
1904360 126.9
1904370 126.9
1904380 126.8
1904390 126.9
1904400 126.9
1904410 126.9
1904420 126.9
1904430 126.9
1904440 126.9
1904450 127.0
1904460 127.0
1904470 127.0
1904480 127.1
1904490 127.1
1904500 127.1
1904510 127.1
1904520 127.1
1904530 126.9
1904540 126.8
1904550 126.8
1904560 126.8
1904570 126.8
1904580 126.8
1904590 126.8
1904600 126.9
1904610 126.9
1904620 127.0
1904630 127.0
1904640 127.0
1904650 127.1
1904660 127.1
1904670 127.1
1904680 127.2
1904690 127.3
1904700 127.3
1904710 127.3
1904720 127.3
1904730 127.3
1904740 127.2
1904750 127.2
1904760 127.2
1904770 127.1
1904780 127.0
1904790 127.0
1904800 127.0
1904810 127.0
1904820 127.0
1904830 126.9
1904840 126.8
1904850 126.8
1904860 126.9
1904870 126.9
1904880 126.9
1904890 127.0
1904900 127.0
1904910 127.0
1904920 127.0
1904930 127.0
1904940 127.0
1904950 126.9
1904960 126.9
1904970 126.9
1904980 126.9
1904990 126.9
1905000 126.9
1905010 126.9
