1900000 154.3
1900010 154.2
1900020 154.2
1900030 154.2
1900040 154.1
1900050 154.1
1900060 154.1
1900070 154.0
1900080 154.0
1900090 154.0
1900100 154.0
1900110 154.0
1900120 154.0
1900130 153.9
1900140 153.8
1900150 153.8
1900160 153.7
1900170 153.6
1900180 153.6
1900190 153.4
1900200 153.2
1900210 153.2
1900220 152.9
1900230 152.7
1900240 152.7
1900250 152.6
1900260 152.5
1900270 152.5
1900280 152.0
1900290 151.6
1900300 151.6
1900310 151.3
1900320 151.1
1900330 151.1
1900340 150.5
1900350 150.0
1900360 150.0
1900370 149.7
1900380 149.5
1900390 149.5
1900400 149.5
1900410 149.6
1900420 149.6
1900430 149.6
1900440 150.1
1900450 150.1
1900460 150.5
1900470 150.0
1900480 150.0
1900490 149.3
1900500 148.7
1900510 148.7
1900520 148.2
1900530 147.5
1900540 147.5
1900550 146.2
1900560 145.3
1900570 145.3
1900580 144.1
1900590 143.2
1900600 143.2
1900610 142.4
1900620 141.6
1900630 141.6
1900640 140.9
1900650 140.3
1900660 140.3
1900670 139.6
1900680 139.0
1900690 139.0
1900700 138.4
1900710 137.8
1900720 137.8
1900730 137.2
1900740 136.7
1900750 136.7
1900760 136.3
1900770 135.8
1900780 135.8
1900790 135.4
1900800 135.0
1900810 135.0
1900820 134.6
1900830 134.4
1900840 134.0
1900850 134.0
1900860 133.7
1900870 133.5
1900880 133.5
1900890 133.2
1900900 133.0
1900910 133.0
1900920 132.7
1900930 132.5
1900940 132.5
1900950 132.4
1900960 132.2
1900970 132.2
1900980 131.9
1900990 131.6
1901000 131.6
1901010 131.4
1901020 131.1
1901030 131.1
1901040 131.0
1901050 130.7
1901060 130.7
1901070 130.5
1901080 130.3
1901090 130.3
1901100 130.1
1901110 129.8
1901120 129.8
1901130 129.6
1901140 129.4
1901150 129.4
1901160 129.2
1901170 129.1
1901180 129.1
1901190 129.0
1901200 129.0
1901210 129.0
1901220 128.7
1901230 128.4
1901240 128.4
1901250 128.2
1901260 128.0
1901270 128.0
1901280 128.0
1901290 127.9
1901300 127.8
1901310 127.7
1901320 127.6
1901330 127.6
1901340 127.6
1901350 127.6
1901360 127.6
1901370 127.6
1901380 127.5
1901390 127.5
1901400 127.5
1901410 127.5
1901420 127.5
1901430 127.5
1901440 127.5
1901450 127.5
1901460 127.5
1901470 127.5
1901480 127.5
1901490 127.5
1901500 127.6
1901510 127.6
1901520 127.7
1901530 127.7
1901540 127.7
1901550 127.8
1901560 127.8
1901570 127.8
1901580 127.9
1901590 127.9
1901600 127.9
1901610 128.0
1901620 128.0
1901630 128.0
1901640 128.0
1901650 128.0
1901660 128.0
1901670 128.0
1901680 128.0
1901690 128.0
1901700 127.9
1901710 127.9
1901720 127.8
1901730 127.8
1901740 127.6
1901750 127.5
1901760 127.5
1901770 127.4
1901780 127.4
1901790 127.4
1901800 127.3
1901810 127.3
1901820 127.3
1901830 127.4
1901840 127.3
1901850 127.3
1901860 127.3
1901870 127.4
1901880 127.4
1901890 127.5
1901900 127.7
1901910 127.7
1901920 128.1
1901930 128.3
1901940 128.3
1901950 128.5
1901960 128.8
1901970 128.8
1901980 129.0
1901990 129.0
1902000 129.0
1902010 129.0
1902020 128.9
1902030 128.9
1902040 128.7
1902050 128.5
1902060 128.5
1902070 128.4
1902080 128.3
1902090 128.3
1902100 128.2
1902110 128.1
1902120 128.1
1902130 128.0
1902140 127.8
1902150 127.8
1902160 127.7
1902170 127.6
1902180 127.6
1902190 127.5
1902200 127.5
1902210 127.5
1902220 127.5
1902230 127.5
1902240 127.5
1902250 127.4
1902260 127.4
1902270 127.4
1902280 127.3
1902290 127.3
1902300 127.3
1902310 127.2
1902320 127.1
1902330 127.1
1902340 127.1
1902350 127.0
1902360 127.0
1902370 126.9
1902380 126.7
1902390 126.7
1902400 126.7
1902410 126.7
1902420 126.7
1902430 126.7
1902440 126.7
1902450 126.7
1902460 126.9
1902470 126.9
1902480 126.9
1902490 126.4
1902500 125.5
1902510 125.5
1902520 124.4
1902530 123.7
1902540 123.7
1902550 123.5
1902560 123.5
1902570 123.5
1902580 123.5
1902590 123.5
1902600 123.5
1902610 123.5
1902620 123.7
1902630 124.2
1902640 124.2
1902650 124.7
1902660 125.3
1902670 125.3
1902680 125.9
1902690 126.5
1902700 126.5
1902710 126.8
1902720 126.9
1902730 126.9
1902740 126.9
1902750 126.9
1902760 126.9
1902770 126.9
1902780 127.0
1902790 127.0
1902800 127.1
1902810 127.1
1902820 127.1
1902830 127.1
1902840 127.2
1902850 127.2
1902860 127.2
1902870 127.1
1902880 127.1
1902890 127.1
1902900 127.1
1902910 127.1
1902920 127.1
1902930 127.1
1902940 127.1
1902950 127.1
1902960 127.1
1902970 127.1
1902980 127.1
1902990 127.2
1903000 127.2
1903010 127.2
1903020 127.2
1903030 127.2
1903040 127.1
1903050 127.0
1903060 127.0
1903070 127.0
1903080 127.0
1903090 127.0
1903100 127.1
1903110 127.1
1903120 127.1
1903130 127.0
1903140 127.0
1903150 127.0
1903160 127.0
1903170 127.0
1903180 127.0
1903190 127.0
1903200 127.0
1903210 127.0
1903220 127.0
1903230 127.0
1903240 127.0
1903250 127.0
1903260 127.0
1903270 127.0
1903280 127.1
1903290 127.2
1903300 127.2
1903310 127.2
1903320 127.3
1903330 127.3
1903340 127.4
1903350 127.4
1903360 127.4
1903370 127.4
1903380 127.4
1903390 127.4
1903400 127.3
1903410 127.2
1903420 127.1
1903430 127.1
1903440 127.0
1903450 127.0
1903460 127.0
1903470 127.0
1903480 127.0
1903490 127.0
1903500 127.0
1903510 126.9
1903520 126.9
1903530 126.8
1903540 126.8
1903550 126.8
1903560 126.8
1903570 126.7
1903580 126.7
1903590 126.6
1903600 126.5
1903610 126.5
1903620 126.4
1903630 126.4
1903640 126.4
1903650 126.4
1903660 126.4
1903670 126.4
1903680 126.4
1903690 126.4
1903700 126.4
1903710 126.5
1903720 126.5
1903730 126.5
1903740 126.7
1903750 127.1
1903760 127.1
1903770 127.3
1903780 127.4
1903790 127.4
1903800 127.3
1903810 127.2
1903820 127.2
1903830 127.1
1903840 127.1
1903850 127.1
1903860 127.2
1903870 127.2
1903880 127.2
1903890 127.1
1903900 127.1
1903910 127.1
1903920 127.0
1903930 127.0
1903940 127.0
1903950 127.1
1903960 127.1
1903970 127.1
1903980 127.0
1903990 127.0
1904000 127.0
1904010 126.9
1904020 126.9
1904030 126.9
1904040 127.0
1904050 127.0
1904060 127.0
1904070 127.1
1904080 127.1
1904090 127.1
1904100 127.0
1904110 127.0
1904120 127.0
1904130 126.9
1904140 126.8
1904150 126.8
1904160 126.8
1904170 126.8
1904180 126.8
1904190 126.9
1904200 126.9
1904210 126.9
1904220 127.0
1904230 127.0
1904240 127.0
1904250 127.0
1904260 126.9
1904270 126.9
1904280 126.9
1904290 126.9
1904300 127.0
1904310 127.0
1904320 127.0
1904330 127.0
1904340 127.0
1904350 127.0
1904360 127.0
1904370 127.0
1904380 127.0
1904390 127.0
1904400 127.0
1904410 127.0
1904420 127.1
1904430 127.1
1904440 127.2
1904450 127.3
1904460 127.3
1904470 127.3
1904480 127.3
1904490 127.3
1904500 127.3
1904510 127.4
1904520 127.4
1904530 127.4
1904540 127.5
1904550 127.5
1904560 127.5
1904570 127.5
1904580 127.5
1904590 127.5
1904600 127.5
1904610 127.5
1904620 127.5
1904630 127.5
1904640 127.5
1904650 127.5
1904660 127.4
1904670 127.4
1904680 127.3
1904690 127.2
1904700 127.2
1904710 127.2
1904720 127.2
1904730 127.2
1904740 127.2
1904750 127.2
1904760 127.2
1904770 127.0
1904780 127.0
1904790 127.0
1904800 127.0
1904810 127.2
1904820 127.2
1904830 127.3
1904840 127.2
1904850 127.2
1904860 127.2
1904870 127.2
1904880 127.2
1904890 127.0
1904900 127.0
1904910 127.0
1904920 127.0
1904930 126.9
1904940 126.9
1904950 127.0
1904960 127.0
1904970 127.0
1904980 127.0
1904990 127.0
1905000 127.0
1905010 127.1
1905020 127.0
1905030 127.0
1905040 127.1
1905050 127.1
1905060 127.1
1905070 127.2
1905080 127.2
1905090 127.2
1905100 127.3
