1900000 154.2
1900010 154.2
1900020 154.1
1900030 154.2
1900040 154.2
1900050 154.1
1900060 153.9
1900070 153.9
1900080 153.9
1900090 153.9
1900100 153.9
1900110 153.9
1900120 153.9
1900130 153.9
1900140 153.9
1900150 153.8
1900160 153.8
1900170 153.8
1900180 153.7
1900190 153.7
1900200 153.7
1900210 153.8
1900220 153.8
1900230 153.8
1900240 153.8
1900250 153.7
1900260 153.7
1900270 153.6
1900280 153.6
1900290 153.6
1900300 153.5
1900310 153.5
1900320 153.5
1900330 153.4
1900340 153.4
1900350 153.4
1900360 153.3
1900370 153.3
1900380 153.3
1900390 153.3
1900400 153.3
1900410 153.3
1900420 153.2
1900430 153.3
1900440 153.3
1900450 153.2
1900460 153.1
1900470 153.1
1900480 153.0
1900490 152.8
1900500 152.9
1900510 152.7
1900520 152.6
1900530 152.6
1900540 152.5
1900550 152.3
1900560 152.3
1900570 151.7
1900580 151.0
1900590 151.0
1900600 150.2
1900610 149.6
1900620 149.6
1900630 149.3
1900640 149.2
1900650 149.2
1900660 149.2
1900670 148.5
1900680 148.5
1900690 147.5
1900700 146.6
1900710 146.6
1900720 145.6
1900730 144.6
1900740 144.6
1900750 143.7
1900760 142.8
1900770 142.8
1900780 141.9
1900790 141.1
1900800 141.1
1900810 140.1
1900820 139.3
1900830 139.3
1900840 138.5
1900850 137.9
1900860 137.9
1900870 137.3
1900880 136.8
1900890 136.8
1900900 136.4
1900910 136.0
1900920 136.0
1900930 135.5
1900940 135.4
1900950 135.4
1900960 135.0
1900970 134.6
1900980 134.2
1900990 134.2
1901000 133.9
1901010 133.5
1901020 133.5
1901030 133.2
1901040 132.9
1901050 132.9
1901060 132.6
1901070 132.4
1901080 132.4
1901090 132.1
1901100 131.9
1901110 131.9
1901120 131.5
1901130 131.2
1901140 131.2
1901150 130.9
1901160 130.6
1901170 130.6
1901180 130.5
1901190 130.2
1901200 130.2
1901210 130.0
1901220 129.8
1901230 129.8
1901240 129.6
1901250 129.4
1901260 129.4
1901270 129.2
1901280 129.0
1901290 129.0
1901300 128.8
1901310 128.7
1901320 128.7
1901330 128.6
1901340 128.5
1901350 128.5
1901360 128.5
1901370 128.5
1901380 128.5
1901390 128.6
1901400 128.6
1901410 128.6
1901420 128.7
1901430 129.0
1901440 129.0
1901450 129.1
1901460 129.0
1901470 129.0
1901480 129.0
1901490 128.9
1901500 128.9
1901510 128.8
1901520 128.7
1901530 128.7
1901540 128.7
1901550 128.6
1901560 128.6
1901570 128.6
1901580 128.5
1901590 128.5
1901600 128.5
1901610 128.4
1901620 128.4
1901630 128.4
1901640 128.3
1901650 128.3
1901660 128.1
1901670 128.0
1901680 128.0
1901690 127.8
1901700 127.5
1901710 127.5
1901720 127.3
1901730 127.2
1901740 127.0
1901750 126.9
1901760 126.9
1901770 126.9
1901780 126.8
1901790 126.8
1901800 126.8
1901810 126.8
1901820 126.8
1901830 126.8
1901840 126.8
1901850 126.8
1901860 126.9
1901870 126.9
1901880 126.9
1901890 126.9
1901900 126.9
1901910 127.0
1901920 126.9
1901930 126.9
1901940 126.9
1901950 126.9
1901960 126.9
1901970 127.0
1901980 127.1
1901990 127.1
1902000 127.1
1902010 127.2
1902020 127.2
1902030 127.2
1902040 127.3
1902050 127.4
1902060 127.4
1902070 127.4
1902080 127.4
1902090 127.4
1902100 127.4
1902110 127.4
1902120 127.5
1902130 127.5
1902140 127.5
1902150 127.5
1902160 127.4
1902170 127.4
1902180 127.4
1902190 127.4
1902200 127.4
1902210 127.4
1902220 127.3
1902230 127.3
1902240 127.4
1902250 127.4
1902260 127.4
1902270 127.4
1902280 127.4
1902290 127.4
1902300 127.5
1902310 127.5
1902320 127.5
1902330 127.5
1902340 127.5
1902350 127.5
1902360 127.4
1902370 127.4
1902380 127.4
1902390 127.4
1902400 127.4
1902410 127.4
1902420 127.4
1902430 127.4
1902440 127.4
1902450 127.4
1902460 127.4
1902470 127.4
1902480 127.4
1902490 127.4
1902500 127.4
1902510 127.4
1902520 127.5
1902530 127.5
1902540 127.5
1902550 127.5
1902560 127.5
1902570 127.5
1902580 127.5
1902590 127.5
1902600 127.4
1902610 127.3
1902620 127.3
1902630 127.2
1902640 127.2
1902650 127.2
1902660 127.4
1902670 127.4
1902680 127.5
1902690 127.5
1902700 127.7
1902710 127.9
1902720 127.9
1902730 128.1
1902740 128.1
1902750 128.1
1902760 128.1
1902770 128.1
1902780 128.1
1902790 128.0
1902800 128.0
1902810 128.0
1902820 127.9
1902830 127.8
1902840 127.8
1902850 127.8
1902860 127.7
1902870 127.7
1902880 127.7
1902890 127.7
1902900 127.7
1902910 127.6
1902920 127.5
1902930 127.5
1902940 127.3
1902950 127.1
1902960 127.1
1902970 126.8
1902980 126.8
1902990 126.8
1903000 126.9
1903010 126.9
1903020 126.9
1903030 126.9
1903040 126.8
1903050 126.8
1903060 126.8
1903070 126.8
1903080 126.8
1903090 126.9
1903100 127.0
1903110 127.0
1903120 127.0
1903130 127.2
1903140 127.2
1903150 127.4
1903160 127.5
1903170 127.5
1903180 127.7
1903190 128.1
1903200 128.1
1903210 128.0
1903220 128.2
1903230 128.2
1903240 128.4
1903250 128.7
1903260 128.7
1903270 128.7
1903280 128.7
1903290 128.7
1903300 128.5
1903310 128.1
1903320 128.1
1903330 128.0
1903340 127.9
1903350 127.9
1903360 127.8
1903370 127.7
1903380 127.7
1903390 127.7
1903400 127.5
1903410 127.5
1903420 127.3
1903430 127.2
1903440 127.2
1903450 127.2
1903460 127.2
1903470 127.2
1903480 127.1
1903490 127.1
1903500 127.1
1903510 127.1
1903520 127.2
1903530 127.2
1903540 127.2
1903550 127.3
1903560 127.3
1903570 127.3
1903580 127.4
1903590 127.4
1903600 127.4
1903610 127.4
1903620 127.3
1903630 127.3
1903640 127.2
1903650 127.1
1903660 127.1
1903670 127.1
1903680 127.0
1903690 127.0
1903700 126.9
1903710 126.9
1903720 126.9
1903730 126.8
1903740 126.8
1903750 126.8
1903760 126.7
1903770 126.7
1903780 126.7
1903790 126.7
1903800 126.6
1903810 126.6
1903820 126.7
1903830 126.8
1903840 126.8
1903850 127.0
1903860 127.1
1903870 127.1
1903880 127.1
1903890 127.1
1903900 127.2
1903910 127.1
1903920 127.1
1903930 127.1
1903940 127.0
1903950 127.0
1903960 127.0
1903970 127.0
1903980 126.9
1903990 126.9
1904000 126.9
1904010 126.9
1904020 126.9
1904030 126.8
1904040 126.8
1904050 126.8
1904060 126.8
1904070 126.8
1904080 126.8
1904090 126.8
1904100 126.7
1904110 126.7
1904120 126.6
1904130 126.6
1904140 126.6
1904150 126.7
1904160 126.6
1904170 126.6
1904180 126.5
1904190 126.4
1904200 126.5
1904210 126.4
1904220 126.5
1904230 126.5
1904240 126.6
1904250 126.8
1904260 126.8
1904270 126.8
1904280 126.8
1904290 126.8
1904300 126.8
1904310 126.9
1904320 126.9
1904330 126.9
1904340 126.9
1904350 126.9
1904360 126.9
1904370 126.9
1904380 126.9
1904390 126.9
1904400 127.0
1904410 127.1
1904420 127.1
1904430 127.1
1904440 127.0
1904450 127.0
1904460 127.0
1904470 127.0
1904480 127.0
1904490 127.0
1904500 127.0
1904510 127.0
1904520 126.9
1904530 126.9
1904540 126.9
1904550 126.9
1904560 126.9
1904570 126.9
1904580 126.8
1904590 126.8
1904600 126.8
1904610 126.8
1904620 126.7
1904630 126.7
1904640 126.7
1904650 126.7
1904660 126.7
1904670 126.7
1904680 126.7
1904690 126.7
1904700 126.7
1904710 126.6
1904720 126.6
1904730 126.7
1904740 126.7
1904750 126.7
1904760 126.6
1904770 126.6
1904780 126.6
1904790 126.6
1904800 126.6
1904810 126.6
1904820 126.7
1904830 126.7
1904840 126.7
1904850 126.7
1904860 126.8
1904870 126.8
1904880 126.8
1904890 126.9
1904900 126.9
1904910 126.9
1904920 126.9
1904930 126.9
1904940 126.9
1904950 126.8
1904960 126.8
