1900000 154.2
1900010 154.2
1900020 154.2
1900030 154.2
1900040 154.2
1900050 154.2
1900060 154.1
1900070 154.1
1900080 154.1
1900090 154.0
1900100 154.0
1900110 154.0
1900120 153.9
1900130 153.9
1900140 153.8
1900150 153.8
1900160 153.8
1900170 153.8
1900180 153.9
1900190 153.9
1900200 153.9
1900210 153.9
1900220 153.9
1900230 153.8
1900240 153.8
1900250 153.8
1900260 153.7
1900270 153.7
1900280 153.7
1900290 153.6
1900300 153.6
1900310 153.5
1900320 153.5
1900330 153.4
1900340 153.3
1900350 153.3
1900360 153.2
1900370 153.1
1900380 153.1
1900390 153.1
1900400 153.1
1900410 153.1
1900420 153.1
1900430 153.1
1900440 153.1
1900450 153.0
1900460 152.9
1900470 152.9
1900480 152.1
1900490 151.5
1900500 151.5
1900510 150.9
1900520 150.2
1900530 150.2
1900540 149.6
1900550 149.0
1900560 149.0
1900570 148.4
1900580 147.7
1900590 147.7
1900600 146.9
1900610 145.6
1900620 145.6
1900630 144.3
1900640 143.0
1900650 143.0
1900660 141.8
1900670 140.8
1900680 140.8
1900690 139.9
1900700 139.2
1900710 139.2
1900720 138.6
1900730 138.0
1900740 138.0
1900750 137.4
1900760 136.8
1900770 136.8
1900780 136.5
1900790 136.0
1900800 136.0
1900810 135.7
1900820 135.3
1900830 135.3
1900840 135.0
1900850 134.7
1900860 134.7
1900870 134.4
1900880 134.1
1900890 134.1
1900900 133.9
1900910 133.6
1900920 133.6
1900930 133.4
1900940 133.2
1900950 133.2
1900960 132.9
1900970 132.7
1900980 132.7
1900990 132.4
1901000 132.1
1901010 132.1
1901020 131.9
1901030 131.7
1901040 131.7
1901050 131.4
1901060 131.2
1901070 131.2
1901080 131.1
1901090 130.9
1901100 130.8
1901110 130.7
1901120 130.7
1901130 130.7
1901140 130.4
1901150 130.1
1901160 129.9
1901170 129.9
1901180 129.8
1901190 129.7
1901200 129.7
1901210 129.6
1901220 129.4
1901230 129.4
1901240 129.3
1901250 129.3
1901260 129.3
1901270 129.3
1901280 129.2
1901290 129.2
1901300 129.2
1901310 129.1
1901320 129.1
1901330 129.1
1901340 129.1
1901350 129.1
1901360 129.1
1901370 128.9
1901380 128.9
1901390 128.5
1901400 128.2
1901410 128.0
1901420 127.6
1901430 127.4
1901440 127.4
1901450 127.3
1901460 127.3
1901470 127.3
1901480 127.3
1901490 127.3
1901500 127.3
1901510 127.3
1901520 127.4
1901530 127.4
1901540 127.4
1901550 127.5
1901560 127.5
1901570 127.4
1901580 127.4
1901590 127.4
1901600 127.5
1901610 127.6
1901620 127.6
1901630 127.6
1901640 127.7
1901650 127.7
1901660 127.7
1901670 127.6
1901680 127.6
1901690 127.6
1901700 127.6
1901710 127.6
1901720 127.6
1901730 127.7
1901740 127.7
1901750 127.7
1901760 127.7
1901770 127.7
1901780 127.7
1901790 127.6
1901800 127.6
1901810 127.6
1901820 127.5
1901830 127.5
1901840 127.4
1901850 127.4
1901860 127.4
1901870 127.3
1901880 127.3
1901890 127.3
1901900 127.3
1901910 127.3
1901920 127.3
1901930 127.2
1901940 127.2
1901950 127.2
1901960 127.1
1901970 127.1
1901980 127.1
1901990 127.1
1902000 127.0
1902010 127.0
1902020 127.0
1902030 127.1
1902040 127.1
1902050 127.1
1902060 127.1
1902070 127.2
1902080 127.2
1902090 127.3
1902100 127.4
1902110 127.4
1902120 127.6
1902130 127.8
1902140 127.8
1902150 127.8
1902160 127.9
1902170 127.9
1902180 127.9
1902190 127.9
1902200 127.9
1902210 127.9
1902220 127.9
1902230 127.9
1902240 128.0
1902250 128.0
1902260 128.0
1902270 128.1
1902280 128.1
1902290 128.1
1902300 128.0
1902310 127.9
1902320 127.9
1902330 127.9
1902340 127.6
1902350 127.6
1902360 127.5
1902370 127.4
1902380 127.4
1902390 127.3
1902400 127.1
1902410 127.1
1902420 127.0
1902430 126.9
1902440 126.9
1902450 126.6
1902460 126.4
1902470 126.4
1902480 126.0
1902490 125.5
1902500 125.5
1902510 124.9
1902520 124.4
1902530 124.4
1902540 124.0
1902550 123.8
1902560 123.8
1902570 123.8
1902580 123.7
1902590 123.7
1902600 123.7
1902610 123.7
1902620 123.7
1902630 123.7
1902640 123.7
1902650 123.7
1902660 123.7
1902670 123.8
1902680 123.8
1902690 123.7
1902700 123.7
1902710 123.7
1902720 123.8
1902730 124.0
1902740 124.0
1902750 124.0
1902760 124.0
1902770 124.0
1902780 124.2
1902790 124.4
1902800 124.4
1902810 124.6
1902820 125.0
1902830 125.0
1902840 125.7
1902850 126.3
1902860 126.5
1902870 126.5
1902880 126.6
1902890 126.7
1902900 126.7
1902910 126.7
1902920 126.7
1902930 126.7
1902940 126.7
1902950 127.0
1902960 127.0
1902970 126.9
1902980 126.9
1902990 126.9
1903000 126.9
1903010 127.0
1903020 127.0
1903030 127.0
1903040 127.0
1903050 127.0
1903060 127.0
1903070 127.0
1903080 127.0
1903090 127.1
1903100 127.1
1903110 127.1
1903120 127.1
1903130 127.2
1903140 127.2
1903150 127.1
1903160 127.1
1903170 127.1
1903180 127.0
1903190 127.0
1903200 127.0
1903210 126.9
1903220 126.9
1903230 126.9
1903240 126.9
1903250 127.0
1903260 127.0
1903270 127.0
1903280 126.9
1903290 126.9
1903300 126.9
1903310 126.9
1903320 126.9
1903330 127.0
1903340 127.0
1903350 127.0
1903360 127.0
1903370 127.0
1903380 127.0
1903390 127.0
1903400 127.0
1903410 127.0
1903420 127.1
1903430 127.2
1903440 127.2
1903450 127.3
1903460 127.3
1903470 127.3
1903480 127.3
1903490 127.2
1903500 127.2
1903510 127.2
1903520 127.1
1903530 127.1
1903540 127.1
1903550 127.1
1903560 127.1
1903570 127.0
1903580 127.1
1903590 127.1
1903600 127.3
1903610 127.2
1903620 127.2
1903630 127.2
1903640 127.0
1903650 127.0
1903660 126.9
1903670 126.9
1903680 126.9
1903690 126.7
1903700 126.6
1903710 126.6
1903720 126.6
1903730 126.5
1903740 126.5
1903750 126.5
1903760 126.5
1903770 126.4
1903780 126.4
1903790 126.4
1903800 126.5
1903810 126.5
1903820 126.4
1903830 126.5
1903840 126.5
1903850 126.7
1903860 126.9
1903870 126.9
1903880 126.8
1903890 126.9
1903900 126.9
1903910 126.8
1903920 126.7
1903930 126.7
1903940 126.7
1903950 126.7
1903960 126.7
1903970 126.7
1903980 126.8
1903990 126.8
1904000 126.8
1904010 126.8
1904020 126.8
1904030 126.8
1904040 126.8
1904050 126.8
1904060 126.9
1904070 127.0
1904080 127.0
1904090 127.1
1904100 127.2
1904110 127.2
1904120 127.0
1904130 126.9
1904140 126.9
1904150 127.0
1904160 126.9
1904170 126.9
1904180 126.8
1904190 126.7
1904200 126.7
1904210 126.7
1904220 126.7
1904230 126.7
1904240 126.8
1904250 126.9
1904260 126.9
1904270 126.9
1904280 126.9
1904290 126.9
1904300 126.9
1904310 126.9
1904320 126.9
1904330 126.9
1904340 127.0
1904350 127.0
1904360 127.0
1904370 127.0
1904380 127.0
1904390 127.1
1904400 127.1
1904410 127.1
1904420 127.1
1904430 127.2
1904440 127.2
1904450 127.2
1904460 127.2
1904470 127.2
1904480 127.1
1904490 127.2
1904500 127.2
1904510 127.1
1904520 127.1
1904530 127.1
1904540 127.2
1904550 127.2
1904560 127.2
1904570 127.2
1904580 127.2
1904590 127.2
1904600 127.2
1904610 127.4
1904620 127.5
1904630 127.5
1904640 127.5
1904650 127.5
1904660 127.5
1904670 127.6
1904680 127.6
1904690 127.6
1904700 127.4
1904710 127.3
1904720 127.3
1904730 127.2
1904740 127.2
1904750 127.2
1904760 127.1
1904770 127.1
1904780 127.1
1904790 127.1
1904800 127.2
1904810 127.2
1904820 127.1
1904830 127.2
1904840 127.2
1904850 127.1
1904860 127.1
1904870 127.1
1904880 127.1
1904890 127.0
1904900 127.0
1904910 127.0
1904920 127.0
1904930 127.0
1904940 127.0
1904950 126.9
1904960 126.9
1904970 127.0
1904980 127.0
1904990 127.0
1905000 126.9
1905010 126.9
1905020 126.9
1905030 126.9
1905040 126.9
1905050 126.9
1905060 126.9
