1900000 154.1
1900010 154.1
1900020 154.1
1900030 154.1
1900040 154.1
1900050 154.1
1900060 154.0
1900070 153.9
1900080 153.9
1900090 153.9
1900100 153.9
1900110 153.9
1900120 153.8
1900130 153.7
1900140 153.7
1900150 153.5
1900160 153.0
1900170 153.0
1900180 152.9
1900190 152.7
1900200 152.7
1900210 152.7
1900220 152.6
1900230 152.6
1900240 152.7
1900250 152.3
1900260 152.3
1900270 151.6
1900280 151.0
1900290 151.0
1900300 150.7
1900310 150.6
1900320 150.7
1900330 150.7
1900340 151.0
1900350 151.0
1900360 151.0
1900370 151.1
1900380 151.3
1900390 151.3
1900400 151.4
1900410 151.5
1900420 151.5
1900430 151.5
1900440 151.4
1900450 151.4
1900460 151.0
1900470 149.6
1900480 149.6
1900490 148.7
1900500 148.1
1900510 148.1
1900520 147.3
1900530 146.4
1900540 146.4
1900550 145.4
1900560 144.2
1900570 144.2
1900580 143.3
1900590 142.5
1900600 142.5
1900610 141.7
1900620 141.1
1900630 141.1
1900640 140.5
1900650 139.9
1900660 139.9
1900670 139.2
1900680 138.7
1900690 138.7
1900700 138.2
1900710 137.6
1900720 137.6
1900730 137.1
1900740 136.6
1900750 136.6
1900760 136.1
1900770 135.6
1900780 135.5
1900790 135.0
1900800 134.7
1900810 134.7
1900820 134.3
1900830 133.9
1900840 133.9
1900850 133.6
1900860 133.3
1900870 133.3
1900880 133.0
1900890 132.7
1900900 132.7
1900910 132.4
1900920 132.2
1900930 132.2
1900940 132.1
1900950 131.9
1900960 131.9
1900970 131.7
1900980 131.5
1900990 131.5
1901000 131.3
1901010 131.1
1901020 131.1
1901030 130.9
1901040 130.7
1901050 130.7
1901060 130.5
1901070 130.3
1901080 130.3
1901090 129.9
1901100 129.7
1901110 129.7
1901120 129.5
1901130 129.3
1901140 129.3
1901150 129.2
1901160 129.0
1901170 128.8
1901180 128.8
1901190 128.6
1901200 128.3
1901210 128.3
1901220 128.4
1901230 128.5
1901240 128.5
1901250 128.1
1901260 127.8
1901270 127.8
1901280 127.7
1901290 127.7
1901300 127.7
1901310 127.7
1901320 127.6
1901330 127.6
1901340 127.6
1901350 127.6
1901360 127.6
1901370 127.6
1901380 127.5
1901390 127.5
1901400 127.6
1901410 127.6
1901420 127.6
1901430 127.6
1901440 127.6
1901450 127.6
1901460 127.6
1901470 127.6
1901480 127.6
1901490 127.6
1901500 127.6
1901510 127.6
1901520 127.6
1901530 127.7
1901540 127.7
1901550 127.8
1901560 127.9
1901570 127.9
1901580 128.0
1901590 128.0
1901600 128.0
1901610 128.0
1901620 128.0
1901630 128.0
1901640 128.1
1901650 128.1
1901660 128.1
1901670 128.1
1901680 128.0
1901690 128.0
1901700 127.8
1901710 127.7
1901720 127.7
1901730 127.6
1901740 127.5
1901750 127.5
1901760 127.4
1901770 127.3
1901780 127.3
1901790 127.3
1901800 127.4
1901810 127.4
1901820 127.3
1901830 127.3
1901840 127.3
1901850 127.4
1901860 127.5
1901870 127.5
1901880 127.7
1901890 127.8
1901900 127.8
1901910 128.0
1901920 128.3
1901930 128.3
1901940 128.6
1901950 128.9
1901960 128.9
1901970 129.1
1901980 129.1
1901990 129.1
1902000 129.1
1902010 129.0
1902020 129.1
1902030 128.9
1902040 128.7
1902050 128.5
1902060 128.5
1902070 128.3
1902080 128.1
1902090 128.1
1902100 127.9
1902110 127.8
1902120 127.8
1902130 127.7
1902140 127.6
1902150 127.6
1902160 127.6
1902170 127.5
1902180 127.5
1902190 127.5
1902200 127.5
1902210 127.5
1902220 127.5
1902230 127.5
1902240 127.5
1902250 127.4
1902260 127.3
1902270 127.3
1902280 127.2
1902290 127.2
1902300 127.2
1902310 127.1
1902320 127.0
1902330 127.0
1902340 126.9
1902350 126.9
1902360 126.9
1902370 126.8
1902380 126.8
1902390 126.8
1902400 126.7
1902410 126.7
1902420 126.7
1902430 126.7
1902440 126.6
1902450 126.6
1902460 126.7
1902470 126.9
1902480 126.9
1902490 127.0
1902500 126.6
1902510 126.6
1902520 125.8
1902530 124.6
1902540 124.6
1902550 123.6
1902560 123.6
1902570 123.6
1902580 123.7
1902590 123.8
1902600 123.8
1902610 124.5
1902620 125.2
1902630 126.3
1902640 126.6
1902650 126.7
1902660 126.7
1902670 126.7
1902680 126.7
1902690 126.7
1902700 126.7
1902710 126.7
1902720 126.7
1902730 126.8
1902740 126.8
1902750 126.8
1902760 126.8
1902770 126.9
1902780 126.9
1902790 127.0
1902800 127.1
1902810 127.1
1902820 127.1
1902830 127.2
1902840 127.2
1902850 127.2
1902860 127.1
1902870 127.1
1902880 127.1
1902890 127.0
1902900 127.1
1902910 127.1
1902920 127.1
1902930 127.1
1902940 127.1
1902950 127.1
1902960 127.1
1902970 127.1
1902980 127.1
1902990 127.1
1903000 127.1
1903010 127.1
1903020 127.1
1903030 127.1
1903040 127.1
1903050 127.0
1903060 127.0
1903070 127.0
1903080 127.0
1903090 127.0
1903100 127.0
1903110 127.0
1903120 127.0
1903130 127.0
1903140 127.0
1903150 127.0
1903160 127.1
1903170 127.1
1903180 127.1
1903190 127.1
1903200 127.0
1903210 127.0
1903220 127.0
1903230 127.0
1903240 127.0
1903250 127.2
1903260 127.2
1903270 127.2
1903280 127.3
1903290 127.4
1903300 127.4
1903310 127.5
1903320 127.7
1903330 127.7
1903340 127.7
1903350 127.6
1903360 127.6
1903370 127.4
1903380 127.3
1903390 127.3
1903400 127.2
1903410 127.1
1903420 127.1
1903430 127.1
1903440 127.1
1903450 127.1
1903460 127.0
1903470 126.9
1903480 126.9
1903490 126.8
1903500 126.9
1903510 126.9
1903520 126.8
1903530 126.8
1903540 126.8
1903550 126.7
1903560 126.7
1903570 126.7
1903580 126.6
1903590 126.6
1903600 126.6
1903610 126.5
1903620 126.5
1903630 126.5
1903640 126.5
1903650 126.5
1903660 126.5
1903670 126.5
1903680 126.6
1903690 126.6
1903700 126.7
1903710 126.8
1903720 126.8
1903730 126.9
1903740 127.0
1903750 127.1
1903760 127.1
1903770 127.1
1903780 127.2
1903790 127.2
1903800 127.4
1903810 127.4
1903820 127.4
1903830 127.3
1903840 127.2
1903850 127.2
1903860 127.2
1903870 127.2
1903880 127.2
1903890 127.2
1903900 127.2
1903910 127.2
1903920 127.2
1903930 127.2
1903940 127.2
1903950 127.1
1903960 127.1
1903970 127.1
1903980 127.1
1903990 127.1
1904000 127.1
1904010 127.1
1904020 127.1
1904030 127.1
1904040 127.0
1904050 127.0
1904060 127.0
1904070 127.0
1904080 127.0
1904090 127.0
1904100 127.0
1904110 127.0
1904120 127.0
1904130 127.0
1904140 126.9
1904150 126.9
1904160 126.9
1904170 126.9
1904180 126.9
1904190 126.9
1904200 126.9
1904210 126.9
1904220 126.9
1904230 127.0
1904240 127.0
1904250 127.0
1904260 127.0
1904270 127.0
1904280 127.0
1904290 127.0
1904300 127.0
1904310 126.9
1904320 126.9
1904330 126.9
1904340 127.0
1904350 127.1
1904360 127.1
1904370 127.1
1904380 127.0
1904390 127.0
1904400 127.0
1904410 127.1
1904420 127.1
1904430 127.1
1904440 127.1
1904450 127.1
1904460 127.2
1904470 127.3
1904480 127.3
1904490 127.3
1904500 127.4
1904510 127.4
1904520 127.4
1904530 127.4
1904540 127.4
1904550 127.5
1904560 127.5
1904570 127.5
1904580 127.5
1904590 127.5
1904600 127.5
1904610 127.5
1904620 127.5
1904630 127.5
1904640 127.5
1904650 127.4
1904660 127.4
1904670 127.4
1904680 127.4
1904690 127.4
1904700 127.4
1904710 127.2
1904720 127.2
1904730 127.2
1904740 127.1
1904750 127.2
1904760 127.2
1904770 127.2
1904780 127.2
1904790 127.3
1904800 127.3
1904810 127.2
1904820 127.2
1904830 127.1
1904840 127.0
1904850 127.0
1904860 127.1
1904870 127.2
1904880 127.2
1904890 127.1
1904900 127.1
1904910 127.1
1904920 127.2
1904930 127.2
1904940 127.2
1904950 127.0
1904960 127.0
1904970 127.0
1904980 127.0
1904990 127.0
1905000 127.0
1905010 127.0
1905020 127.1
1905030 127.1
1905040 127.1
1905050 127.2
1905060 127.2
1905070 127.2
1905080 127.2
1905090 127.2
1905100 127.3
1905110 127.3
1905120 127.3
