1900000 154.2
1900010 154.2
1900020 154.2
1900030 154.2
1900040 154.2
1900050 154.1
1900060 154.1
1900070 154.1
1900080 154.1
1900090 154.1
1900100 154.1
1900110 154.1
1900120 154.1
1900130 154.1
1900140 154.0
1900150 154.0
1900160 154.0
1900170 154.0
1900180 154.0
1900190 154.0
1900200 153.9
1900210 153.9
1900220 153.9
1900230 153.8
1900240 153.8
1900250 153.8
1900260 153.8
1900270 153.8
1900280 153.8
1900290 153.7
1900300 153.7
1900310 153.7
1900320 153.6
1900330 153.5
1900340 153.5
1900350 153.5
1900360 153.4
1900370 153.4
1900380 153.3
1900390 153.3
1900400 153.3
1900410 153.2
1900420 153.1
1900430 153.1
1900440 153.1
1900450 153.0
1900460 153.0
1900470 152.9
1900480 152.9
1900490 152.9
1900500 152.8
1900510 152.7
1900520 152.7
1900530 152.6
1900540 152.5
1900550 152.5
1900560 152.3
1900570 152.2
1900580 152.2
1900590 152.1
1900600 152.3
1900610 152.3
1900620 151.8
1900630 150.9
1900640 150.9
1900650 149.5
1900660 148.2
1900670 148.2
1900680 146.9
1900690 145.8
1900700 145.8
1900710 144.6
1900720 143.5
1900730 142.3
1900740 142.3
1900750 141.3
1900760 140.5
1900770 140.5
1900780 139.6
1900790 138.8
1900800 138.8
1900810 138.1
1900820 137.4
1900830 137.4
1900840 136.8
1900850 136.2
1900860 136.2
1900870 135.7
1900880 135.3
1900890 135.3
1900900 134.9
1900910 134.3
1900920 134.3
1900930 134.1
1900940 133.8
1900950 133.8
1900960 133.5
1900970 133.4
1900980 133.4
1900990 132.9
1901000 132.5
1901010 132.5
1901020 132.3
1901030 132.0
1901040 132.0
1901050 131.8
1901060 131.6
1901070 131.6
1901080 131.4
1901090 131.2
1901100 131.2
1901110 131.1
1901120 130.9
1901130 130.9
1901140 130.8
1901150 130.6
1901160 130.6
1901170 130.3
1901180 130.1
1901190 130.1
1901200 129.9
1901210 129.7
1901220 129.5
1901230 129.3
1901240 129.2
1901250 129.2
1901260 129.1
1901270 128.9
1901280 128.9
1901290 128.8
1901300 128.8
1901310 128.8
1901320 128.8
1901330 128.8
1901340 128.8
1901350 128.8
1901360 128.8
1901370 128.8
1901380 128.9
1901390 128.9
1901400 128.9
1901410 128.9
1901420 128.9
1901430 128.9
1901440 128.8
1901450 128.7
1901460 128.7
1901470 128.7
1901480 128.7
1901490 128.7
1901500 128.7
1901510 128.7
1901520 128.7
1901530 128.7
1901540 128.6
1901550 128.6
1901560 128.3
1901570 128.2
1901580 128.0
1901590 128.0
1901600 127.8
1901610 127.5
1901620 127.5
1901630 127.4
1901640 127.2
1901650 127.2
1901660 127.1
1901670 127.0
1901680 127.0
1901690 127.0
1901700 126.9
1901710 126.9
1901720 126.9
1901730 126.9
1901740 126.9
1901750 127.0
1901760 127.0
1901770 127.0
1901780 127.0
1901790 127.1
1901800 127.1
1901810 127.1
1901820 127.2
1901830 127.2
1901840 127.2
1901850 127.3
1901860 127.3
1901870 127.3
1901880 127.4
1901890 127.4
1901900 127.4
1901910 127.4
1901920 127.4
1901930 127.5
1901940 127.5
1901950 127.5
1901960 127.5
1901970 127.6
1901980 127.6
1901990 127.6
1902000 127.7
1902010 127.7
1902020 127.7
1902030 127.7
1902040 127.7
1902050 127.7
1902060 127.6
1902070 127.6
1902080 127.6
1902090 127.6
1902100 127.6
1902110 127.6
1902120 127.6
1902130 127.6
1902140 127.6
1902150 127.7
1902160 127.7
1902170 127.6
1902180 127.6
1902190 127.6
1902200 127.6
1902210 127.6
1902220 127.6
1902230 127.5
1902240 127.5
1902250 127.5
1902260 127.5
1902270 127.5
1902280 127.5
1902290 127.5
1902300 127.5
1902310 127.5
1902320 127.5
1902330 127.5
1902340 127.5
1902350 127.4
1902360 127.4
1902370 127.4
1902380 127.4
1902390 127.4
1902400 127.4
1902410 127.4
1902420 127.4
1902430 127.5
1902440 127.5
1902450 127.6
1902460 127.6
1902470 127.6
1902480 127.6
1902490 127.4
1902500 127.4
1902510 127.3
1902520 127.3
1902530 127.3
1902540 127.4
1902550 127.3
1902560 127.3
1902570 127.3
1902580 127.2
1902590 127.2
1902600 127.3
1902610 127.3
1902620 127.3
1902630 127.4
1902640 127.5
1902650 127.5
1902660 127.7
1902670 127.9
1902680 127.9
1902690 128.0
1902700 128.0
1902710 128.0
1902720 128.0
1902730 128.0
1902740 128.0
1902750 128.1
1902760 127.8
1902770 127.8
1902780 127.8
1902790 127.7
1902800 127.7
1902810 127.6
1902820 127.5
1902830 127.5
1902840 127.4
1902850 127.3
1902860 127.3
1902870 127.3
1902880 127.3
1902890 127.3
1902900 127.3
1902910 127.2
1902920 127.2
1902930 127.1
1902940 126.9
1902950 126.9
1902960 126.8
1902970 126.9
1902980 126.9
1902990 126.9
1903000 127.0
1903010 127.0
1903020 127.1
1903030 127.1
1903040 127.1
1903050 127.1
1903060 127.1
1903070 127.0
1903080 127.0
1903090 126.9
1903100 126.9
1903110 126.9
1903120 126.9
1903130 126.9
1903140 127.0
1903150 127.2
1903160 127.2
1903170 127.6
1903180 129.2
1903190 129.2
1903200 129.7
1903210 128.6
1903220 128.6
1903230 128.1
1903240 128.3
1903250 128.3
1903260 128.4
1903270 128.4
1903280 128.4
1903290 128.4
1903300 128.4
1903310 128.3
1903320 128.3
1903330 128.3
1903340 128.2
1903350 128.2
1903360 128.1
1903370 127.8
1903380 128.0
1903390 127.7
1903400 127.6
1903410 127.6
1903420 127.4
1903430 127.4
1903440 127.4
1903450 127.3
1903460 127.3
1903470 127.3
1903480 127.3
1903490 127.2
1903500 127.2
1903510 127.2
1903520 127.2
1903530 127.2
1903540 127.2
1903550 127.3
1903560 127.3
1903570 127.3
1903580 127.3
1903590 127.3
1903600 127.2
1903610 127.1
1903620 127.1
1903630 127.1
1903640 127.0
1903650 127.0
1903660 127.0
1903670 126.9
1903680 126.9
1903690 126.9
1903700 126.8
1903710 126.8
1903720 126.8
1903730 126.8
1903740 126.8
1903750 126.8
1903760 126.8
1903770 126.8
1903780 126.8
1903790 126.9
1903800 126.9
1903810 127.0
1903820 127.1
1903830 127.1
1903840 127.1
1903850 127.2
1903860 127.2
1903870 127.2
1903880 127.1
1903890 127.1
1903900 127.1
1903910 127.1
1903920 127.1
1903930 127.1
1903940 127.2
1903950 127.2
1903960 127.2
1903970 127.1
1903980 127.1
1903990 127.1
1904000 127.0
1904010 127.0
1904020 126.9
1904030 126.8
1904040 126.8
1904050 126.7
1904060 126.7
1904070 126.7
1904080 126.7
1904090 126.7
1904100 126.7
1904110 126.7
1904120 126.6
1904130 126.6
1904140 126.6
1904150 126.6
1904160 126.6
1904170 126.6
1904180 126.6
1904190 126.6
1904200 126.6
1904210 126.7
1904220 126.7
1904230 126.7
1904240 126.7
1904250 126.7
1904260 126.7
1904270 126.6
1904280 126.7
1904290 126.7
1904300 126.7
1904310 126.8
1904320 126.8
1904330 127.0
1904340 127.1
1904350 127.1
1904360 127.1
1904370 127.2
1904380 127.2
1904390 127.2
1904400 127.0
1904410 127.0
1904420 126.9
1904430 126.8
1904440 126.8
1904450 126.8
1904460 126.8
1904470 126.8
1904480 126.9
1904490 126.9
1904500 126.9
1904510 126.9
1904520 126.9
1904530 126.9
1904540 126.8
1904550 126.8
1904560 126.8
1904570 126.8
1904580 126.8
1904590 126.8
1904600 126.8
1904610 126.8
1904620 126.8
1904630 126.9
1904640 126.9
1904650 126.9
1904660 126.9
1904670 126.9
1904680 126.9
1904690 127.0
1904700 127.0
1904710 127.0
1904720 126.9
1904730 126.9
1904740 126.9
1904750 126.9
1904760 126.9
1904770 126.9
1904780 126.9
1904790 126.8
1904800 126.8
1904810 126.8
1904820 126.8
1904830 126.8
1904840 126.8
1904850 126.8
1904860 126.8
1904870 126.9
1904880 126.9
1904890 126.9
1904900 126.9
1904910 127.0
1904920 127.0
1904930 127.0
1904940 127.0
1904950 127.0
1904960 127.0
1904970 127.0
1904980 127.0
1904990 127.0
