1900000 154.1
1900010 154.1
1900020 154.1
1900030 154.1
1900040 154.0
1900050 154.0
1900060 153.9
1900070 153.9
1900080 153.9
1900090 153.9
1900100 153.9
1900110 153.8
1900120 153.8
1900130 153.7
1900140 153.8
1900150 153.8
1900160 153.9
1900170 154.0
1900180 154.0
1900190 153.8
1900200 153.7
1900210 153.7
1900220 153.5
1900230 153.3
1900240 153.3
1900250 153.4
1900260 153.5
1900270 153.5
1900280 153.5
1900290 153.5
1900300 153.5
1900310 153.5
1900320 153.4
1900330 153.4
1900340 153.4
1900350 153.4
1900360 153.4
1900370 153.3
1900380 153.3
1900390 153.3
1900400 153.1
1900410 153.0
1900420 153.0
1900430 153.0
1900440 153.0
1900450 153.0
1900460 153.0
1900470 152.9
1900480 152.9
1900490 152.9
1900500 152.9
1900510 152.9
1900520 152.8
1900530 152.7
1900540 152.7
1900550 152.6
1900560 152.5
1900570 152.5
1900580 152.2
1900590 152.0
1900600 152.0
1900610 151.5
1900620 151.1
1900630 151.1
1900640 150.7
1900650 150.1
1900660 150.1
1900670 148.8
1900680 147.7
1900690 147.7
1900700 146.9
1900710 146.2
1900720 146.2
1900730 145.3
1900740 144.6
1900750 144.6
1900760 143.8
1900770 143.1
1900780 143.1
1900790 142.4
1900800 141.8
1900810 141.8
1900820 141.2
1900830 140.7
1900840 140.7
1900850 140.2
1900860 139.7
1900870 139.7
1900880 139.2
1900890 138.6
1900900 138.6
1900910 138.1
1900920 137.2
1900930 136.4
1900940 136.4
1900950 135.8
1900960 135.3
1900970 135.3
1900980 134.8
1900990 134.3
1901000 134.3
1901010 133.8
1901020 133.4
1901030 133.4
1901040 133.1
1901050 132.7
1901060 132.7
1901070 132.5
1901080 132.2
1901090 132.2
1901100 131.9
1901110 131.6
1901120 131.6
1901130 131.3
1901140 130.9
1901150 130.9
1901160 130.7
1901170 130.4
1901180 130.4
1901190 130.2
1901200 130.1
1901210 130.1
1901220 129.9
1901230 129.7
1901240 129.7
1901250 129.6
1901260 129.4
1901270 129.4
1901280 129.2
1901290 129.1
1901300 129.1
1901310 128.9
1901320 128.7
1901330 128.7
1901340 128.6
1901350 128.5
1901360 128.5
1901370 128.5
1901380 128.4
1901390 128.4
1901400 128.4
1901410 128.3
1901420 128.3
1901430 128.3
1901440 128.2
1901450 128.2
1901460 128.3
1901470 128.4
1901480 128.4
1901490 128.3
1901500 128.3
1901510 128.3
1901520 128.3
1901530 128.4
1901540 128.5
1901550 128.6
1901560 128.6
1901570 128.6
1901580 128.6
1901590 128.6
1901600 128.6
1901610 128.6
1901620 128.5
1901630 128.5
1901640 128.4
1901650 128.4
1901660 128.4
1901670 128.4
1901680 128.3
1901690 128.3
1901700 128.3
1901710 128.3
1901720 128.3
1901730 128.3
1901740 128.3
1901750 128.3
1901760 128.2
1901770 128.1
1901780 128.0
1901790 128.0
1901800 127.9
1901810 127.6
1901820 127.6
1901830 127.4
1901840 127.2
1901850 127.1
1901860 127.0
1901870 126.9
1901880 126.9
1901890 126.8
1901900 126.7
1901910 126.7
1901920 126.7
1901930 126.7
1901940 126.7
1901950 126.7
1901960 126.7
1901970 126.7
1901980 126.7
1901990 126.7
1902000 126.7
1902010 126.6
1902020 126.6
1902030 126.6
1902040 126.6
1902050 126.7
1902060 126.7
1902070 126.7
1902080 126.7
1902090 126.7
1902100 126.6
1902110 126.6
1902120 126.6
1902130 126.6
1902140 126.7
1902150 126.7
1902160 126.8
1902170 126.9
1902180 126.9
1902190 127.0
1902200 127.0
1902210 127.0
1902220 127.0
1902230 127.0
1902240 127.0
1902250 127.0
1902260 127.1
1902270 127.1
1902280 127.1
1902290 127.1
1902300 127.1
1902310 127.1
1902320 127.1
1902330 127.1
1902340 127.1
1902350 127.2
1902360 127.2
1902370 127.3
1902380 127.3
1902390 127.3
1902400 127.3
1902410 127.4
1902420 127.4
1902430 127.4
1902440 127.4
1902450 127.4
1902460 127.5
1902470 127.5
1902480 127.5
1902490 127.5
1902500 127.4
1902510 127.4
1902520 127.4
1902530 127.4
1902540 127.4
1902550 127.4
1902560 127.3
1902570 127.3
1902580 127.3
1902590 127.3
1902600 127.3
1902610 127.2
1902620 127.2
1902630 127.1
1902640 127.1
1902650 127.1
1902660 127.1
1902670 127.1
1902680 127.2
1902690 127.3
1902700 127.3
1902710 127.5
1902720 127.6
1902730 127.6
1902740 127.7
1902750 127.7
1902760 127.7
1902770 127.6
1902780 127.6
1902790 127.6
1902800 127.6
1902810 127.6
1902820 127.6
1902830 127.5
1902840 127.5
1902850 127.5
1902860 127.5
1902870 127.5
1902880 127.5
1902890 127.5
1902900 127.6
1902910 127.6
1902920 127.6
1902930 127.6
1902940 127.6
1902950 127.7
1902960 127.7
1902970 127.7
1902980 127.7
1902990 127.8
1903000 127.8
1903010 127.9
1903020 128.1
1903030 128.1
1903040 128.2
1903050 128.4
1903060 128.4
1903070 128.5
1903080 128.6
1903090 128.6
1903100 128.7
1903110 128.6
1903120 128.6
1903130 128.6
1903140 128.4
1903150 128.4
1903160 128.2
1903170 127.9
1903180 127.9
1903190 127.5
1903200 127.3
1903210 127.3
1903220 127.4
1903230 127.3
1903240 127.3
1903250 127.4
1903260 127.4
1903270 127.4
1903280 127.4
1903290 127.4
1903300 127.4
1903310 127.6
1903320 127.8
1903330 127.8
1903340 127.9
1903350 127.8
1903360 127.8
1903370 127.6
1903380 127.4
1903390 127.4
1903400 127.2
1903410 127.1
1903420 127.1
1903430 127.1
1903440 127.1
1903450 127.1
1903460 127.1
1903470 127.1
1903480 127.1
1903490 127.1
1903500 127.2
1903510 127.2
1903520 127.2
1903530 127.2
1903540 127.2
1903550 127.2
1903560 127.2
1903570 127.3
1903580 127.3
1903590 127.3
1903600 127.3
1903610 127.3
1903620 127.3
1903630 127.3
1903640 127.3
1903650 127.3
1903660 127.2
1903670 127.2
1903680 127.1
1903690 127.1
1903700 127.1
1903710 127.0
1903720 127.0
1903730 127.0
1903740 127.0
1903750 127.0
1903760 127.0
1903770 126.8
1903780 126.7
1903790 126.7
1903800 126.7
1903810 126.6
1903820 126.6
1903830 126.6
1903840 126.6
1903850 126.6
1903860 126.6
1903870 126.7
1903880 126.7
1903890 126.7
1903900 126.8
1903910 126.8
1903920 126.8
1903930 126.9
1903940 126.9
1903950 126.9
1903960 127.0
1903970 127.0
1903980 126.9
1903990 126.9
1904000 126.9
1904010 126.8
1904020 126.7
1904030 126.7
1904040 126.6
1904050 126.5
1904060 126.5
1904070 126.4
1904080 126.3
1904090 126.3
1904100 126.4
1904110 126.5
1904120 126.5
1904130 126.7
1904140 126.7
1904150 126.7
1904160 126.6
1904170 126.6
1904180 126.6
1904190 126.5
1904200 126.4
1904210 126.4
1904220 126.4
1904230 126.4
1904240 126.4
1904250 126.4
1904260 126.5
1904270 126.5
1904280 126.6
1904290 126.6
1904300 126.6
1904310 126.7
1904320 126.8
1904330 126.9
1904340 126.9
1904350 126.9
1904360 126.9
1904370 126.9
1904380 127.0
1904390 127.0
1904400 127.0
1904410 127.1
1904420 127.1
1904430 127.1
1904440 127.1
1904450 127.1
1904460 127.1
1904470 127.1
1904480 127.1
1904490 127.1
1904500 127.1
1904510 127.1
1904520 127.1
1904530 127.1
1904540 127.1
1904550 127.1
1904560 127.0
1904570 127.0
1904580 127.0
1904590 127.0
1904600 127.0
1904610 127.0
1904620 126.9
1904630 126.9
1904640 126.9
1904650 126.8
1904660 126.8
1904670 126.8
1904680 126.8
1904690 126.8
1904700 126.8
1904710 126.8
1904720 126.8
1904730 126.8
1904740 126.8
1904750 126.8
1904760 126.8
1904770 126.7
1904780 126.7
1904790 126.7
1904800 126.7
1904810 126.7
1904820 126.7
1904830 126.7
1904840 126.7
1904850 126.7
1904860 126.6
1904870 126.6
1904880 126.6
1904890 126.5
1904900 126.5
1904910 126.5
1904920 126.6
