1900000 140.9
1900010 140.7
1900020 140.7
1900030 140.5
1900040 140.3
1900050 140.3
1900060 139.7
1900070 139.2
1900080 139.2
1900090 138.8
1900100 138.3
1900110 137.9
1900120 137.5
1900130 137.2
1900140 137.2
1900150 136.8
1900160 136.6
1900170 136.6
1900180 136.5
1900190 136.4
1900200 136.4
1900210 136.3
1900220 136.3
1900230 136.3
1900240 136.1
1900250 136.0
1900260 136.0
1900270 135.8
1900280 135.7
1900290 135.7
1900300 135.6
1900310 135.5
1900320 135.5
1900330 135.4
1900340 135.2
1900350 135.2
1900360 135.1
1900370 134.9
1900380 134.9
1900390 134.6
1900400 134.5
1900410 134.5
1900420 134.4
1900430 134.2
1900440 134.2
1900450 134.0
1900460 133.8
1900470 133.8
1900480 133.6
1900490 133.3
1900500 133.3
1900510 133.2
1900520 133.1
1900530 133.0
1900540 133.0
1900550 132.9
1900560 132.7
1900570 132.7
1900580 132.7
1900590 132.7
1900600 132.7
1900610 132.5
1900620 132.5
1900630 132.5
1900640 132.4
1900650 132.3
1900660 132.3
1900670 132.2
1900680 132.2
1900690 132.2
1900700 132.1
1900710 131.9
1900720 131.9
1900730 131.8
1900740 131.7
1900750 131.7
1900760 131.6
1900770 131.5
1900780 131.5
1900790 131.4
1900800 131.3
1900810 131.3
1900820 131.2
1900830 131.0
1900840 131.0
1900850 130.9
1900860 130.8
1900870 130.8
1900880 130.8
1900890 130.8
1900900 130.8
1900910 130.7
1900920 130.6
1900930 130.6
1900940 130.5
1900950 130.4
1900960 130.4
1900970 130.4
1900980 130.3
1900990 130.3
1901000 130.2
1901010 130.2
1901020 130.2
1901030 130.2
1901040 130.3
1901050 130.3
1901060 130.2
1901070 130.2
1901080 130.2
1901090 130.1
1901100 130.0
1901110 130.0
1901120 130.0
1901130 129.8
1901140 129.8
1901150 129.7
1901160 129.5
1901170 129.5
1901180 129.3
1901190 129.1
1901200 129.1
1901210 128.8
1901220 128.6
1901230 128.6
1901240 128.5
1901250 128.4
1901260 128.4
1901270 128.3
1901280 128.2
1901290 128.2
1901300 128.2
1901310 128.1
1901320 128.1
1901330 128.1
1901340 128.0
1901350 128.1
1901360 128.0
1901370 127.9
1901380 127.9
1901390 127.8
1901400 127.8
1901410 127.7
1901420 127.7
1901430 127.6
1901440 127.6
1901450 127.6
1901460 127.5
1901470 127.5
1901480 127.5
1901490 127.4
1901500 127.4
1901510 127.4
1901520 127.4
1901530 127.3
1901540 127.3
1901550 127.3
1901560 127.3
1901570 127.3
1901580 127.2
1901590 127.2
1901600 127.2
1901610 127.1
1901620 127.1
1901630 127.1
1901640 127.1
1901650 127.1
1901660 127.1
1901670 127.1
1901680 127.2
1901690 127.2
1901700 127.2
1901710 127.1
1901720 127.1
1901730 127.2
1901740 127.4
1901750 127.4
1901760 127.6
1901770 127.7
1901780 127.7
1901790 127.7
1901800 127.6
1901810 127.6
1901820 127.6
1901830 127.6
1901840 127.6
1901850 127.6
1901860 127.6
1901870 127.6
1901880 127.6
1901890 127.5
1901900 127.5
1901910 127.5
1901920 127.4
1901930 127.4
1901940 126.5
1901950 123.5
1901960 125.1
1901970 122.8
1901980 123.1
1901990 123.1
1902000 124.0
1902010 124.2
1902020 124.2
1902030 123.9
1902040 125.3
1902050 125.3
1902060 127.3
1902070 127.8
1902080 127.8
1902090 127.8
1902100 127.8
1902110 127.8
1902120 127.8
1902130 127.8
1902140 127.8
1902150 127.8
1902160 127.8
1902170 127.8
1902180 127.8
1902190 127.8
1902200 127.8
1902210 127.9
1902220 127.9
1902230 127.9
1902240 127.9
1902250 127.9
1902260 127.9
1902270 128.0
1902280 128.0
1902290 128.0
1902300 128.0
1902310 128.0
1902320 128.0
1902330 128.0
1902340 128.0
1902350 128.0
1902360 128.0
1902370 128.0
1902380 128.0
1902390 128.0
1902400 128.0
1902410 128.0
1902420 128.0
1902430 128.1
1902440 128.3
1902450 128.3
1902460 128.5
1902470 128.5
1902480 128.5
1902490 128.6
1902500 128.6
1902510 128.6
1902520 128.4
1902530 128.3
1902540 128.3
1902550 128.1
1902560 128.0
1902570 128.0
1902580 127.9
1902590 127.9
1902600 127.9
1902610 127.8
1902620 127.8
1902630 127.8
1902640 127.7
1902650 127.8
1902660 127.8
1902670 127.8
1902680 127.8
1902690 127.8
1902700 127.8
1902710 127.7
1902720 127.7
1902730 127.6
1902740 127.4
1902750 127.4
1902760 127.2
1902770 127.2
1902780 127.2
1902790 127.2
1902800 127.2
1902810 127.2
1902820 127.2
1902830 127.3
1902840 127.3
1902850 127.3
1902860 127.2
1902870 127.2
1902880 127.1
1902890 127.1
1902900 127.1
1902910 127.0
1902920 126.9
1902930 126.9
1902940 126.9
1902950 127.0
1902960 127.0
1902970 127.0
1902980 127.1
1902990 127.1
1903000 127.2
1903010 127.2
1903020 127.2
1903030 127.2
1903040 127.2
1903050 127.2
1903060 127.3
1903070 127.3
1903080 127.3
1903090 127.5
1903100 128.0
1903110 128.0
1903120 128.0
1903130 128.0
1903140 128.0
1903150 127.9
1903160 127.9
1903170 127.8
1903180 127.8
1903190 127.7
1903200 127.7
1903210 127.7
1903220 127.6
1903230 127.5
1903240 127.5
1903250 127.3
1903260 127.2
1903270 127.2
1903280 127.0
1903290 126.8
1903300 126.8
1903310 126.7
1903320 126.6
1903330 126.6
1903340 126.5
1903350 126.5
1903360 126.5
1903370 126.5
1903380 126.6
1903390 126.6
1903400 126.6
1903410 126.6
1903420 126.6
1903430 126.7
1903440 126.8
1903450 126.8
1903460 126.8
1903470 126.9
1903480 126.9
1903490 127.0
1903500 127.0
1903510 127.0
1903520 127.1
1903530 127.2
1903540 127.2
1903550 127.3
1903560 127.4
1903570 127.4
1903580 127.4
1903590 127.4
1903600 127.4
1903610 127.3
1903620 127.4
1903630 127.4
1903640 127.4
1903650 127.4
1903660 127.4
1903670 127.3
1903680 127.2
1903690 127.2
1903700 127.2
1903710 127.2
1903720 127.2
1903730 127.2
1903740 127.3
1903750 127.3
1903760 127.4
1903770 127.5
1903780 127.5
1903790 127.7
1903800 127.7
1903810 127.7
1903820 127.7
1903830 127.7
1903840 127.7
1903850 127.7
1903860 127.7
1903870 127.7
1903880 127.7
1903890 127.7
1903900 127.7
1903910 127.7
1903920 127.6
1903930 127.6
1903940 127.5
1903950 127.5
1903960 127.5
1903970 127.5
1903980 127.5
1903990 127.5
1904000 127.4
1904010 127.4
1904020 127.4
1904030 127.3
1904040 127.3
1904050 127.2
1904060 127.2
1904070 127.2
1904080 127.2
1904090 127.2
1904100 127.2
1904110 127.2
1904120 127.3
1904130 127.3
1904140 127.3
1904150 127.3
1904160 127.3
1904170 127.3
1904180 127.3
1904190 127.6
1904200 127.6
1904210 127.6
1904220 127.6
1904230 127.5
1904240 127.5
1904250 127.6
1904260 127.8
1904270 127.8
1904280 127.9
1904290 127.9
1904300 127.9
1904310 128.0
1904320 128.1
1904330 128.1
1904340 128.1
1904350 127.9
1904360 127.9
1904370 127.6
1904380 127.4
1904390 127.4
1904400 127.2
1904410 127.1
1904420 127.1
1904430 126.9
1904440 126.9
1904450 126.9
1904460 126.9
1904470 126.9
1904480 126.9
1904490 126.8
1904500 126.8
1904510 126.8
1904520 126.8
1904530 126.8
1904540 126.8
1904550 126.8
1904560 126.7
1904570 126.7
1904580 126.7
1904590 126.8
1904600 126.8
1904610 126.8
1904620 126.8
1904630 126.8
1904640 126.8
1904650 126.7
1904660 126.7
1904670 126.5
1904680 126.5
1904690 126.5
1904700 126.5
1904710 126.5
1904720 126.5
1904730 126.6
1904740 126.6
1904750 126.6
1904760 126.7
1904770 126.7
1904780 126.7
1904790 126.7
1904800 126.7
1904810 126.7
1904820 126.8
1904830 126.8
1904840 126.8
1904850 126.7
1904860 126.7
1904870 126.7
1904880 126.7
1904890 126.8
1904900 126.8
1904910 126.9
1904920 127.0
1904930 126.9
1904940 126.9
1904950 126.7
1904960 126.7
1904970 126.7
1904980 126.7
1904990 126.7
1905000 126.7
1905010 126.8
1905020 126.8
1905030 126.8
1905040 126.8
1905050 126.8
1905060 126.8
1905070 127.0
1905080 127.3
1905090 127.3
1905100 127.6
1905110 127.9
1905120 127.9
1905130 128.3
1905140 128.5
1905150 128.5
1905160 128.5
1905170 128.4
1905180 128.4
1905190 128.3
1905200 128.3
1905210 128.3
1905220 128.3
1905230 128.4
1905240 128.4
1905250 128.4
1905260 128.4
1905270 128.4
1905280 128.3
1905290 128.2
1905300 128.2
1905310 128.2
1905320 128.1
1905330 128.1
1905340 127.9
1905350 127.7
1905360 127.7
1905370 127.6
1905380 127.5
1905390 127.5
1905400 127.5
1905410 127.3
1905420 127.3
1905430 127.2
1905440 127.2
1905450 127.2
1905460 127.2
1905470 127.2
1905480 127.2
1905490 127.2
