1900000 150.9
1900010 150.9
1900020 150.2
1900030 149.5
1900040 149.3
1900050 149.3
1900060 149.2
1900070 149.0
1900080 149.0
1900090 148.7
1900100 148.7
1900110 148.7
1900120 148.5
1900130 148.5
1900140 148.5
1900150 148.4
1900160 148.4
1900170 148.4
1900180 148.1
1900190 147.7
1900200 147.7
1900210 147.3
1900220 146.7
1900230 146.7
1900240 146.1
1900250 145.6
1900260 145.6
1900270 144.9
1900280 144.2
1900290 144.2
1900300 143.8
1900310 144.5
1900320 144.5
1900330 143.9
1900340 142.5
1900350 142.5
1900360 141.8
1900370 140.8
1900380 140.8
1900390 140.1
1900400 139.4
1900410 139.4
1900420 138.9
1900430 138.4
1900440 138.4
1900450 137.8
1900460 137.2
1900470 137.2
1900480 136.7
1900490 136.3
1900500 136.3
1900510 135.8
1900520 135.5
1900530 135.5
1900540 135.2
1900550 135.0
1900560 135.0
1900570 134.8
1900580 134.4
1900590 134.4
1900600 134.3
1900610 134.0
1900620 134.0
1900630 133.9
1900640 133.7
1900650 133.8
1900660 133.6
1900670 133.4
1900680 133.4
1900690 133.2
1900700 133.0
1900710 133.0
1900720 132.8
1900730 132.7
1900740 132.7
1900750 132.6
1900760 132.4
1900770 132.4
1900780 132.2
1900790 132.0
1900800 132.0
1900810 131.8
1900820 131.6
1900830 131.6
1900840 131.5
1900850 131.3
1900860 131.3
1900870 131.2
1900880 131.0
1900890 130.8
1900900 130.8
1900910 130.8
1900920 130.9
1900930 130.9
1900940 130.7
1900950 130.3
1900960 130.4
1900970 130.1
1900980 129.9
1900990 129.9
1901000 129.8
1901010 129.6
1901020 129.6
1901030 129.5
1901040 129.5
1901050 129.5
1901060 129.4
1901070 129.4
1901080 129.4
1901090 129.3
1901100 129.2
1901110 129.2
1901120 129.1
1901130 129.1
1901140 129.1
1901150 129.1
1901160 129.1
1901170 129.1
1901180 129.1
1901190 129.1
1901200 129.1
1901210 129.0
1901220 128.9
1901230 128.9
1901240 128.9
1901250 128.9
1901260 128.9
1901270 128.9
1901280 128.8
1901290 128.8
1901300 128.8
1901310 128.9
1901320 128.9
1901330 128.9
1901340 128.8
1901350 128.8
1901360 128.8
1901370 128.6
1901380 128.6
1901390 128.6
1901400 128.5
1901410 128.5
1901420 128.4
1901430 128.4
1901440 128.4
1901450 128.2
1901460 128.2
1901470 128.2
1901480 128.0
1901490 127.8
1901500 127.8
1901510 127.6
1901520 127.4
1901530 127.4
1901540 127.4
1901550 127.4
1901560 127.4
1901570 127.4
1901580 127.4
1901590 127.4
1901600 127.4
1901610 127.4
1901620 127.4
1901630 127.5
1901640 127.6
1901650 127.6
1901660 127.7
1901670 127.8
1901680 127.8
1901690 127.8
1901700 127.8
1901710 127.8
1901720 127.8
1901730 127.8
1901740 127.8
1901750 127.8
1901760 127.8
1901770 127.9
1901780 127.9
1901790 127.9
1901800 128.0
1901810 128.0
1901820 128.0
1901830 128.1
1901840 128.1
1901850 128.1
1901860 128.1
1901870 128.1
1901880 128.1
1901890 128.0
1901900 128.0
1901910 127.9
1901920 127.9
1901930 127.9
1901940 127.9
1901950 127.9
1901960 127.9
1901970 128.0
1901980 128.0
1901990 128.0
1902000 127.9
1902010 127.8
1902020 127.8
1902030 127.7
1902040 127.6
1902050 127.6
1902060 127.5
1902070 127.4
1902080 127.4
1902090 127.2
1902100 127.1
1902110 127.1
1902120 127.1
1902130 127.1
1902140 127.1
1902150 127.1
1902160 127.2
1902170 127.2
1902180 127.0
1902190 127.0
1902200 127.0
1902210 127.0
1902220 127.0
1902230 127.0
1902240 127.0
1902250 127.1
1902260 127.1
1902270 127.0
1902280 126.9
1902290 126.9
1902300 126.9
1902310 126.9
1902320 126.9
1902330 126.9
1902340 127.0
1902350 127.0
1902360 127.1
1902370 127.0
1902380 127.0
1902390 126.9
1902400 126.9
1902410 126.9
1902420 126.9
1902430 126.9
1902440 126.9
1902450 126.9
1902460 126.9
1902470 126.9
1902480 126.9
1902490 126.9
1902500 126.9
1902510 126.9
1902520 126.9
1902530 126.9
1902540 126.9
1902550 126.9
1902560 126.9
1902570 126.8
1902580 126.8
1902590 126.8
1902600 126.8
1902610 126.8
1902620 126.7
1902630 126.7
1902640 126.8
1902650 126.8
1902660 126.8
1902670 126.8
1902680 126.8
1902690 126.8
1902700 126.8
1902710 126.9
1902720 126.9
1902730 127.1
1902740 126.9
1902750 126.9
1902760 127.0
1902770 127.2
1902780 127.2
1902790 127.4
1902800 127.5
1902810 127.5
1902820 127.6
1902830 127.7
1902840 127.7
1902850 127.8
1902860 127.9
1902870 127.9
1902880 127.9
1902890 128.0
1902900 128.0
1902910 128.1
1902920 128.3
1902930 128.3
1902940 128.4
1902950 128.4
1902960 128.4
1902970 128.4
1902980 128.3
1902990 128.3
1903000 128.3
1903010 128.2
1903020 128.2
1903030 128.2
1903040 128.2
1903050 128.2
1903060 128.2
1903070 128.2
1903080 128.2
1903090 128.2
1903100 128.2
1903110 128.2
1903120 128.3
1903130 128.2
1903140 128.2
1903150 128.2
1903160 128.1
1903170 128.1
1903180 128.0
1903190 127.8
1903200 127.8
1903210 127.6
1903220 127.5
1903230 127.5
1903240 127.4
1903250 127.3
1903260 127.3
1903270 127.3
1903280 127.3
1903290 127.3
1903300 127.2
1903310 127.2
1903320 127.2
1903330 127.1
1903340 127.1
1903350 127.1
1903360 127.1
1903370 127.0
1903380 127.0
1903390 127.0
1903400 127.0
1903410 127.0
1903420 127.1
1903430 127.1
1903440 127.1
1903450 127.2
1903460 127.2
1903470 127.2
1903480 127.3
1903490 127.4
1903500 127.5
1903510 127.5
1903520 127.6
1903530 127.7
1903540 127.7
1903550 127.7
1903560 127.7
1903570 127.7
1903580 127.6
1903590 127.5
1903600 127.5
1903610 127.4
1903620 127.3
1903630 127.3
1903640 127.2
1903650 127.2
1903660 127.2
1903670 127.2
1903680 127.2
1903690 127.2
1903700 127.2
1903710 127.3
1903720 127.3
1903730 127.4
1903740 127.4
1903750 127.4
1903760 127.5
1903770 127.4
1903780 127.4
1903790 127.3
1903800 127.3
1903810 127.3
1903820 127.2
1903830 127.2
1903840 127.2
1903850 127.1
1903860 127.0
1903870 127.0
1903880 127.0
1903890 127.0
1903900 127.0
1903910 127.1
1903920 127.2
1903930 127.2
1903940 127.3
1903950 127.5
1903960 127.5
1903970 127.3
1903980 127.1
1903990 127.1
1904000 127.0
1904010 126.9
1904020 126.9
1904030 126.9
1904040 127.0
1904050 127.0
1904060 127.0
1904070 127.1
1904080 127.1
1904090 127.1
1904100 127.2
1904110 127.2
1904120 127.2
1904130 127.2
1904140 127.2
1904150 127.1
1904160 127.1
1904170 127.1
1904180 127.1
1904190 127.2
1904200 127.2
1904210 127.2
1904220 127.2
1904230 127.2
1904240 127.2
1904250 127.2
1904260 127.2
1904270 127.1
1904280 127.0
1904290 127.0
1904300 127.0
1904310 127.1
1904320 127.1
1904330 127.2
1904340 127.4
1904350 127.4
1904360 127.3
1904370 127.3
1904380 127.3
1904390 127.3
1904400 127.2
1904410 127.1
1904420 127.1
1904430 127.2
1904440 127.4
1904450 127.4
1904460 127.4
1904470 127.3
1904480 127.3
1904490 127.3
1904500 127.4
1904510 127.4
1904520 127.4
1904530 127.4
1904540 127.4
1904550 127.5
1904560 127.5
1904570 127.5
1904580 127.5
1904590 127.5
1904600 127.5
1904610 127.5
1904620 127.6
1904630 127.6
1904640 127.6
1904650 127.7
1904660 127.7
1904670 127.7
1904680 127.7
1904690 127.7
1904700 127.7
1904710 127.7
1904720 127.7
1904730 127.7
1904740 127.6
1904750 127.6
1904760 127.5
1904770 127.4
1904780 127.4
1904790 127.4
1904800 127.4
1904810 127.4
1904820 127.4
1904830 127.4
1904840 127.4
1904850 127.4
1904860 127.3
1904870 127.3
1904880 127.3
1904890 127.3
1904900 127.3
1904910 127.3
1904920 127.3
1904930 127.3
1904940 127.3
1904950 127.3
1904960 127.3
1904970 127.3
1904980 127.4
1904990 127.4
1905000 127.4
1905010 127.5
1905020 127.5
1905030 127.5
1905040 127.5
1905050 127.5
1905060 127.6
1905070 127.7
1905080 127.7
1905090 127.7
1905100 127.6
1905110 127.6
1905120 127.6
1905130 127.6
1905140 127.6
1905150 127.6
1905160 127.5
1905170 127.5
1905180 127.5
1905190 127.4
1905200 127.4
1905210 127.4
1905220 127.4
1905230 127.4
1905240 127.4
1905250 127.3
