1900000 153.6
1900010 153.5
1900020 153.4
1900030 153.1
1900040 152.9
1900050 153.0
1900060 153.0
1900070 153.2
1900080 153.2
1900090 153.2
1900100 152.9
1900110 152.3
1900120 152.3
1900130 151.5
1900140 150.4
1900150 150.4
1900160 149.3
1900170 148.0
1900180 148.0
1900190 146.9
1900200 145.8
1900210 145.8
1900220 144.7
1900230 143.7
1900240 143.7
1900250 142.6
1900260 141.8
1900270 141.8
1900280 141.0
1900290 140.3
1900300 140.3
1900310 139.8
1900320 139.3
1900330 138.8
1900340 138.4
1900350 137.9
1900360 137.9
1900370 137.6
1900380 137.2
1900390 137.2
1900400 136.8
1900410 136.6
1900420 136.6
1900430 136.4
1900440 136.2
1900450 136.2
1900460 136.2
1900470 136.2
1900480 136.2
1900490 136.2
1900500 136.1
1900510 136.1
1900520 136.0
1900530 135.8
1900540 135.8
1900550 135.6
1900560 135.3
1900570 135.3
1900580 135.1
1900590 134.9
1900600 134.9
1900610 134.6
1900620 134.2
1900630 134.2
1900640 133.4
1900650 133.2
1900660 133.2
1900670 133.0
1900680 132.9
1900690 132.9
1900700 132.7
1900710 132.4
1900720 132.4
1900730 132.2
1900740 132.0
1900750 132.0
1900760 131.8
1900770 131.6
1900780 131.6
1900790 131.4
1900800 131.3
1900810 131.3
1900820 131.2
1900830 131.1
1900840 131.1
1900850 131.1
1900860 130.9
1900870 130.9
1900880 130.9
1900890 130.8
1900900 130.8
1900910 130.6
1900920 130.5
1900930 130.4
1900940 130.4
1900950 130.3
1900960 130.2
1900970 130.2
1900980 130.2
1900990 130.2
1901000 130.2
1901010 130.1
1901020 130.0
1901030 130.0
1901040 130.0
1901050 129.9
1901060 129.9
1901070 129.8
1901080 129.8
1901090 129.8
1901100 129.7
1901110 129.5
1901120 129.5
1901130 129.5
1901140 129.4
1901150 129.4
1901160 129.4
1901170 129.3
1901180 129.3
1901190 129.3
1901200 129.3
1901210 129.3
1901220 129.2
1901230 129.1
1901240 129.1
1901250 129.0
1901260 128.9
1901270 128.9
1901280 128.9
1901290 128.8
1901300 128.8
1901310 128.7
1901320 128.5
1901330 128.5
1901340 128.3
1901350 128.1
1901360 128.1
1901370 127.8
1901380 127.7
1901390 127.7
1901400 127.7
1901410 127.6
1901420 127.6
1901430 127.4
1901440 127.3
1901450 127.3
1901460 127.2
1901470 127.1
1901480 127.1
1901490 127.0
1901500 127.0
1901510 127.0
1901520 127.0
1901530 127.1
1901540 127.1
1901550 127.4
1901560 127.5
1901570 127.6
1901580 127.4
1901590 127.5
1901600 127.5
1901610 127.7
1901620 127.9
1901630 127.9
1901640 128.0
1901650 128.1
1901660 128.1
1901670 128.1
1901680 128.0
1901690 128.0
1901700 128.0
1901710 128.1
1901720 128.1
1901730 128.1
1901740 128.1
1901750 128.1
1901760 128.0
1901770 128.0
1901780 128.0
1901790 128.0
1901800 128.0
1901810 128.0
1901820 128.0
1901830 128.0
1901840 128.0
1901850 128.0
1901860 127.8
1901870 127.7
1901880 127.7
1901890 127.7
1901900 127.6
1901910 127.6
1901920 127.6
1901930 127.6
1901940 127.6
1901950 127.6
1901960 127.5
1901970 127.5
1901980 127.5
1901990 127.4
1902000 127.4
1902010 127.4
1902020 127.3
1902030 127.3
1902040 127.2
1902050 127.1
1902060 127.1
1902070 127.0
1902080 127.0
1902090 127.0
1902100 126.9
1902110 126.9
1902120 126.9
1902130 126.9
1902140 126.9
1902150 126.9
1902160 126.9
1902170 126.9
1902180 126.9
1902190 127.0
1902200 127.0
1902210 127.0
1902220 127.0
1902230 127.0
1902240 127.0
1902250 127.0
1902260 127.1
1902270 127.1
1902280 127.2
1902290 127.2
1902300 127.2
1902310 127.2
1902320 127.2
1902330 127.2
1902340 127.2
1902350 127.2
1902360 127.2
1902370 127.2
1902380 127.2
1902390 127.2
1902400 127.2
1902410 127.2
1902420 127.2
1902430 127.1
1902440 127.1
1902450 127.1
1902460 127.1
1902470 127.1
1902480 127.1
1902490 127.1
1902500 127.1
1902510 127.1
1902520 127.1
1902530 127.0
1902540 127.0
1902550 127.0
1902560 127.0
1902570 127.0
1902580 127.0
1902590 127.0
1902600 127.0
1902610 126.9
1902620 127.0
1902630 127.0
1902640 127.0
1902650 127.0
1902660 127.0
1902670 127.0
1902680 127.0
1902690 126.9
1902700 126.9
1902710 126.8
1902720 126.9
1902730 126.9
1902740 126.9
1902750 127.1
1902760 127.1
1902770 127.2
1902780 127.2
1902790 127.2
1902800 127.2
1902810 127.1
1902820 127.1
1902830 127.2
1902840 127.3
1902850 127.3
1902860 127.6
1902870 127.7
1902880 127.7
1902890 127.6
1902900 127.8
1902910 127.8
1902920 128.0
1902930 128.2
1902940 128.2
1902950 128.4
1902960 128.5
1902970 128.5
1902980 128.5
1902990 128.5
1903000 128.5
1903010 128.4
1903020 128.4
1903030 128.4
1903040 128.3
1903050 128.2
1903060 128.2
1903070 128.2
1903080 128.1
1903090 128.1
1903100 128.0
1903110 127.9
1903120 127.9
1903130 127.9
1903140 127.8
1903150 127.8
1903160 127.7
1903170 127.6
1903180 127.6
1903190 127.5
1903200 127.5
1903210 127.5
1903220 127.5
1903230 127.5
1903240 127.5
1903250 127.4
1903260 127.4
1903270 127.4
1903280 127.3
1903290 127.3
1903300 127.3
1903310 127.3
1903320 127.2
1903330 127.2
1903340 127.1
1903350 127.1
1903360 127.1
1903370 127.1
1903380 127.1
1903390 127.1
1903400 127.1
1903410 127.2
1903420 127.2
1903430 127.3
1903440 127.3
1903450 127.3
1903460 127.4
1903470 127.5
1903480 127.5
1903490 127.6
1903500 127.7
1903510 127.7
1903520 127.7
1903530 127.6
1903540 127.7
1903550 127.7
1903560 127.7
1903570 127.7
1903580 127.7
1903590 127.7
1903600 127.6
1903610 127.6
1903620 127.6
1903630 127.5
1903640 127.5
1903650 127.5
1903660 127.4
1903670 127.4
1903680 127.4
1903690 127.4
1903700 127.4
1903710 127.4
1903720 127.4
1903730 127.3
1903740 127.3
1903750 127.3
1903760 127.3
1903770 127.3
1903780 127.2
1903790 127.2
1903800 127.2
1903810 127.2
1903820 127.2
1903830 127.2
1903840 127.3
1903850 127.3
1903860 127.3
1903870 127.4
1903880 127.4
1903890 127.5
1903900 127.5
1903910 127.5
1903920 127.4
1903930 127.4
1903940 127.4
1903950 127.4
1903960 127.3
1903970 127.3
1903980 127.2
1903990 127.1
1904000 127.1
1904010 127.1
1904020 127.1
1904030 127.1
1904040 127.3
1904050 127.2
1904060 127.2
1904070 127.2
1904080 127.2
1904090 127.2
1904100 127.2
1904110 127.3
1904120 127.3
1904130 127.3
1904140 127.3
1904150 127.3
1904160 127.3
1904170 127.3
1904180 127.3
1904190 127.3
1904200 127.4
1904210 127.4
1904220 127.4
1904230 127.4
1904240 127.4
1904250 127.4
1904260 127.4
1904270 127.4
1904280 127.5
1904290 127.5
1904300 127.5
1904310 127.5
1904320 127.6
1904330 127.6
1904340 127.6
1904350 127.7
1904360 127.7
1904370 127.6
1904380 127.6
1904390 127.6
1904400 127.6
1904410 127.6
1904420 127.5
1904430 127.5
1904440 127.5
1904450 127.4
1904460 127.4
1904470 127.4
1904480 127.3
1904490 127.3
1904500 127.3
1904510 127.3
1904520 127.3
1904530 127.3
1904540 127.4
1904550 127.4
1904560 127.5
1904570 127.5
1904580 127.5
1904590 127.6
1904600 127.6
1904610 127.6
1904620 127.7
1904630 127.8
1904640 127.8
1904650 127.8
1904660 127.9
1904670 127.9
1904680 128.0
1904690 128.0
1904700 128.0
1904710 128.0
1904720 127.9
1904730 127.9
1904740 128.1
1904750 128.1
1904760 128.1
1904770 128.1
1904780 128.1
1904790 128.1
1904800 128.1
1904810 128.0
1904820 128.0
1904830 128.0
1904840 127.8
1904850 127.8
1904860 127.8
1904870 127.8
1904880 127.8
1904890 127.8
1904900 127.7
1904910 127.7
1904920 127.6
1904930 127.6
1904940 127.6
1904950 127.6
1904960 127.8
1904970 127.8
1904980 127.9
1904990 127.9
1905000 127.9
1905010 128.0
1905020 128.0
1905030 128.0
1905040 127.9
1905050 127.8
1905060 127.8
1905070 127.8
1905080 127.8
1905090 127.8
1905100 127.8
1905110 127.8
1905120 127.8
1905130 127.9
1905140 127.9
1905150 127.9
1905160 128.0
1905170 128.0
1905180 128.0
1905190 128.0
1905200 128.0
1905210 128.0
1905220 128.0
1905230 127.9
1905240 127.9
1905250 127.9
1905260 127.9
1905270 127.9
1905280 127.9
1905290 127.8
1905300 127.8
1905310 127.8
1905320 127.7
