1900000 141.4
1900010 141.4
1900020 141.4
1900030 141.2
1900040 141.2
1900050 141.0
1900060 140.6
1900070 140.6
1900080 140.3
1900090 139.9
1900100 140.1
1900110 139.7
1900120 139.2
1900130 139.2
1900140 139.0
1900150 138.7
1900160 138.7
1900170 138.4
1900180 138.2
1900190 138.2
1900200 137.9
1900210 137.7
1900220 137.7
1900230 137.5
1900240 137.3
1900250 137.3
1900260 137.0
1900270 136.7
1900280 136.7
1900290 136.5
1900300 136.3
1900310 136.3
1900320 136.1
1900330 136.0
1900340 136.0
1900350 135.9
1900360 135.7
1900370 135.7
1900380 135.4
1900390 135.2
1900400 135.2
1900410 134.8
1900420 134.5
1900430 134.5
1900440 134.3
1900450 134.2
1900460 134.2
1900470 134.1
1900480 133.9
1900490 133.9
1900500 133.8
1900510 133.6
1900520 133.6
1900530 133.4
1900540 133.3
1900550 133.3
1900560 133.1
1900570 132.8
1900580 132.8
1900590 132.6
1900600 132.5
1900610 132.5
1900620 132.5
1900630 132.4
1900640 132.4
1900650 132.3
1900660 132.2
1900670 132.2
1900680 132.2
1900690 132.2
1900700 132.0
1900710 132.0
1900720 131.9
1900730 131.9
1900740 131.9
1900750 131.8
1900760 131.8
1900770 131.8
1900780 131.8
1900790 131.8
1900800 131.8
1900810 131.6
1900820 131.5
1900830 131.5
1900840 131.4
1900850 131.3
1900860 131.3
1900870 131.2
1900880 131.1
1900890 131.1
1900900 131.0
1900910 130.9
1900920 130.9
1900930 130.8
1900940 130.7
1900950 130.7
1900960 130.5
1900970 130.4
1900980 130.4
1900990 130.3
1901000 130.1
1901010 130.1
1901020 129.9
1901030 129.4
1901040 129.4
1901050 129.3
1901060 129.0
1901070 129.0
1901080 128.7
1901090 128.4
1901100 128.4
1901110 128.2
1901120 128.1
1901130 128.1
1901140 128.0
1901150 127.9
1901160 127.9
1901170 127.9
1901180 127.8
1901190 127.8
1901200 127.8
1901210 127.8
1901220 127.8
1901230 127.8
1901240 127.8
1901250 127.8
1901260 127.8
1901270 127.8
1901280 127.8
1901290 127.8
1901300 127.8
1901310 127.8
1901320 127.9
1901330 127.9
1901340 127.9
1901350 127.9
1901360 127.9
1901370 127.9
1901380 127.9
1901390 127.8
1901400 127.8
1901410 127.9
1901420 127.9
1901430 127.9
1901440 127.9
1901450 127.8
1901460 127.8
1901470 127.7
1901480 127.6
1901490 127.6
1901500 127.5
1901510 127.4
1901520 127.4
1901530 127.3
1901540 127.2
1901550 127.2
1901560 127.2
1901570 127.3
1901580 127.3
1901590 127.3
1901600 127.3
1901610 127.3
1901620 127.3
1901630 127.3
1901640 127.3
1901650 127.3
1901660 127.2
1901670 127.2
1901680 127.2
1901690 127.1
1901700 127.1
1901710 127.1
1901720 127.2
1901730 127.3
1901740 127.3
1901750 127.3
1901760 127.3
1901770 127.3
1901780 127.2
1901790 127.2
1901800 127.2
1901810 127.3
1901820 127.5
1901830 127.5
1901840 127.5
1901850 127.5
1901860 127.5
1901870 127.6
1901880 127.6
1901890 127.6
1901900 127.6
1901910 127.7
1901920 127.7
1901930 127.8
1901940 127.8
1901950 127.8
1901960 127.8
1901970 127.7
1901980 127.7
1901990 127.7
1902000 127.7
1902010 127.7
1902020 127.7
1902030 127.7
1902040 127.7
1902050 127.7
1902060 127.7
1902070 127.7
1902080 127.7
1902090 127.8
1902100 127.8
1902110 127.9
1902120 127.9
1902130 127.9
1902140 128.0
1902150 128.1
1902160 128.1
1902170 128.1
1902180 128.2
1902190 128.2
1902200 128.2
1902210 128.2
1902220 128.2
1902230 128.2
1902240 128.2
1902250 128.2
1902260 128.2
1902270 128.3
1902280 128.3
1902290 128.4
1902300 128.4
1902310 128.4
1902320 128.5
1902330 128.5
1902340 128.5
1902350 128.4
1902360 128.4
1902370 128.4
1902380 128.5
1902390 128.5
1902400 128.5
1902410 128.5
1902420 128.4
1902430 128.5
1902440 128.5
1902450 128.4
1902460 128.4
1902470 128.4
1902480 128.4
1902490 128.3
1902500 128.3
1902510 128.3
1902520 128.2
1902530 128.2
1902540 128.1
1902550 128.0
1902560 128.0
1902570 127.9
1902580 127.9
1902590 127.9
1902600 127.9
1902610 127.9
1902620 127.9
1902630 127.9
1902640 127.7
1902650 127.7
1902660 127.6
1902670 127.4
1902680 127.4
1902690 127.3
1902700 127.3
1902710 127.3
1902720 127.2
1902730 127.1
1902740 127.1
1902750 127.1
1902760 127.1
1902770 127.1
1902780 127.1
1902790 127.1
1902800 127.1
1902810 127.1
1902820 127.2
1902830 127.2
1902840 127.2
1902850 127.1
1902860 127.1
1902870 127.1
1902880 127.0
1902890 127.0
1902900 127.0
1902910 127.0
1902920 127.0
1902930 127.0
1902940 127.0
1902950 127.0
1902960 127.1
1902970 127.2
1902980 127.2
1902990 127.2
1903000 127.2
1903010 127.2
1903020 127.2
1903030 127.2
1903040 127.2
1903050 127.2
1903060 127.3
1903070 127.3
1903080 127.4
1903090 127.5
1903100 127.5
1903110 127.6
1903120 127.7
1903130 127.7
1903140 127.8
1903150 127.9
1903160 127.9
1903170 128.0
1903180 128.0
1903190 127.9
1903200 127.7
1903210 127.4
1903220 127.4
1903230 127.1
1903240 126.9
1903250 126.9
1903260 126.8
1903270 126.7
1903280 126.7
1903290 126.7
1903300 126.6
1903310 126.5
1903320 126.5
1903330 126.5
1903340 126.6
1903350 126.6
1903360 126.6
1903370 126.7
1903380 126.7
1903390 126.7
1903400 126.7
1903410 126.7
1903420 126.8
1903430 126.9
1903440 126.9
1903450 127.1
1903460 127.2
1903470 127.2
1903480 127.3
1903490 127.4
1903500 127.5
1903510 127.6
1903520 127.7
1903530 127.7
1903540 127.7
1903550 127.8
1903560 127.8
1903570 127.8
1903580 127.7
1903590 127.7
1903600 127.6
1903610 127.6
1903620 127.6
1903630 127.5
1903640 127.4
1903650 127.4
1903660 127.4
1903670 127.4
1903680 127.4
1903690 127.5
1903700 127.5
1903710 127.5
1903720 127.6
1903730 127.6
1903740 127.6
1903750 127.7
1903760 127.8
1903770 127.8
1903780 127.8
1903790 127.8
1903800 127.8
1903810 127.8
1903820 127.8
1903830 127.8
1903840 127.8
1903850 127.7
1903860 127.7
1903870 127.6
1903880 127.6
1903890 127.6
1903900 127.7
1903910 127.7
1903920 127.7
1903930 127.7
1903940 127.7
1903950 127.7
1903960 127.7
1903970 127.7
1903980 127.7
1903990 127.7
1904000 127.6
1904010 127.6
1904020 127.6
1904030 127.6
1904040 127.6
1904050 127.6
1904060 127.5
1904070 127.5
1904080 127.5
1904090 127.4
1904100 127.4
1904110 127.4
1904120 127.4
1904130 127.4
1904140 127.4
1904150 127.4
1904160 127.4
1904170 127.4
1904180 127.4
1904190 127.4
1904200 127.4
1904210 127.4
1904220 127.5
1904230 127.5
1904240 127.7
1904250 127.5
1904260 127.5
1904270 127.3
1904280 127.1
1904290 127.1
1904300 127.1
1904310 127.2
1904320 127.2
1904330 127.2
1904340 127.2
1904350 127.2
1904360 127.1
1904370 127.0
1904380 127.0
1904390 126.9
1904400 126.7
1904410 126.7
1904420 126.6
1904430 126.5
1904440 126.5
1904450 126.6
1904460 126.7
1904470 126.7
1904480 126.7
1904490 126.8
1904500 126.8
1904510 126.7
1904520 126.8
1904530 126.8
1904540 126.7
1904550 126.8
1904560 126.8
1904570 126.8
1904580 126.8
1904590 126.8
1904600 126.9
1904610 126.8
1904620 126.8
1904630 126.8
1904640 126.8
1904650 126.8
1904660 126.9
1904670 126.9
1904680 126.9
1904690 127.0
1904700 127.0
1904710 127.0
1904720 127.0
1904730 126.9
1904740 126.9
1904750 126.8
1904760 126.7
1904770 126.7
1904780 126.6
1904790 126.5
1904800 126.5
1904810 126.4
1904820 126.5
1904830 126.5
1904840 126.5
1904850 126.5
1904860 126.5
1904870 126.5
1904880 126.6
1904890 126.6
1904900 126.7
1904910 126.6
1904920 126.6
1904930 126.6
1904940 126.7
1904950 126.7
1904960 126.7
1904970 126.6
1904980 126.6
1904990 126.6
1905000 126.7
1905010 126.7
1905020 126.7
1905030 126.9
1905040 126.9
1905050 126.9
1905060 126.9
1905070 126.9
1905080 126.9
1905090 126.9
1905100 127.1
1905110 127.1
1905120 127.4
1905130 127.9
1905140 127.9
1905150 128.1
1905160 128.2
1905170 128.2
1905180 128.2
1905190 128.3
1905200 128.3
1905210 128.2
1905220 128.0
1905230 128.0
1905240 127.8
1905250 127.7
1905260 127.7
1905270 127.6
1905280 127.5
1905290 127.5
1905300 127.4
1905310 127.4
1905320 127.4
1905330 127.4
1905340 127.2
1905350 127.2
1905360 127.2
1905370 127.3
1905380 127.3
1905390 127.3
1905400 127.2
1905410 127.2
1905420 127.2
1905430 128.2
1905440 128.2
1905450 130.8
1905460 132.0
1905470 132.0
1905480 129.8
