1900000 151.7
1900010 151.7
1900020 151.7
1900030 151.9
1900040 151.9
1900050 152.0
1900060 152.0
1900070 152.0
1900080 152.1
1900090 152.1
1900100 152.1
1900110 152.1
1900120 152.1
1900130 152.6
1900140 152.5
1900150 152.2
1900160 152.2
1900170 151.9
1900180 151.7
1900190 151.7
1900200 151.4
1900210 151.2
1900220 151.2
1900230 151.0
1900240 150.4
1900250 150.4
1900260 149.2
1900270 148.1
1900280 148.1
1900290 146.2
1900300 144.8
1900310 144.8
1900320 143.5
1900330 142.4
1900340 142.4
1900350 141.5
1900360 140.8
1900370 140.8
1900380 140.2
1900390 139.6
1900400 139.6
1900410 139.0
1900420 138.4
1900430 138.4
1900440 138.0
1900450 137.5
1900460 137.5
1900470 137.1
1900480 136.7
1900490 136.7
1900500 136.3
1900510 136.1
1900520 136.1
1900530 135.7
1900540 135.5
1900550 135.5
1900560 135.3
1900570 135.0
1900580 135.0
1900590 134.8
1900600 134.7
1900610 134.5
1900620 134.5
1900630 134.2
1900640 134.0
1900650 134.0
1900660 133.8
1900670 133.6
1900680 133.6
1900690 133.5
1900700 133.3
1900710 133.3
1900720 133.1
1900730 132.9
1900740 132.9
1900750 132.7
1900760 132.5
1900770 132.5
1900780 132.4
1900790 132.5
1900800 132.5
1900810 132.3
1900820 132.0
1900830 132.0
1900840 131.6
1900850 131.4
1900860 131.4
1900870 131.4
1900880 131.3
1900890 131.3
1900900 131.2
1900910 131.1
1900920 131.1
1900930 130.9
1900940 130.8
1900950 130.8
1900960 130.6
1900970 130.4
1900980 130.4
1900990 130.3
1901000 130.1
1901010 130.1
1901020 130.0
1901030 129.8
1901040 129.8
1901050 129.7
1901060 129.6
1901070 129.6
1901080 129.5
1901090 129.5
1901100 129.5
1901110 129.5
1901120 129.4
1901130 129.4
1901140 129.3
1901150 129.3
1901160 129.3
1901170 129.2
1901180 129.2
1901190 129.2
1901200 129.1
1901210 129.1
1901220 129.1
1901230 129.1
1901240 129.1
1901250 129.1
1901260 129.0
1901270 128.9
1901280 128.9
1901290 128.9
1901300 128.9
1901310 128.9
1901320 128.9
1901330 128.9
1901340 128.9
1901350 128.8
1901360 128.6
1901370 128.6
1901380 128.4
1901390 128.3
1901400 128.3
1901410 128.1
1901420 128.0
1901430 128.0
1901440 127.8
1901450 127.6
1901460 127.6
1901470 127.5
1901480 127.8
1901490 127.4
1901500 127.4
1901510 127.1
1901520 127.2
1901530 127.2
1901540 127.3
1901550 127.3
1901560 127.3
1901570 127.4
1901580 127.5
1901590 127.5
1901600 127.6
1901610 127.6
1901620 127.6
1901630 127.7
1901640 127.8
1901650 127.8
1901660 127.9
1901670 127.9
1901680 128.0
1901690 128.0
1901700 128.0
1901710 128.0
1901720 127.9
1901730 127.9
1901740 127.9
1901750 127.9
1901760 127.8
1901770 127.8
1901780 127.8
1901790 127.9
1901800 127.9
1901810 127.9
1901820 127.8
1901830 127.8
1901840 127.8
1901850 127.7
1901860 127.7
1901870 127.8
1901880 127.8
1901890 127.8
1901900 127.8
1901910 127.8
1901920 127.8
1901930 127.9
1901940 127.9
1901950 127.9
1901960 128.0
1901970 128.0
1901980 128.0
1901990 127.9
1902000 127.9
1902010 127.9
1902020 127.8
1902030 127.7
1902040 127.7
1902050 127.6
1902060 127.4
1902070 127.4
1902080 127.3
1902090 127.2
1902100 127.2
1902110 127.2
1902120 127.1
1902130 127.1
1902140 127.1
1902150 127.2
1902160 127.2
1902170 127.1
1902180 127.0
1902190 127.0
1902200 126.9
1902210 126.9
1902220 126.9
1902230 126.9
1902240 127.0
1902250 127.0
1902260 127.0
1902270 127.0
1902280 127.0
1902290 126.9
1902300 126.9
1902310 126.9
1902320 126.9
1902330 126.9
1902340 126.9
1902350 126.9
1902360 126.9
1902370 126.9
1902380 126.9
1902390 126.9
1902400 127.0
1902410 127.0
1902420 127.0
1902430 127.1
1902440 127.1
1902450 127.1
1902460 127.0
1902470 127.0
1902480 127.0
1902490 126.9
1902500 126.9
1902510 126.9
1902520 126.9
1902530 126.9
1902540 126.9
1902550 126.9
1902560 126.9
1902570 126.8
1902580 126.8
1902590 126.8
1902600 126.7
1902610 126.7
1902620 126.7
1902630 126.7
1902640 126.7
1902650 126.7
1902660 126.8
1902670 126.8
1902680 126.8
1902690 126.8
1902700 126.8
1902710 126.8
1902720 126.8
1902730 126.9
1902740 126.9
1902750 126.8
1902760 127.0
1902770 127.0
1902780 127.3
1902790 127.2
1902800 127.2
1902810 127.4
1902820 127.6
1902830 127.6
1902840 127.7
1902850 127.8
1902860 127.8
1902870 127.9
1902880 128.1
1902890 128.1
1902900 128.3
1902910 128.5
1902920 128.4
1902930 128.5
1902940 128.5
1902950 128.5
1902960 128.5
1902970 128.4
1902980 128.4
1902990 128.4
1903000 128.3
1903010 128.3
1903020 128.3
1903030 128.2
1903040 128.2
1903050 128.2
1903060 128.2
1903070 128.2
1903080 128.2
1903090 128.2
1903100 128.2
1903110 128.2
1903120 128.2
1903130 128.2
1903140 128.1
1903150 128.0
1903160 128.0
1903170 127.8
1903180 127.7
1903190 127.7
1903200 127.6
1903210 127.4
1903220 127.4
1903230 127.4
1903240 127.4
1903250 127.4
1903260 127.4
1903270 127.4
1903280 127.3
1903290 127.3
1903300 127.3
1903310 127.2
1903320 127.2
1903330 127.1
1903340 127.1
1903350 127.1
1903360 127.1
1903370 127.0
1903380 127.0
1903390 127.0
1903400 127.0
1903410 127.0
1903420 127.1
1903430 127.2
1903440 127.2
1903450 127.3
1903460 127.4
1903470 127.4
1903480 127.4
1903490 127.5
1903500 127.5
1903510 127.5
1903520 127.6
1903530 127.7
1903540 127.7
1903550 127.6
1903560 127.6
1903570 127.6
1903580 127.6
1903590 127.6
1903600 127.5
1903610 127.4
1903620 127.4
1903630 127.3
1903640 127.3
1903650 127.3
1903660 127.3
1903670 127.3
1903680 127.3
1903690 127.3
1903700 127.3
1903710 127.3
1903720 127.3
1903730 127.3
1903740 127.3
1903750 127.3
1903760 127.2
1903770 127.2
1903780 127.1
1903790 127.2
1903800 127.2
1903810 127.2
1903820 127.2
1903830 127.2
1903840 127.2
1903850 127.3
1903860 127.3
1903870 127.3
1903880 127.3
1903890 127.3
1903900 127.3
1903910 127.3
1903920 127.3
1903930 127.3
1903940 127.3
1903950 127.3
1903960 127.3
1903970 127.4
1903980 127.4
1903990 127.4
1904000 127.2
1904010 127.2
1904020 127.2
1904030 127.1
1904040 127.1
1904050 127.0
1904060 127.1
1904070 127.1
1904080 127.0
1904090 127.0
1904100 127.0
1904110 127.0
1904120 127.1
1904130 127.3
1904140 127.3
1904150 127.3
1904160 127.4
1904170 127.4
1904180 127.4
1904190 127.4
1904200 127.4
1904210 127.3
1904220 127.3
1904230 127.3
1904240 127.4
1904250 127.3
1904260 127.3
1904270 127.3
1904280 127.3
1904290 127.3
1904300 127.3
1904310 127.4
1904320 127.4
1904330 127.4
1904340 127.3
1904350 127.3
1904360 127.3
1904370 127.4
1904380 127.4
1904390 127.4
1904400 127.5
1904410 127.5
1904420 127.4
1904430 127.4
1904440 127.4
1904450 127.3
1904460 127.3
1904470 127.3
1904480 127.3
1904490 127.3
1904500 127.3
1904510 127.5
1904520 127.5
1904530 127.5
1904540 127.5
1904550 127.5
1904560 127.5
1904570 127.6
1904580 127.6
1904590 127.6
1904600 127.6
1904610 127.6
1904620 127.6
1904630 127.7
1904640 127.7
1904650 127.7
1904660 127.7
1904670 127.7
1904680 127.7
1904690 127.6
1904700 127.6
1904710 127.6
1904720 127.6
1904730 127.6
1904740 127.6
1904750 127.5
1904760 127.5
1904770 127.5
1904780 127.4
1904790 127.4
1904800 127.4
1904810 127.5
1904820 127.4
1904830 127.4
1904840 127.4
1904850 127.4
1904860 127.4
1904870 127.4
1904880 127.5
1904890 127.5
1904900 127.5
1904910 127.4
1904920 127.4
1904930 127.4
1904940 127.4
1904950 127.5
1904960 127.5
1904970 127.6
1904980 127.8
1904990 127.8
1905000 127.7
1905010 127.6
1905020 127.6
1905030 127.6
1905040 127.7
1905050 127.7
1905060 127.7
1905070 127.6
1905080 127.6
1905090 127.5
1905100 127.5
1905110 127.5
1905120 127.4
1905130 127.5
1905140 127.5
1905150 127.6
1905160 127.6
1905170 127.6
1905180 127.7
1905190 127.7
1905200 127.7
1905210 127.7
1905220 127.8
1905230 127.8
1905240 127.7
1905250 127.7
1905260 127.7
1905270 127.7
1905280 127.7
1905290 127.7
