1900000 148.9
1900010 148.8
1900020 147.9
1900030 147.9
1900040 146.7
1900050 145.7
1900060 145.7
1900070 144.7
1900080 144.1
1900090 144.1
1900100 143.3
1900110 142.3
1900120 142.3
1900130 141.6
1900140 141.0
1900150 140.5
1900160 140.5
1900170 140.0
1900180 139.6
1900190 139.6
1900200 139.2
1900210 138.8
1900220 138.8
1900230 138.5
1900240 138.1
1900250 138.1
1900260 137.6
1900270 137.0
1900280 137.0
1900290 136.2
1900300 135.8
1900310 135.8
1900320 135.6
1900330 135.4
1900340 135.4
1900350 135.2
1900360 135.0
1900370 135.0
1900380 134.6
1900390 134.4
1900400 134.4
1900410 134.2
1900420 133.8
1900430 133.8
1900440 133.7
1900450 133.5
1900460 133.5
1900470 133.4
1900480 133.3
1900490 133.3
1900500 133.1
1900510 133.0
1900520 133.0
1900530 132.9
1900540 132.7
1900550 132.7
1900560 132.6
1900570 132.6
1900580 132.6
1900590 132.6
1900600 132.4
1900610 132.4
1900620 132.3
1900630 132.2
1900640 132.2
1900650 132.1
1900660 132.0
1900670 132.0
1900680 131.9
1900690 131.8
1900700 131.8
1900710 131.7
1900720 131.6
1900730 131.6
1900740 131.5
1900750 131.4
1900760 131.4
1900770 131.4
1900780 131.3
1900790 131.3
1900800 131.2
1900810 131.1
1900820 131.1
1900830 131.0
1900840 131.0
1900850 131.0
1900860 130.9
1900870 130.8
1900880 130.8
1900890 130.7
1900900 130.7
1900910 130.7
1900920 130.6
1900930 130.6
1900940 130.6
1900950 130.5
1900960 130.4
1900970 130.4
1900980 130.3
1900990 130.2
1901000 130.2
1901010 130.2
1901020 130.1
1901030 130.0
1901040 130.0
1901050 130.0
1901060 129.9
1901070 129.9
1901080 129.8
1901090 129.7
1901100 129.7
1901110 129.6
1901120 129.6
1901130 129.6
1901140 129.6
1901150 129.5
1901160 129.5
1901170 129.4
1901180 129.3
1901190 129.3
1901200 129.2
1901210 129.1
1901220 129.1
1901230 129.0
1901240 128.9
1901250 128.9
1901260 128.7
1901270 128.6
1901280 128.6
1901290 128.4
1901300 128.3
1901310 128.3
1901320 128.2
1901330 128.1
1901340 128.1
1901350 128.0
1901360 127.8
1901370 127.8
1901380 127.7
1901390 127.5
1901400 127.5
1901410 127.5
1901420 127.4
1901430 127.4
1901440 127.3
1901450 127.3
1901460 127.3
1901470 127.3
1901480 127.2
1901490 127.2
1901500 127.1
1901510 127.1
1901520 127.1
1901530 127.0
1901540 127.1
1901550 127.1
1901560 127.1
1901570 127.1
1901580 127.1
1901590 127.1
1901600 127.1
1901610 127.1
1901620 127.1
1901630 127.2
1901640 127.2
1901650 127.4
1901660 127.4
1901670 127.4
1901680 127.6
1901690 127.6
1901700 127.6
1901710 127.5
1901720 127.4
1901730 127.4
1901740 127.3
1901750 127.3
1901760 127.3
1901770 127.3
1901780 127.3
1901790 127.3
1901800 127.3
1901810 127.3
1901820 127.3
1901830 127.3
1901840 127.3
1901850 127.3
1901860 127.3
1901870 127.4
1901880 127.4
1901890 127.3
1901900 127.3
1901910 127.3
1901920 127.3
1901930 127.3
1901940 127.2
1901950 127.2
1901960 127.2
1901970 126.7
1901980 126.7
1901990 125.3
1902000 123.4
1902010 123.4
1902020 122.5
1902030 122.5
1902040 122.5
1902050 122.5
1902060 122.4
1902070 122.4
1902080 122.4
1902090 122.3
1902100 122.3
1902110 122.4
1902120 122.4
1902130 122.4
1902140 122.4
1902150 122.4
1902160 122.4
1902170 122.4
1902180 123.0
1902190 123.0
1902200 126.1
1902210 125.6
1902220 125.6
1902230 122.5
1902240 122.1
1902250 122.1
1902260 122.7
1902270 124.5
1902280 123.8
1902290 126.5
1902300 127.3
1902310 127.3
1902320 127.4
1902330 127.5
1902340 127.5
1902350 127.4
1902360 127.4
1902370 127.4
1902380 127.4
1902390 127.4
1902400 127.4
1902410 127.4
1902420 127.4
1902430 127.4
1902440 127.4
1902450 127.4
1902460 127.4
1902470 127.3
1902480 127.3
1902490 127.3
1902500 127.4
1902510 127.5
1902520 127.5
1902530 127.5
1902540 127.5
1902550 127.5
1902560 127.4
1902570 127.3
1902580 127.3
1902590 127.3
1902600 127.2
1902610 127.2
1902620 127.1
1902630 127.1
1902640 127.1
1902650 127.1
1902660 127.1
1902670 127.1
1902680 127.1
1902690 127.1
1902700 127.1
1902710 127.1
1902720 127.1
1902730 127.1
1902740 127.1
1902750 127.0
1902760 127.0
1902770 127.0
1902780 127.1
1902790 127.1
1902800 127.1
1902810 127.1
1902820 127.2
1902830 127.2
1902840 127.4
1902850 127.6
1902860 127.6
1902870 127.8
1902880 128.0
1902890 128.0
1902900 127.9
1902910 128.0
1902920 128.0
1902930 128.0
1902940 128.0
1902950 128.0
1902960 128.0
1902970 127.9
1902980 127.9
1902990 128.0
1903000 128.3
1903010 128.3
1903020 128.0
1903030 127.9
1903040 127.9
1903050 128.0
1903060 128.0
1903070 128.0
1903080 128.0
1903090 127.9
1903100 127.9
1903110 127.8
1903120 127.7
1903130 127.7
1903140 127.7
1903150 127.6
1903160 127.6
1903170 127.6
1903180 127.5
1903190 127.5
1903200 127.4
1903210 127.6
1903220 127.6
1903230 127.6
1903240 127.5
1903250 127.5
1903260 127.5
1903270 127.4
1903280 127.4
1903290 127.2
1903300 127.2
1903310 127.2
1903320 127.1
1903330 127.1
1903340 127.1
1903350 127.1
1903360 127.1
1903370 127.1
1903380 127.1
1903390 127.1
1903400 127.1
1903410 127.2
1903420 127.3
1903430 127.3
1903440 127.4
1903450 127.5
1903460 127.5
1903470 127.7
1903480 127.8
1903490 127.8
1903500 127.9
1903510 127.8
1903520 127.8
1903530 127.8
1903540 127.8
1903550 127.8
1903560 127.7
1903570 127.7
1903580 127.7
1903590 127.7
1903600 127.7
1903610 127.7
1903620 127.7
1903630 127.6
1903640 127.5
1903650 127.5
1903660 127.4
1903670 127.3
1903680 127.3
1903690 127.3
1903700 127.3
1903710 127.3
1903720 127.3
1903730 127.3
1903740 127.3
1903750 127.2
1903760 127.1
1903770 127.1
1903780 127.1
1903790 127.1
1903800 127.1
1903810 127.1
1903820 127.5
1903830 127.5
1903840 127.6
1903850 127.6
1903860 127.6
1903870 127.5
1903880 127.5
1903890 127.5
1903900 127.5
1903910 127.5
1903920 127.5
1903930 127.5
1903940 127.4
1903950 127.4
1903960 127.4
1903970 127.4
1903980 127.4
1903990 127.3
1904000 127.3
1904010 127.3
1904020 127.2
1904030 127.2
1904040 127.2
1904050 127.3
1904060 127.3
1904070 127.3
1904080 127.3
1904090 127.3
1904100 127.3
1904110 127.3
1904120 127.5
1904130 127.4
1904140 127.5
1904150 127.4
1904160 127.4
1904170 127.3
1904180 127.3
1904190 127.3
1904200 127.4
1904210 127.5
1904220 127.5
1904230 127.5
1904240 127.6
1904250 127.6
1904260 127.6
1904270 127.6
1904280 127.6
1904290 127.6
1904300 127.7
1904310 127.7
1904320 127.8
1904330 127.8
1904340 127.8
1904350 127.9
1904360 127.9
1904370 127.9
1904380 127.8
1904390 127.7
1904400 127.7
1904410 127.7
1904420 127.6
1904430 127.6
1904440 127.6
1904450 127.6
1904460 127.6
1904470 127.5
1904480 127.5
1904490 127.5
1904500 127.6
1904510 127.5
1904520 127.2
1904530 127.2
1904540 127.0
1904550 126.8
1904560 126.8
1904570 126.8
1904580 126.7
1904590 126.7
1904600 126.7
1904610 126.7
1904620 126.7
1904630 126.7
1904640 126.7
1904650 126.7
1904660 126.8
1904670 126.9
1904680 126.9
1904690 126.9
1904700 126.9
1904710 126.9
1904720 126.8
1904730 126.8
1904740 126.7
1904750 126.7
1904760 126.8
1904770 126.8
1904780 126.7
1904790 126.7
1904800 126.7
1904810 126.6
1904820 126.6
1904830 126.6
1904840 126.7
1904850 126.6
1904860 126.6
1904870 126.6
1904880 126.7
1904890 126.7
1904900 126.8
1904910 127.1
1904920 127.1
1904930 127.6
1904940 127.9
1904950 127.9
1904960 128.1
1904970 128.3
1904980 128.3
1904990 128.4
1905000 128.4
1905010 128.4
1905020 128.3
1905030 128.3
1905040 128.3
1905050 128.3
1905060 128.4
1905070 128.4
1905080 128.5
1905090 128.6
1905100 128.6
1905110 128.5
1905120 128.4
1905130 128.4
1905140 128.2
1905150 128.1
1905160 128.1
1905170 128.2
1905180 128.3
1905190 128.3
1905200 128.3
1905210 128.3
1905220 128.3
1905230 128.4
1905240 128.4
1905250 128.4
1905260 128.3
1905270 128.1
1905280 128.1
1905290 128.0
1905300 127.9
1905310 127.9
1905320 127.9
1905330 128.0
1905340 128.0
1905350 128.0
1905360 128.0
1905370 128.0
1905380 128.1
1905390 128.2
1905400 128.1
1905410 128.1
1905420 128.1
