1900000 144.0
1900010 143.2
1900020 143.0
1900030 143.0
1900040 143.1
1900050 143.4
1900060 143.4
1900070 143.3
1900080 142.8
1900090 142.8
1900100 142.0
1900110 141.0
1900120 141.0
1900130 140.3
1900140 139.8
1900150 139.8
1900160 139.5
1900170 138.9
1900180 138.9
1900190 138.0
1900200 137.5
1900210 137.1
1900220 136.8
1900230 136.5
1900240 136.5
1900250 136.2
1900260 135.8
1900270 135.8
1900280 135.5
1900290 135.3
1900300 135.3
1900310 135.1
1900320 134.9
1900330 134.9
1900340 134.8
1900350 134.6
1900360 134.6
1900370 134.5
1900380 134.4
1900390 134.4
1900400 134.2
1900410 134.0
1900420 134.0
1900430 133.9
1900440 133.8
1900450 133.8
1900460 133.7
1900470 133.6
1900480 133.6
1900490 133.5
1900500 133.3
1900510 133.3
1900520 133.2
1900530 133.2
1900540 133.2
1900550 133.1
1900560 132.9
1900570 132.9
1900580 132.8
1900590 132.6
1900600 132.6
1900610 132.5
1900620 132.4
1900630 132.4
1900640 132.4
1900650 132.2
1900660 132.2
1900670 132.1
1900680 132.0
1900690 132.0
1900700 131.9
1900710 131.8
1900720 131.8
1900730 131.6
1900740 131.5
1900750 131.4
1900760 131.4
1900770 131.3
1900780 131.2
1900790 131.2
1900800 131.1
1900810 131.0
1900820 131.0
1900830 131.0
1900840 130.9
1900850 130.9
1900860 130.7
1900870 130.6
1900880 130.6
1900890 130.6
1900900 130.5
1900910 130.5
1900920 130.4
1900930 130.3
1900940 130.3
1900950 130.3
1900960 130.2
1900970 130.2
1900980 130.2
1900990 130.1
1901000 130.1
1901010 130.0
1901020 129.9
1901030 129.9
1901040 129.8
1901050 129.8
1901060 129.8
1901070 129.7
1901080 129.6
1901090 129.6
1901100 129.4
1901110 129.3
1901120 129.3
1901130 129.1
1901140 129.1
1901150 129.1
1901160 129.0
1901170 128.9
1901180 128.9
1901190 128.9
1901200 128.8
1901210 128.8
1901220 128.8
1901230 128.7
1901240 128.7
1901250 128.6
1901260 128.4
1901270 128.4
1901280 128.3
1901290 128.3
1901300 128.3
1901310 128.1
1901320 128.0
1901330 128.0
1901340 127.9
1901350 127.8
1901360 127.8
1901370 127.8
1901380 127.7
1901390 127.7
1901400 127.6
1901410 127.5
1901420 127.5
1901430 127.5
1901440 127.4
1901450 127.5
1901460 127.4
1901470 127.4
1901480 127.4
1901490 127.3
1901500 127.3
1901510 127.3
1901520 127.3
1901530 127.2
1901540 127.2
1901550 127.2
1901560 127.1
1901570 127.1
1901580 127.1
1901590 127.1
1901600 127.1
1901610 127.2
1901620 127.2
1901630 127.3
1901640 127.3
1901650 127.3
1901660 127.3
1901670 127.3
1901680 127.4
1901690 127.4
1901700 127.4
1901710 127.6
1901720 127.5
1901730 127.5
1901740 127.3
1901750 127.3
1901760 127.3
1901770 127.3
1901780 127.3
1901790 127.3
1901800 127.4
1901810 127.4
1901820 127.4
1901830 127.4
1901840 127.4
1901850 127.4
1901860 127.4
1901870 127.4
1901880 127.4
1901890 127.2
1901900 124.7
1901910 124.7
1901920 123.0
1901930 122.7
1901940 122.7
1901950 122.5
1901960 122.5
1901970 122.5
1901980 122.5
1901990 122.5
1902000 122.5
1902010 122.5
1902020 122.6
1902030 122.6
1902040 122.6
1902050 122.6
1902060 122.6
1902070 122.5
1902080 122.4
1902090 122.4
1902100 122.4
1902110 122.6
1902120 122.6
1902130 122.8
1902140 124.2
1902150 124.2
1902160 126.4
1902170 127.3
1902180 127.3
1902190 127.6
1902200 127.7
1902210 127.7
1902220 127.6
1902230 127.5
1902240 127.5
1902250 127.5
1902260 127.5
1902270 127.5
1902280 127.5
1902290 127.5
1902300 127.5
1902310 127.5
1902320 127.5
1902330 127.5
1902340 127.6
1902350 127.5
1902360 127.5
1902370 127.5
1902380 127.5
1902390 127.5
1902400 127.5
1902410 127.4
1902420 127.4
1902430 127.5
1902440 127.6
1902450 127.6
1902460 127.7
1902470 127.8
1902480 127.8
1902490 127.9
1902500 127.9
1902510 127.9
1902520 127.9
1902530 127.8
1902540 127.8
1902550 127.8
1902560 127.7
1902570 127.7
1902580 127.7
1902590 127.6
1902600 127.6
1902610 127.6
1902620 127.5
1902630 127.5
1902640 127.5
1902650 127.4
1902660 127.4
1902670 127.4
1902680 127.4
1902690 127.6
1902700 127.6
1902710 127.6
1902720 127.6
1902730 127.6
1902740 127.6
1902750 127.6
1902760 127.6
1902770 127.6
1902780 127.5
1902790 127.5
1902800 127.4
1902810 127.3
1902820 127.3
1902830 127.3
1902840 127.1
1902850 127.1
1902860 127.1
1902870 127.0
1902880 127.0
1902890 127.0
1902900 127.1
1902910 127.1
1902920 127.2
1902930 127.2
1902940 127.2
1902950 127.3
1902960 127.5
1902970 127.5
1902980 127.7
1902990 127.8
1903000 127.5
1903010 127.6
1903020 127.8
1903030 127.8
1903040 127.9
1903050 128.4
1903060 128.4
1903070 128.3
1903080 128.1
1903090 128.1
1903100 128.1
1903110 128.1
1903120 128.1
1903130 128.0
1903140 128.0
1903150 128.0
1903160 127.9
1903170 127.8
1903180 127.8
1903190 127.7
1903200 127.7
1903210 127.7
1903220 127.6
1903230 127.5
1903240 127.5
1903250 127.4
1903260 127.3
1903270 127.3
1903280 127.2
1903290 127.1
1903300 127.1
1903310 127.0
1903320 127.0
1903330 127.0
1903340 127.0
1903350 126.9
1903360 126.9
1903370 126.9
1903380 126.8
1903390 126.8
1903400 126.8
1903410 126.8
1903420 126.8
1903430 126.8
1903440 126.9
1903450 126.9
1903460 126.9
1903470 127.1
1903480 127.3
1903490 127.3
1903500 127.5
1903510 127.7
1903520 127.7
1903530 127.7
1903540 127.7
1903550 127.7
1903560 127.6
1903570 127.5
1903580 127.5
1903590 127.5
1903600 127.4
1903610 127.3
1903620 127.3
1903630 127.3
1903640 127.3
1903650 127.2
1903660 127.2
1903670 127.2
1903680 127.2
1903690 127.2
1903700 127.2
1903710 127.2
1903720 127.2
1903730 127.2
1903740 127.2
1903750 127.2
1903760 127.2
1903770 127.3
1903780 127.4
1903790 127.4
1903800 127.5
1903810 127.6
1903820 127.6
1903830 127.7
1903840 127.7
1903850 127.7
1903860 127.7
1903870 127.7
1903880 127.7
1903890 127.6
1903900 127.6
1903910 127.6
1903920 127.6
1903930 127.5
1903940 127.5
1903950 127.4
1903960 127.3
1903970 127.3
1903980 127.3
1903990 127.3
1904000 127.3
1904010 127.3
1904020 127.3
1904030 127.3
1904040 127.3
1904050 127.3
1904060 127.3
1904070 127.3
1904080 127.2
1904090 127.2
1904100 127.2
1904110 127.2
1904120 127.2
1904130 127.2
1904140 127.2
1904150 127.2
1904160 127.4
1904170 127.3
1904180 127.3
1904190 127.4
1904200 127.4
1904210 127.4
1904220 127.5
1904230 127.6
1904240 127.6
1904250 127.6
1904260 127.7
1904270 127.7
1904280 127.7
1904290 127.7
1904300 127.8
1904310 127.8
1904320 127.8
1904330 127.8
1904340 127.8
1904350 127.8
1904360 127.8
1904370 127.8
1904380 127.8
1904390 127.8
1904400 127.8
1904410 127.8
1904420 127.7
1904430 127.7
1904440 127.6
1904450 127.5
1904460 127.5
1904470 127.2
1904480 127.1
1904490 127.1
1904500 127.0
1904510 126.8
1904520 126.8
1904530 126.7
1904540 126.7
1904550 126.7
1904560 126.7
1904570 126.7
1904580 126.7
1904590 126.6
1904600 126.6
1904610 126.6
1904620 126.6
1904630 126.6
1904640 126.6
1904650 126.7
1904660 126.7
1904670 126.7
1904680 126.8
1904690 126.8
1904700 126.8
1904710 126.7
1904720 126.7
1904730 126.7
1904740 126.7
1904750 126.7
1904760 126.7
1904770 126.7
1904780 126.7
1904790 126.7
1904800 126.6
1904810 126.6
1904820 126.6
1904830 126.7
1904840 126.7
1904850 126.7
1904860 126.7
1904870 126.7
1904880 126.7
1904890 126.7
1904900 126.9
1904910 126.9
1904920 126.9
1904930 126.9
1904940 126.9
1904950 126.9
1904960 126.9
1904970 126.9
1904980 127.0
1904990 127.3
1905000 127.3
1905010 127.6
1905020 127.8
1905030 127.8
1905040 128.0
1905050 128.2
1905060 128.2
1905070 128.2
1905080 128.3
1905090 128.3
1905100 128.2
1905110 128.1
1905120 128.2
1905130 128.2
1905140 128.3
1905150 128.3
1905160 128.3
1905170 128.3
1905180 128.2
1905190 128.2
1905200 128.2
1905210 128.2
1905220 128.2
1905230 128.1
1905240 128.1
1905250 128.1
1905260 128.0
1905270 128.0
1905280 128.0
1905290 128.1
1905300 128.1
1905310 128.1
1905320 128.1
1905330 128.0
1905340 128.0
1905350 128.0
1905360 128.0
1905370 128.0
1905380 127.9
1905390 127.9
1905400 127.9
1905410 127.9
1905420 127.8
1905430 127.8
1905440 127.7
