1900000 151.5
1900010 151.2
1900020 151.2
1900030 150.8
1900040 150.7
1900050 150.7
1900060 151.5
1900070 152.2
1900080 152.2
1900090 152.0
1900100 151.4
1900110 151.4
1900120 151.1
1900130 150.8
1900140 150.8
1900150 150.2
1900160 149.5
1900170 149.5
1900180 149.1
1900190 149.1
1900200 149.1
1900210 149.0
1900220 149.2
1900230 149.2
1900240 149.3
1900250 148.3
1900260 148.3
1900270 149.4
1900280 149.3
1900290 149.3
1900300 149.1
1900310 150.7
1900320 152.2
1900330 152.2
1900340 152.2
1900350 151.1
1900360 151.1
1900370 149.0
1900380 147.7
1900390 147.7
1900400 146.4
1900410 144.7
1900420 144.7
1900430 143.7
1900440 142.3
1900450 142.3
1900460 140.8
1900470 139.4
1900480 139.4
1900490 138.4
1900500 137.6
1900510 137.6
1900520 136.7
1900530 136.3
1900540 136.3
1900550 135.8
1900560 135.1
1900570 135.1
1900580 134.9
1900590 134.6
1900600 134.6
1900610 134.3
1900620 134.0
1900630 134.0
1900640 133.8
1900650 133.6
1900660 133.6
1900670 133.4
1900680 133.2
1900690 133.2
1900700 132.9
1900710 132.7
1900720 132.7
1900730 132.5
1900740 132.3
1900750 132.3
1900760 132.0
1900770 131.9
1900780 131.9
1900790 131.8
1900800 131.6
1900810 131.6
1900820 131.5
1900830 131.3
1900840 131.3
1900850 131.1
1900860 130.9
1900870 131.0
1900880 130.8
1900890 130.7
1900900 130.7
1900910 130.5
1900920 130.4
1900930 130.4
1900940 130.2
1900950 130.1
1900960 130.1
1900970 129.9
1900980 129.8
1900990 129.8
1901000 129.8
1901010 129.9
1901020 129.9
1901030 129.8
1901040 129.5
1901050 129.5
1901060 129.3
1901070 129.1
1901080 129.1
1901090 129.0
1901100 128.9
1901110 128.9
1901120 128.9
1901130 128.8
1901140 128.8
1901150 128.7
1901160 128.7
1901170 128.7
1901180 128.7
1901190 128.6
1901200 128.6
1901210 128.6
1901220 128.7
1901230 128.7
1901240 128.7
1901250 128.7
1901260 128.7
1901270 128.7
1901280 128.7
1901290 128.6
1901300 128.6
1901310 128.6
1901320 128.5
1901330 128.5
1901340 128.5
1901350 128.5
1901360 128.5
1901370 128.5
1901380 128.5
1901390 128.5
1901400 128.4
1901410 128.3
1901420 128.3
1901430 128.5
1901440 128.3
1901450 128.3
1901460 128.3
1901470 128.2
1901480 128.1
1901490 127.8
1901500 127.5
1901510 127.5
1901520 127.4
1901530 127.3
1901540 127.3
1901550 127.3
1901560 127.3
1901570 127.3
1901580 127.3
1901590 127.3
1901600 127.3
1901610 127.3
1901620 127.3
1901630 127.3
1901640 127.4
1901650 127.4
1901660 127.4
1901670 127.5
1901680 127.5
1901690 127.5
1901700 127.4
1901710 127.4
1901720 127.4
1901730 127.4
1901740 127.5
1901750 127.5
1901760 127.5
1901770 127.7
1901780 127.7
1901790 127.9
1901800 128.1
1901810 128.1
1901820 128.4
1901830 128.7
1901840 128.7
1901850 128.9
1901860 129.1
1901870 129.1
1901880 129.2
1901890 129.2
1901900 129.2
1901910 129.2
1901920 129.1
1901930 129.1
1901940 129.0
1901950 129.0
1901960 129.0
1901970 128.8
1901980 128.5
1901990 128.5
1902000 128.4
1902010 128.2
1902020 128.2
1902030 128.0
1902040 127.8
1902050 127.6
1902060 127.6
1902070 127.5
1902080 127.4
1902090 127.4
1902100 127.2
1902110 127.1
1902120 127.1
1902130 127.1
1902140 127.1
1902150 127.1
1902160 127.1
1902170 127.1
1902180 127.1
1902190 127.0
1902200 127.0
1902210 127.0
1902220 127.0
1902230 127.0
1902240 127.0
1902250 127.0
1902260 127.0
1902270 127.0
1902280 126.9
1902290 126.9
1902300 126.9
1902310 126.9
1902320 126.9
1902330 126.9
1902340 126.9
1902350 126.9
1902360 126.9
1902370 127.0
1902380 127.0
1902390 127.0
1902400 127.0
1902410 126.9
1902420 126.9
1902430 127.0
1902440 127.0
1902450 127.0
1902460 127.0
1902470 127.0
1902480 127.0
1902490 127.0
1902500 127.0
1902510 127.0
1902520 127.0
1902530 127.1
1902540 127.1
1902550 127.1
1902560 127.2
1902570 127.2
1902580 127.2
1902590 127.1
1902600 127.1
1902610 127.1
1902620 127.0
1902630 127.0
1902640 127.0
1902650 127.0
1902660 127.0
1902670 127.2
1902680 127.3
1902690 127.3
1902700 127.1
1902710 127.0
1902720 127.0
1902730 126.9
1902740 126.9
1902750 126.9
1902760 127.0
1902770 127.1
1902780 127.1
1902790 127.3
1902800 127.5
1902810 127.5
1902820 127.5
1902830 127.6
1902840 127.6
1902850 127.6
1902860 127.7
1902870 127.7
1902880 127.7
1902890 127.7
1902900 127.8
1902910 127.8
1902920 127.9
1902930 127.8
1902940 127.8
1902950 127.9
1902960 128.0
1902970 128.0
1902980 128.0
1902990 128.0
1903000 128.0
1903010 128.0
1903020 128.0
1903030 128.1
1903040 128.1
1903050 128.1
1903060 128.1
1903070 128.1
1903080 128.1
1903090 128.1
1903100 128.2
1903110 128.2
1903120 128.2
1903130 128.2
1903140 128.2
1903150 128.2
1903160 128.3
1903170 128.3
1903180 128.3
1903190 128.2
1903200 128.1
1903210 128.1
1903220 128.0
1903230 127.8
1903240 127.8
1903250 127.6
1903260 127.4
1903270 127.4
1903280 127.3
1903290 127.2
1903300 127.2
1903310 127.2
1903320 127.2
1903330 127.2
1903340 127.1
1903350 127.0
1903360 127.0
1903370 127.0
1903380 126.9
1903390 126.9
1903400 126.9
1903410 126.9
1903420 126.9
1903430 127.0
1903440 127.0
1903450 127.0
1903460 127.1
1903470 127.2
1903480 127.2
1903490 127.3
1903500 127.4
1903510 127.4
1903520 127.4
1903530 127.5
1903540 127.5
1903550 127.6
1903560 127.6
1903570 127.6
1903580 127.6
1903590 127.6
1903600 127.6
1903610 127.5
1903620 127.3
1903630 127.3
1903640 127.2
1903650 127.2
1903660 127.2
1903670 127.2
1903680 127.2
1903690 127.2
1903700 127.2
1903710 127.2
1903720 127.2
1903730 127.3
1903740 127.4
1903750 127.4
1903760 127.4
1903770 127.3
1903780 127.3
1903790 127.3
1903800 127.3
1903810 127.3
1903820 127.3
1903830 127.4
1903840 127.4
1903850 127.4
1903860 127.3
1903870 127.3
1903880 127.3
1903890 127.2
1903900 127.2
1903910 127.2
1903920 127.4
1903930 127.2
1903940 127.2
1903950 127.2
1903960 127.1
1903970 127.1
1903980 127.1
1903990 127.2
1904000 127.2
1904010 127.1
1904020 127.1
1904030 127.1
1904040 127.1
1904050 127.2
1904060 127.2
1904070 127.1
1904080 127.1
1904090 127.1
1904100 127.0
1904110 127.0
1904120 127.0
1904130 127.0
1904140 127.1
1904150 127.1
1904160 127.1
1904170 127.0
1904180 127.0
1904190 127.0
1904200 127.0
1904210 127.0
1904220 127.0
1904230 127.1
1904240 127.1
1904250 127.1
1904260 127.1
1904270 127.1
1904280 127.1
1904290 127.1
1904300 127.1
1904310 127.1
1904320 127.1
1904330 127.1
1904340 127.2
1904350 127.4
1904360 127.4
1904370 127.4
1904380 127.4
1904390 127.4
1904400 127.3
1904410 127.2
1904420 127.2
1904430 127.3
1904440 127.2
1904450 127.2
1904460 127.2
1904470 127.3
1904480 127.3
1904490 127.4
1904500 127.3
1904510 127.3
1904520 127.3
1904530 127.3
1904540 127.3
1904550 127.3
1904560 127.4
1904570 127.4
1904580 127.4
1904590 127.4
1904600 127.4
1904610 127.5
1904620 127.5
1904630 127.6
1904640 127.6
1904650 127.6
1904660 127.6
1904670 127.6
1904680 127.6
1904690 127.7
1904700 127.7
1904710 127.8
1904720 127.8
1904730 127.8
1904740 127.7
1904750 127.6
1904760 127.6
1904770 127.6
1904780 127.5
1904790 127.5
1904800 127.4
1904810 127.4
1904820 127.4
1904830 127.5
1904840 127.5
1904850 127.5
1904860 127.4
1904870 127.3
1904880 127.3
1904890 127.2
1904900 127.3
1904910 127.3
1904920 127.3
1904930 127.4
1904940 127.4
1904950 127.4
1904960 127.3
1904970 127.3
1904980 127.3
1904990 127.4
1905000 127.4
1905010 127.4
1905020 127.4
1905030 127.4
1905040 127.4
1905050 127.4
1905060 127.4
1905070 127.3
1905080 127.2
1905090 127.2
1905100 127.3
1905110 127.3
1905120 127.3
1905130 127.4
1905140 127.5
1905150 127.5
1905160 127.6
1905170 127.5
1905180 127.5
1905190 127.5
1905200 127.4
1905210 127.4
1905220 127.5
1905230 127.4
1905240 127.4
