1900000 142.2
1900010 142.2
1900020 141.6
1900030 141.0
1900040 141.0
1900050 140.4
1900060 139.8
1900070 139.8
1900080 139.3
1900090 138.9
1900100 138.9
1900110 138.3
1900120 137.8
1900130 137.8
1900140 137.4
1900150 137.1
1900160 137.1
1900170 136.7
1900180 136.2
1900190 136.1
1900200 135.8
1900210 135.5
1900220 135.5
1900230 135.2
1900240 135.0
1900250 135.0
1900260 134.8
1900270 134.4
1900280 134.4
1900290 134.2
1900300 134.0
1900310 134.0
1900320 133.7
1900330 133.4
1900340 133.4
1900350 133.3
1900360 133.1
1900370 133.1
1900380 132.8
1900390 132.6
1900400 132.6
1900410 132.3
1900420 132.1
1900430 132.0
1900440 132.0
1900450 131.9
1900460 131.6
1900470 131.6
1900480 131.4
1900490 131.3
1900500 131.2
1900510 131.1
1900520 131.0
1900530 131.0
1900540 131.0
1900550 130.9
1900560 130.9
1900570 130.8
1900580 130.7
1900590 130.7
1900600 130.6
1900610 130.6
1900620 130.6
1900630 130.5
1900640 130.5
1900650 130.5
1900660 130.5
1900670 130.6
1900680 130.6
1900690 130.6
1900700 130.5
1900710 130.5
1900720 130.5
1900730 130.4
1900740 130.4
1900750 130.4
1900760 130.3
1900770 130.3
1900780 130.2
1900790 130.2
1900800 130.2
1900810 129.9
1900820 129.9
1900830 129.9
1900840 129.8
1900850 129.7
1900860 129.7
1900870 129.5
1900880 129.3
1900890 129.3
1900900 129.2
1900910 129.0
1900920 129.0
1900930 128.7
1900940 128.6
1900950 128.6
1900960 128.5
1900970 128.4
1900980 128.4
1900990 128.4
1901000 128.3
1901010 128.3
1901020 128.3
1901030 128.1
1901040 128.1
1901050 128.0
1901060 128.0
1901070 128.0
1901080 128.0
1901090 127.9
1901100 127.9
1901110 127.8
1901120 127.8
1901130 127.8
1901140 127.8
1901150 127.8
1901160 127.8
1901170 127.7
1901180 127.7
1901190 127.7
1901200 127.7
1901210 127.7
1901220 127.7
1901230 127.7
1901240 127.7
1901250 127.7
1901260 127.7
1901270 127.8
1901280 127.8
1901290 127.7
1901300 127.6
1901310 127.6
1901320 127.6
1901330 127.7
1901340 127.7
1901350 127.7
1901360 127.7
1901370 127.8
1901380 127.8
1901390 127.8
1901400 127.7
1901410 127.7
1901420 127.8
1901430 127.8
1901440 127.8
1901450 127.8
1901460 127.7
1901470 127.7
1901480 127.7
1901490 127.7
1901500 127.7
1901510 127.8
1901520 127.8
1901530 127.8
1901540 127.8
1901550 127.8
1901560 127.8
1901570 127.8
1901580 127.8
1901590 127.8
1901600 127.8
1901610 127.7
1901620 127.7
1901630 127.7
1901640 127.7
1901650 127.7
1901660 127.7
1901670 127.7
1901680 127.7
1901690 127.7
1901700 127.7
1901710 127.7
1901720 127.8
1901730 128.0
1901740 128.0
1901750 127.9
1901760 127.7
1901770 127.7
1901780 127.7
1901790 127.6
1901800 127.6
1901810 127.6
1901820 127.7
1901830 127.7
1901840 127.7
1901850 127.7
1901860 127.7
1901870 127.7
1901880 127.8
1901890 127.8
1901900 127.8
1901910 127.8
1901920 127.8
1901930 127.8
1901940 127.8
1901950 127.8
1901960 127.9
1901970 128.0
1901980 128.0
1901990 128.1
1902000 127.9
1902010 127.9
1902020 127.9
1902030 127.9
1902040 127.9
1902050 128.2
1902060 128.3
1902070 128.3
1902080 128.4
1902090 128.5
1902100 128.5
1902110 128.6
1902120 128.6
1902130 128.6
1902140 128.7
1902150 128.7
1902160 128.7
1902170 128.7
1902180 128.7
1902190 128.6
1902200 128.6
1902210 128.5
1902220 128.4
1902230 128.4
1902240 128.4
1902250 128.3
1902260 128.3
1902270 128.3
1902280 128.3
1902290 128.3
1902300 128.3
1902310 128.3
1902320 128.3
1902330 128.3
1902340 128.3
1902350 128.3
1902360 128.3
1902370 128.2
1902380 128.2
1902390 128.2
1902400 128.1
1902410 128.1
1902420 127.9
1902430 127.7
1902440 127.7
1902450 127.6
1902460 127.4
1902470 127.4
1902480 127.4
1902490 127.4
1902500 127.4
1902510 127.3
1902520 127.3
1902530 127.3
1902540 127.3
1902550 127.3
1902560 127.3
1902570 127.3
1902580 127.3
1902590 127.3
1902600 127.2
1902610 127.2
1902620 127.2
1902630 127.2
1902640 127.2
1902650 127.2
1902660 127.3
1902670 127.4
1902680 127.4
1902690 127.4
1902700 127.5
1902710 127.5
1902720 127.5
1902730 127.5
1902740 127.5
1902750 127.4
1902760 127.3
1902770 127.3
1902780 127.3
1902790 127.3
1902800 127.3
1902810 127.3
1902820 127.3
1902830 127.3
1902840 127.3
1902850 127.3
1902860 127.3
1902870 127.3
1902880 127.3
1902890 127.3
1902900 127.3
1902910 127.3
1902920 127.3
1902930 127.3
1902940 127.3
1902950 127.3
1902960 127.4
1902970 127.7
1902980 127.7
1902990 127.9
1903000 128.0
1903010 128.0
1903020 128.0
1903030 127.9
1903040 127.9
1903050 127.8
1903060 127.7
1903070 127.6
1903080 127.6
1903090 127.5
1903100 127.4
1903110 127.4
1903120 127.4
1903130 127.3
1903140 127.3
1903150 127.4
1903160 127.4
1903170 127.4
1903180 127.4
1903190 127.4
1903200 127.4
1903210 127.5
1903220 127.5
1903230 127.5
1903240 127.4
1903250 127.4
1903260 127.4
1903270 127.4
1903280 127.5
1903290 127.5
1903300 127.5
1903310 127.7
1903320 127.7
1903330 127.6
1903340 127.5
1903350 127.5
1903360 127.4
1903370 127.4
1903380 127.4
1903390 127.5
1903400 127.6
1903410 127.6
1903420 127.7
1903430 127.7
1903440 127.7
1903450 127.8
1903460 127.8
1903470 127.8
1903480 127.8
1903490 127.8
1903500 127.8
1903510 127.8
1903520 127.7
1903530 127.7
1903540 127.8
1903550 127.8
1903560 127.8
1903570 127.8
1903580 127.8
1903590 127.8
1903600 127.9
1903610 128.0
1903620 128.0
1903630 128.0
1903640 128.0
1903650 128.0
1903660 128.0
1903670 127.9
1903680 127.9
1903690 127.9
1903700 127.9
1903710 127.9
1903720 127.9
1903730 127.9
1903740 127.9
1903750 127.9
1903760 127.9
1903770 127.9
1903780 127.8
1903790 127.8
1903800 127.8
1903810 127.7
1903820 127.6
1903830 127.6
1903840 127.5
1903850 127.5
1903860 127.5
1903870 127.4
1903880 127.4
1903890 127.3
1903900 127.3
1903910 127.3
1903920 127.3
1903930 127.3
1903940 127.3
1903950 127.4
1903960 127.4
1903970 127.5
1903980 127.7
1903990 127.7
1904000 127.9
1904010 128.1
1904020 128.1
1904030 128.1
1904040 128.1
1904050 128.1
1904060 128.0
1904070 127.9
1904080 127.9
1904090 127.8
1904100 127.6
1904110 127.6
1904120 127.5
1904130 127.3
1904140 127.3
1904150 127.2
1904160 127.0
1904170 127.0
1904180 126.9
1904190 126.9
1904200 126.8
1904210 126.7
1904220 126.7
1904230 126.7
1904240 126.7
1904250 126.7
1904260 126.7
1904270 126.7
1904280 126.7
1904290 126.7
1904300 126.7
1904310 126.8
1904320 126.8
1904330 126.8
1904340 126.8
1904350 126.8
1904360 126.8
1904370 126.8
1904380 126.8
1904390 126.7
1904400 126.6
1904410 126.6
1904420 126.6
1904430 126.7
1904440 126.7
1904450 126.7
1904460 126.8
1904470 126.8
1904480 126.9
1904490 126.9
1904500 126.9
1904510 126.8
1904520 126.8
1904530 126.8
1904540 126.9
1904550 127.0
1904560 127.0
1904570 127.1
1904580 127.1
1904590 127.1
1904600 127.2
1904610 127.2
1904620 127.2
1904630 127.2
1904640 127.1
1904650 127.1
1904660 126.9
1904670 126.8
1904680 126.8
1904690 126.8
1904700 126.8
1904710 126.8
1904720 126.9
1904730 127.0
1904740 127.0
1904750 127.0
1904760 126.9
1904770 126.9
1904780 126.8
1904790 126.8
1904800 126.8
1904810 126.8
1904820 126.8
1904830 126.8
1904840 126.9
1904850 126.9
1904860 126.9
1904870 126.9
1904880 126.9
1904890 127.0
1904900 127.0
1904910 127.0
1904920 127.0
1904930 127.0
1904940 126.9
1904950 126.9
1904960 126.9
1904970 127.1
1904980 127.1
1904990 127.1
1905000 127.3
1905010 127.3
1905020 127.3
1905030 127.3
1905040 127.3
1905050 127.3
1905060 127.4
1905070 127.3
1905080 127.3
1905090 127.3
1905100 127.4
1905110 127.4
1905120 127.4
1905130 127.5
1905140 127.5
1905150 127.7
1905160 126.4
1905170 126.4
1905180 126.1
1905190 126.2
1905200 126.2
1905210 126.3
1905220 126.5
1905230 126.5
1905240 126.6
1905250 126.6
1905260 126.6
1905270 126.6
1905280 126.5
1905290 126.5
1905300 126.4
1905310 126.4
1905320 126.4
1905330 126.6
1905340 126.7
1905350 126.7
1905360 126.9
1905370 127.0
1905380 127.0
1905390 127.2
1905400 127.2
1905410 127.2
1905420 127.2
1905430 127.2
1905440 127.2
1905450 127.2
1905460 127.2
1905470 127.2
1905480 127.2
1905490 127.3
1905500 127.3
1905510 127.5
1905520 127.5
1905530 127.5
1905540 127.5
1905550 127.4
1905560 127.4
1905570 127.3
