1900000 141.3
1900010 140.8
1900020 140.2
1900030 140.2
1900040 139.7
1900050 139.2
1900060 139.2
1900070 138.8
1900080 138.4
1900090 138.4
1900100 137.9
1900110 137.6
1900120 137.6
1900130 137.3
1900140 136.9
1900150 136.9
1900160 136.6
1900170 136.3
1900180 136.3
1900190 136.0
1900200 135.6
1900210 135.6
1900220 135.3
1900230 135.0
1900240 135.0
1900250 134.7
1900260 134.4
1900270 134.4
1900280 134.1
1900290 133.8
1900300 133.8
1900310 133.6
1900320 133.3
1900330 133.3
1900340 133.1
1900350 132.8
1900360 132.8
1900370 132.6
1900380 132.4
1900390 132.1
1900400 132.1
1900410 131.9
1900420 131.8
1900430 131.8
1900440 131.6
1900450 131.4
1900460 131.4
1900470 131.3
1900480 131.1
1900490 131.1
1900500 130.9
1900510 130.7
1900520 130.7
1900530 130.5
1900540 130.4
1900550 130.4
1900560 130.3
1900570 130.2
1900580 130.2
1900590 130.2
1900600 130.0
1900610 130.0
1900620 129.9
1900630 129.7
1900640 129.7
1900650 129.6
1900660 129.6
1900670 129.6
1900680 129.6
1900690 129.6
1900700 129.6
1900710 129.6
1900720 129.4
1900730 129.4
1900740 129.4
1900750 129.3
1900760 129.3
1900770 129.2
1900780 129.1
1900790 129.1
1900800 128.9
1900810 128.8
1900820 128.8
1900830 128.7
1900840 128.6
1900850 128.6
1900860 128.5
1900870 128.4
1900880 128.4
1900890 128.4
1900900 128.4
1900910 128.3
1900920 128.3
1900930 128.3
1900940 128.3
1900950 128.3
1900960 128.3
1900970 128.3
1900980 128.3
1900990 128.3
1901000 128.3
1901010 128.3
1901020 128.2
1901030 128.2
1901040 128.2
1901050 128.2
1901060 128.2
1901070 128.2
1901080 128.2
1901090 128.2
1901100 128.2
1901110 128.1
1901120 128.1
1901130 128.1
1901140 128.1
1901150 128.1
1901160 128.1
1901170 128.0
1901180 128.0
1901190 128.0
1901200 128.0
1901210 128.0
1901220 128.0
1901230 127.9
1901240 127.9
1901250 127.8
1901260 127.8
1901270 127.8
1901280 127.8
1901290 127.8
1901300 127.7
1901310 127.7
1901320 127.7
1901330 127.7
1901340 127.7
1901350 127.7
1901360 127.7
1901370 127.7
1901380 127.7
1901390 127.7
1901400 127.7
1901410 127.8
1901420 127.8
1901430 127.8
1901440 127.8
1901450 127.8
1901460 127.8
1901470 127.8
1901480 127.8
1901490 127.8
1901500 127.9
1901510 128.0
1901520 128.0
1901530 128.1
1901540 128.3
1901550 128.3
1901560 128.5
1901570 128.5
1901580 128.5
1901590 128.4
1901600 128.4
1901610 128.4
1901620 128.3
1901630 128.2
1901640 128.2
1901650 128.2
1901660 128.1
1901670 128.1
1901680 128.0
1901690 128.1
1901700 128.1
1901710 128.1
1901720 128.1
1901730 128.1
1901740 128.1
1901750 128.0
1901760 128.0
1901770 128.0
1901780 128.0
1901790 128.0
1901800 128.1
1901810 128.2
1901820 128.2
1901830 128.3
1901840 128.3
1901850 128.3
1901860 128.2
1901870 128.2
1901880 128.2
1901890 128.2
1901900 128.1
1901910 128.1
1901920 128.0
1901930 128.0
1901940 128.0
1901950 128.0
1901960 128.0
1901970 128.0
1901980 128.1
1901990 128.2
1902000 128.2
1902010 128.3
1902020 128.5
1902030 128.5
1902040 128.8
1902050 128.7
1902060 128.7
1902070 128.6
1902080 128.6
1902090 128.6
1902100 128.5
1902110 128.5
1902120 128.5
1902130 128.4
1902140 128.4
1902150 128.4
1902160 128.4
1902170 128.4
1902180 128.4
1902190 128.4
1902200 128.4
1902210 128.3
1902220 128.3
1902230 128.2
1902240 128.2
1902250 128.2
1902260 128.2
1902270 128.2
1902280 128.2
1902290 128.2
1902300 128.2
1902310 128.2
1902320 128.1
1902330 128.0
1902340 128.0
1902350 127.9
1902360 127.8
1902370 127.8
1902380 127.7
1902390 127.5
1902400 127.5
1902410 127.4
1902420 127.4
1902430 127.4
1902440 127.3
1902450 127.3
1902460 127.3
1902470 127.3
1902480 127.3
1902490 127.3
1902500 127.3
1902510 127.3
1902520 127.3
1902530 127.4
1902540 127.4
1902550 127.4
1902560 127.4
1902570 127.3
1902580 127.3
1902590 127.3
1902600 127.4
1902610 127.4
1902620 127.4
1902630 127.4
1902640 127.4
1902650 127.4
1902660 127.3
1902670 127.3
1902680 127.3
1902690 127.3
1902700 127.3
1902710 127.3
1902720 127.3
1902730 127.3
1902740 127.3
1902750 127.3
1902760 127.3
1902770 127.3
1902780 127.3
1902790 127.3
1902800 127.3
1902810 127.3
1902820 127.3
1902830 127.3
1902840 127.4
1902850 127.4
1902860 127.5
1902870 127.6
1902880 127.6
1902890 127.7
1902900 127.8
1902910 127.8
1902920 127.8
1902930 127.9
1902940 127.9
1902950 127.9
1902960 127.9
1902970 127.9
1902980 127.9
1902990 127.9
1903000 127.9
1903010 127.8
1903020 127.7
1903030 127.7
1903040 127.6
1903050 127.5
1903060 127.4
1903070 127.5
1903080 127.5
1903090 127.5
1903100 127.5
1903110 127.5
1903120 127.5
1903130 127.5
1903140 127.5
1903150 127.5
1903160 127.5
1903170 127.5
1903180 127.4
1903190 127.4
1903200 127.4
1903210 127.4
1903220 127.4
1903230 127.4
1903240 127.4
1903250 127.4
1903260 127.4
1903270 127.4
1903280 127.4
1903290 127.3
1903300 127.3
1903310 127.3
1903320 127.3
1903330 127.3
1903340 127.3
1903350 127.6
1903360 127.7
1903370 127.7
1903380 127.4
1903390 127.5
1903400 127.5
1903410 127.6
1903420 127.7
1903430 127.7
1903440 127.8
1903450 127.9
1903460 127.9
1903470 127.9
1903480 128.0
1903490 128.0
1903500 128.0
1903510 128.0
1903520 128.0
1903530 128.0
1903540 128.1
1903550 128.1
1903560 128.1
1903570 128.1
1903580 128.1
1903590 128.0
1903600 128.0
1903610 128.0
1903620 128.0
1903630 128.0
1903640 128.0
1903650 128.0
1903660 128.0
1903670 128.0
1903680 128.0
1903690 128.0
1903700 128.0
1903710 128.0
1903720 127.9
1903730 127.9
1903740 127.8
1903750 127.8
1903760 127.8
1903770 127.7
1903780 127.6
1903790 127.6
1903800 127.5
1903810 127.4
1903820 127.4
1903830 127.4
1903840 127.4
1903850 127.4
1903860 127.4
1903870 127.4
1903880 127.4
1903890 127.4
1903900 127.4
1903910 127.4
1903920 127.4
1903930 127.3
1903940 127.4
1903950 127.4
1903960 127.5
1903970 127.6
1903980 127.6
1903990 127.9
1904000 127.9
1904010 127.9
1904020 127.8
1904030 127.7
1904040 127.7
1904050 127.6
1904060 127.4
1904070 127.4
1904080 127.3
1904090 127.2
1904100 127.2
1904110 127.1
1904120 127.0
1904130 127.0
1904140 126.9
1904150 126.9
1904160 126.9
1904170 126.9
1904180 126.8
1904190 126.8
1904200 126.8
1904210 126.7
1904220 126.7
1904230 126.8
1904240 126.8
1904250 126.8
1904260 126.8
1904270 126.8
1904280 126.8
1904290 126.8
1904300 126.8
1904310 126.8
1904320 126.8
1904330 126.7
1904340 126.7
1904350 126.7
1904360 126.7
1904370 126.7
1904380 126.7
1904390 126.8
1904400 126.8
1904410 126.8
1904420 126.8
1904430 126.8
1904440 126.7
1904450 126.7
1904460 126.7
1904470 126.8
1904480 126.8
1904490 126.8
1904500 126.9
1904510 127.1
1904520 127.1
1904530 127.1
1904540 127.1
1904550 127.1
1904560 127.1
1904570 127.0
1904580 127.0
1904590 126.9
1904600 126.9
1904610 126.8
1904620 126.8
1904630 126.8
1904640 126.8
1904650 126.8
1904660 126.9
1904670 126.9
1904680 126.9
1904690 126.9
1904700 126.9
1904710 126.8
1904720 126.8
1904730 126.8
1904740 126.7
1904750 126.8
1904760 126.8
1904770 126.8
1904780 126.9
1904790 126.9
1904800 127.0
1904810 127.0
1904820 127.0
1904830 127.0
1904840 127.0
1904850 127.1
1904860 127.1
1904870 127.1
1904880 127.1
1904890 127.1
1904900 127.1
1904910 127.0
1904920 127.0
1904930 127.0
1904940 127.1
1904950 127.1
1904960 127.2
1904970 127.2
1904980 127.2
1904990 127.2
1905000 127.3
1905010 127.3
1905020 127.4
1905030 127.5
1905040 127.5
1905050 127.6
1905060 127.6
1905070 127.6
1905080 127.7
1905090 127.6
1905100 127.6
1905110 127.6
1905120 127.6
1905130 127.6
1905140 127.6
1905150 127.8
1905160 127.8
1905170 128.0
1905180 127.0
1905190 127.0
1905200 126.8
1905210 126.8
1905220 126.8
1905230 126.8
1905240 126.7
1905250 126.7
1905260 126.7
1905270 126.6
1905280 126.6
1905290 126.7
1905300 126.9
1905310 126.9
1905320 127.0
1905330 127.1
1905340 127.1
1905350 127.1
1905360 127.1
1905370 127.1
1905380 127.0
1905390 126.9
1905400 126.9
1905410 126.9
1905420 126.9
1905430 126.9
1905440 126.9
1905450 126.9
1905460 126.9
1905470 126.9
1905480 126.9
1905490 126.9
1905500 127.3
1905510 127.3
1905520 127.2
1905530 127.2
1905540 127.1
1905550 127.1
1905560 127.0
1905570 126.9
1905580 126.9
1905590 126.9
1905600 127.0
1905610 127.0
1905620 127.1
