1900000 143.8
1900010 143.1
1900020 143.1
1900030 142.6
1900040 142.0
1900050 142.0
1900060 141.6
1900070 141.1
1900080 141.1
1900090 140.5
1900100 139.9
1900110 139.9
1900120 139.4
1900130 138.9
1900140 138.9
1900150 138.5
1900160 138.1
1900170 138.1
1900180 137.6
1900190 137.2
1900200 136.9
1900210 136.9
1900220 136.6
1900230 136.3
1900240 136.3
1900250 136.0
1900260 135.8
1900270 135.8
1900280 135.4
1900290 135.1
1900300 135.1
1900310 134.8
1900320 134.5
1900330 134.5
1900340 134.3
1900350 134.1
1900360 134.1
1900370 133.9
1900380 133.7
1900390 133.7
1900400 133.3
1900410 133.0
1900420 133.0
1900430 132.8
1900440 132.6
1900450 132.6
1900460 132.4
1900470 132.2
1900480 132.2
1900490 132.1
1900500 132.1
1900510 132.1
1900520 132.1
1900530 132.1
1900540 132.1
1900550 132.0
1900560 132.1
1900570 132.1
1900580 132.1
1900590 132.2
1900600 132.2
1900610 132.2
1900620 132.2
1900630 132.2
1900640 132.3
1900650 132.3
1900660 132.3
1900670 132.3
1900680 132.3
1900690 132.3
1900700 132.2
1900710 132.0
1900720 132.0
1900730 132.0
1900740 131.8
1900750 131.8
1900760 131.6
1900770 131.3
1900780 131.3
1900790 131.1
1900800 130.9
1900810 130.9
1900820 130.7
1900830 130.5
1900840 130.5
1900850 130.3
1900860 130.2
1900870 130.2
1900880 130.2
1900890 130.2
1900900 130.2
1900910 130.2
1900920 130.1
1900930 130.1
1900940 129.9
1900950 129.7
1900960 129.7
1900970 129.5
1900980 129.1
1900990 129.1
1901000 128.8
1901010 128.5
1901020 128.4
1901030 128.2
1901040 128.1
1901050 128.1
1901060 128.0
1901070 127.9
1901080 127.9
1901090 127.9
1901100 127.9
1901110 127.9
1901120 127.9
1901130 127.8
1901140 127.8
1901150 127.8
1901160 127.8
1901170 127.8
1901180 127.8
1901190 127.8
1901200 127.7
1901210 127.7
1901220 127.7
1901230 127.8
1901240 127.8
1901250 127.8
1901260 127.8
1901270 127.8
1901280 127.8
1901290 127.8
1901300 127.8
1901310 127.8
1901320 127.8
1901330 127.8
1901340 127.8
1901350 127.8
1901360 127.8
1901370 127.7
1901380 127.7
1901390 127.7
1901400 127.7
1901410 127.7
1901420 127.7
1901430 127.7
1901440 127.6
1901450 127.6
1901460 127.5
1901470 127.5
1901480 127.5
1901490 127.4
1901500 127.4
1901510 127.4
1901520 127.4
1901530 127.3
1901540 127.3
1901550 127.3
1901560 127.2
1901570 127.2
1901580 127.2
1901590 127.2
1901600 127.2
1901610 127.2
1901620 127.2
1901630 127.2
1901640 127.1
1901650 127.2
1901660 127.2
1901670 127.2
1901680 127.2
1901690 127.2
1901700 127.2
1901710 127.2
1901720 127.2
1901730 127.2
1901740 127.2
1901750 127.2
1901760 127.1
1901770 127.1
1901780 127.1
1901790 127.1
1901800 127.2
1901810 127.2
1901820 127.2
1901830 127.2
1901840 127.2
1901850 127.4
1901860 127.7
1901870 127.7
1901880 127.8
1901890 127.7
1901900 127.7
1901910 127.9
1901920 127.9
1901930 127.9
1901940 127.8
1901950 128.0
1901960 128.1
1901970 128.1
1901980 128.1
1901990 128.0
1902000 128.0
1902010 128.0
1902020 128.1
1902030 128.1
1902040 128.1
1902050 128.2
1902060 128.2
1902070 128.3
1902080 128.4
1902090 128.4
1902100 128.4
1902110 128.3
1902120 128.3
1902130 128.3
1902140 128.3
1902150 128.3
1902160 128.3
1902170 128.4
1902180 128.4
1902190 128.3
1902200 128.3
1902210 128.3
1902220 128.3
1902230 128.3
1902240 128.3
1902250 128.3
1902260 128.4
1902270 128.4
1902280 128.3
1902290 128.3
1902300 128.3
1902310 128.2
1902320 128.3
1902330 128.3
1902340 128.4
1902350 128.5
1902360 128.5
1902370 128.6
1902380 128.7
1902390 128.7
1902400 128.7
1902410 128.5
1902420 128.5
1902430 128.4
1902440 128.2
1902450 128.2
1902460 128.1
1902470 128.0
1902480 128.0
1902490 127.9
1902500 127.8
1902510 127.8
1902520 127.7
1902530 127.6
1902540 127.6
1902550 127.5
1902560 127.5
1902570 127.5
1902580 127.5
1902590 127.4
1902600 127.4
1902610 127.4
1902620 127.3
1902630 127.3
1902640 127.2
1902650 127.2
1902660 127.2
1902670 127.1
1902680 127.1
1902690 127.1
1902700 127.2
1902710 127.2
1902720 127.2
1902730 127.3
1902740 127.3
1902750 127.3
1902760 127.3
1902770 127.3
1902780 127.3
1902790 127.3
1902800 127.2
1902810 127.2
1902820 127.2
1902830 127.2
1902840 127.2
1902850 127.2
1902860 127.1
1902870 127.2
1902880 127.2
1902890 127.2
1902900 127.2
1902910 127.2
1902920 127.2
1902930 127.2
1902940 127.2
1902950 127.2
1902960 127.3
1902970 127.3
1902980 127.3
1902990 127.4
1903000 127.4
1903010 127.5
1903020 127.6
1903030 127.6
1903040 127.7
1903050 127.8
1903060 127.8
1903070 127.9
1903080 127.9
1903090 127.9
1903100 127.9
1903110 127.8
1903120 127.8
1903130 127.7
1903140 127.5
1903150 127.5
1903160 127.3
1903170 127.2
1903180 127.2
1903190 127.1
1903200 127.1
1903210 127.1
1903220 127.1
1903230 127.1
1903240 127.1
1903250 127.0
1903260 127.3
1903270 127.3
1903280 127.2
1903290 127.1
1903300 127.1
1903310 127.1
1903320 127.2
1903330 127.2
1903340 127.2
1903350 127.2
1903360 127.2
1903370 127.2
1903380 127.3
1903390 127.3
1903400 127.4
1903410 127.5
1903420 127.5
1903430 127.6
1903440 127.6
1903450 127.6
1903460 127.6
1903470 127.6
1903480 127.6
1903490 127.7
1903500 127.8
1903510 127.8
1903520 127.9
1903530 128.0
1903540 128.0
1903550 128.0
1903560 127.9
1903570 127.9
1903580 127.7
1903590 127.6
1903600 127.6
1903610 127.5
1903620 127.5
1903630 127.5
1903640 127.5
1903650 127.6
1903660 127.6
1903670 127.7
1903680 127.8
1903690 127.8
1903700 127.8
1903710 127.8
1903720 127.8
1903730 127.8
1903740 127.8
1903750 127.8
1903760 127.8
1903770 127.8
1903780 127.8
1903790 127.8
1903800 127.8
1903810 127.9
1903820 127.9
1903830 127.9
1903840 127.9
1903850 127.9
1903860 127.9
1903870 127.8
1903880 127.8
1903890 127.8
1903900 127.7
1903910 127.7
1903920 127.6
1903930 127.6
1903940 127.6
1903950 127.6
1903960 127.7
1903970 127.7
1903980 127.8
1903990 127.9
1904000 127.9
1904010 127.9
1904020 127.9
1904030 127.9
1904040 127.8
1904050 127.8
1904060 127.8
1904070 127.8
1904080 127.7
1904090 127.7
1904100 127.6
1904110 127.6
1904120 127.6
1904130 127.6
1904140 127.6
1904150 127.6
1904160 127.5
1904170 127.4
1904180 127.4
1904190 127.2
1904200 127.1
1904210 127.1
1904220 127.0
1904230 126.8
1904240 126.8
1904250 126.8
1904260 126.8
1904270 126.8
1904280 126.8
1904290 126.8
1904300 126.8
1904310 126.9
1904320 126.9
1904330 126.9
1904340 126.8
1904350 126.7
1904360 126.7
1904370 126.7
1904380 126.7
1904390 126.7
1904400 126.7
1904410 126.8
1904420 126.8
1904430 126.8
1904440 126.7
1904450 126.7
1904460 126.8
1904470 126.8
1904480 126.8
1904490 126.8
1904500 126.8
1904510 126.8
1904520 126.8
1904530 126.8
1904540 126.8
1904550 126.9
1904560 127.0
1904570 127.0
1904580 126.9
1904590 126.9
1904600 126.9
1904610 126.9
1904620 126.9
1904630 126.9
1904640 126.9
1904650 127.0
1904660 127.0
1904670 127.0
1904680 127.1
1904690 127.2
1904700 127.2
1904710 127.1
1904720 127.0
1904730 127.0
1904740 126.9
1904750 126.8
1904760 126.8
1904770 126.7
1904780 126.6
1904790 126.6
1904800 126.5
1904810 126.5
1904820 126.5
1904830 126.5
1904840 126.6
1904850 126.6
1904860 126.6
1904870 126.0
1904880 126.0
1904890 126.6
1904900 126.7
1904910 126.7
1904920 126.8
1904930 126.8
1904940 126.8
1904950 126.7
1904960 126.7
1904970 126.7
1904980 126.8
1904990 126.9
1905000 126.9
1905010 127.0
1905020 127.0
1905030 126.9
1905040 127.0
1905050 127.1
1905060 127.1
1905070 127.0
1905080 127.0
1905090 127.0
1905100 127.0
1905110 127.1
1905120 127.1
1905130 127.2
1905140 127.4
1905150 127.4
1905160 127.6
1905170 127.6
1905180 127.6
1905190 127.5
1905200 127.5
1905210 127.5
1905220 127.4
1905230 127.3
1905240 127.3
1905250 127.4
1905260 127.4
1905270 127.4
1905280 127.4
1905290 127.3
1905300 127.3
1905310 127.2
1905320 127.2
1905330 127.2
1905340 127.2
1905350 127.3
1905360 127.3
1905370 127.4
1905380 127.4
1905390 127.4
1905400 127.2
1905410 127.3
1905420 127.3
1905430 127.2
1905440 127.3
1905450 127.3
1905460 127.2
1905470 127.2
1905480 127.2
1905490 127.0
1905500 127.0
1905510 127.2
1905520 127.2
1905530 127.2
1905540 127.2
1905550 127.2
