1900000 137.0
1900010 137.0
1900020 136.8
1900030 136.4
1900040 136.4
1900050 136.2
1900060 136.0
1900070 136.0
1900080 135.9
1900090 135.6
1900100 135.6
1900110 135.5
1900120 135.3
1900130 135.1
1900140 135.1
1900150 134.9
1900160 134.7
1900170 134.7
1900180 134.6
1900190 134.5
1900200 134.5
1900210 134.4
1900220 134.3
1900230 134.3
1900240 134.2
1900250 134.2
1900260 134.2
1900270 134.1
1900280 134.0
1900290 134.0
1900300 133.8
1900310 133.6
1900320 133.6
1900330 133.2
1900340 132.9
1900350 132.9
1900360 132.3
1900370 131.9
1900380 131.9
1900390 131.5
1900400 131.1
1900410 131.1
1900420 130.9
1900430 130.6
1900440 130.6
1900450 130.4
1900460 130.3
1900470 130.3
1900480 130.2
1900490 130.2
1900500 130.2
1900510 130.1
1900520 129.9
1900530 129.9
1900540 129.9
1900550 129.8
1900560 129.8
1900570 129.7
1900580 129.6
1900590 129.6
1900600 129.6
1900610 129.5
1900620 129.5
1900630 129.4
1900640 129.3
1900650 129.3
1900660 129.2
1900670 129.2
1900680 129.2
1900690 128.6
1900700 126.9
1900710 126.9
1900720 126.6
1900730 127.0
1900740 127.0
1900750 128.7
1900760 128.9
1900770 128.9
1900780 128.9
1900790 128.9
1900800 128.9
1900810 128.9
1900820 128.4
1900830 128.4
1900840 129.0
1900850 130.2
1900860 130.2
1900870 130.7
1900880 130.8
1900890 130.8
1900900 130.9
1900910 130.9
1900920 130.9
1900930 130.6
1900940 129.4
1900950 129.4
1900960 128.8
1900970 128.6
1900980 128.9
1900990 128.7
1901000 128.5
1901010 128.5
1901020 128.5
1901030 128.5
1901040 128.5
1901050 128.5
1901060 128.5
1901070 128.5
1901080 128.5
1901090 128.2
1901100 128.2
1901110 128.2
1901120 130.2
1901130 132.4
1901140 132.4
1901150 129.0
1901160 128.5
1901170 128.5
1901180 128.5
1901190 128.5
1901200 128.5
1901210 128.5
1901220 128.2
1901230 128.2
1901240 128.1
1901250 128.1
1901260 128.1
1901270 128.3
1901280 128.5
1901290 128.6
1901300 128.6
1901310 128.7
1901320 128.7
1901330 128.8
1901340 128.7
1901350 128.7
1901360 128.7
1901370 128.7
1901380 128.7
1901390 128.7
1901400 128.7
1901410 128.7
1901420 128.7
1901430 128.7
1901440 128.7
1901450 128.7
1901460 128.6
1901470 128.6
1901480 128.6
1901490 128.5
1901500 128.5
1901510 128.5
1901520 128.5
1901530 128.5
1901540 128.5
1901550 128.5
1901560 128.5
1901570 128.5
1901580 128.5
1901590 128.5
1901600 128.5
1901610 128.5
1901620 128.5
1901630 128.5
1901640 128.5
1901650 128.5
1901660 128.5
1901670 128.5
1901680 128.5
1901690 128.6
1901700 128.6
1901710 128.6
1901720 128.5
1901730 128.6
1901740 128.6
1901750 128.5
1901760 128.5
1901770 128.5
1901780 128.4
1901790 128.4
1901800 128.4
1901810 128.3
1901820 128.2
1901830 128.2
1901840 128.1
1901850 128.0
1901860 128.0
1901870 128.0
1901880 128.0
1901890 128.0
1901900 127.9
1901910 128.0
1901920 128.0
1901930 128.0
1901940 127.9
1901950 127.8
1901960 127.8
1901970 127.8
1901980 127.8
1901990 127.8
1902000 127.8
1902010 127.7
1902020 127.7
1902030 127.7
1902040 127.7
1902050 127.7
1902060 127.6
1902070 127.7
1902080 127.7
1902090 127.7
1902100 127.7
1902110 127.7
1902120 127.7
1902130 127.7
1902140 127.7
1902150 127.6
1902160 127.6
1902170 127.6
1902180 127.5
1902190 127.6
1902200 127.6
1902210 127.6
1902220 127.5
1902230 127.5
1902240 127.5
1902250 127.5
1902260 127.5
1902270 127.6
1902280 127.6
1902290 127.6
1902300 127.7
1902310 127.9
1902320 127.9
1902330 127.7
1902340 127.8
1902350 127.8
1902360 127.9
1902370 128.2
1902380 128.2
1902390 128.4
1902400 128.5
1902410 128.5
1902420 128.5
1902430 128.5
1902440 128.5
1902450 128.5
1902460 128.5
1902470 128.5
1902480 128.5
1902490 128.4
1902500 128.4
1902510 128.4
1902520 128.3
1902530 128.3
1902540 128.3
1902550 128.3
1902560 128.3
1902570 128.3
1902580 128.3
1902590 128.3
1902600 128.3
1902610 128.3
1902620 128.3
1902630 128.2
1902640 128.2
1902650 128.2
1902660 128.2
1902670 128.2
1902680 128.2
1902690 128.2
1902700 128.1
1902710 128.1
1902720 128.1
1902730 128.1
1902740 128.1
1902750 128.1
1902760 128.1
1902770 128.1
1902780 128.1
1902790 128.1
1902800 128.1
1902810 128.1
1902820 128.1
1902830 128.0
1902840 128.0
1902850 128.0
1902860 128.0
1902870 128.0
1902880 127.9
1902890 127.9
1902900 127.9
1902910 127.9
1902920 127.8
1902930 127.8
1902940 127.7
1902950 127.7
1902960 127.7
1902970 127.7
1902980 127.6
1902990 127.6
1903000 127.6
1903010 127.6
1903020 127.6
1903030 127.6
1903040 127.6
1903050 127.6
1903060 127.7
1903070 127.7
1903080 127.7
1903090 127.7
1903100 127.7
1903110 127.7
1903120 127.6
1903130 127.7
1903140 127.7
1903150 127.7
1903160 127.8
1903170 127.8
1903180 127.9
1903190 127.9
1903200 127.9
1903210 128.0
1903220 128.1
1903230 128.1
1903240 128.2
1903250 128.1
1903260 128.1
1903270 128.1
1903280 128.1
1903290 128.1
1903300 128.1
1903310 128.0
1903320 128.0
1903330 127.9
1903340 127.8
1903350 127.8
1903360 127.7
1903370 127.7
1903380 127.7
1903390 127.7
1903400 127.7
1903410 127.7
1903420 127.8
1903430 127.8
1903440 127.8
1903450 127.9
1903460 127.9
1903470 127.9
1903480 127.9
1903490 127.8
1903500 127.8
1903510 127.7
1903520 127.7
1903530 127.7
1903540 127.7
1903550 127.6
1903560 127.6
1903570 127.7
1903580 127.6
1903590 127.6
1903600 127.6
1903610 127.6
1903620 127.6
1903630 127.6
1903640 127.6
1903650 127.6
1903660 127.6
1903670 127.6
1903680 127.6
1903690 127.6
1903700 127.7
1903710 127.7
1903720 127.7
1903730 127.6
1903740 127.6
1903750 127.6
1903760 127.6
1903770 127.6
1903780 127.6
1903790 127.6
1903800 127.7
1903810 127.7
1903820 127.7
1903830 127.8
1903840 127.8
1903850 127.8
1903860 127.8
1903870 127.8
1903880 127.8
1903890 127.9
1903900 127.9
1903910 127.9
1903920 127.9
1903930 127.9
1903940 127.9
1903950 127.9
1903960 127.9
1903970 127.9
1903980 127.9
1903990 127.9
1904000 127.8
1904010 127.8
1904020 127.8
1904030 127.9
1904040 127.9
1904050 127.9
1904060 127.9
1904070 128.1
1904080 128.1
1904090 128.2
1904100 128.3
1904110 128.3
1904120 128.4
1904130 128.4
1904140 128.4
1904150 128.4
1904160 128.4
1904170 128.4
1904180 128.4
1904190 128.4
1904200 128.4
1904210 128.3
1904220 128.2
1904230 128.2
1904240 128.1
1904250 128.1
1904260 128.1
1904270 128.1
1904280 128.1
1904290 128.1
1904300 128.0
1904310 128.0
1904320 128.0
1904330 127.9
1904340 127.9
1904350 127.9
1904360 127.9
1904370 128.0
1904380 128.0
1904390 128.0
1904400 127.9
1904410 127.9
1904420 127.9
1904430 127.8
1904440 127.8
1904450 127.9
1904460 127.9
1904470 127.9
1904480 127.9
1904490 127.9
1904500 127.9
1904510 127.8
1904520 127.8
1904530 127.8
1904540 127.8
1904550 127.9
1904560 127.9
1904570 127.9
1904580 127.8
1904590 127.8
1904600 128.1
1904610 128.1
1904620 128.0
1904630 128.0
1904640 127.9
1904650 127.8
1904660 127.8
1904670 127.8
1904680 127.8
1904690 127.8
1904700 127.8
1904710 127.9
1904720 127.9
1904730 127.8
1904740 127.8
1904750 127.8
1904760 127.7
1904770 127.5
1904780 127.5
1904790 127.6
1904800 127.7
1904810 127.7
1904820 127.7
1904830 127.6
1904840 127.6
1904850 127.6
1904860 127.8
1904870 127.8
1904880 127.7
1904890 127.7
1904900 127.7
1904910 127.8
1904920 127.8
1904930 127.8
1904940 127.7
1904950 127.8
1904960 127.8
1904970 128.3
1904980 127.8
1904990 127.6
1905000 127.7
1905010 127.7
1905020 127.7
1905030 127.8
1905040 127.8
1905050 127.8
1905060 127.8
1905070 127.6
1905080 127.6
1905090 127.5
1905100 127.5
1905110 127.5
1905120 127.6
1905130 127.7
1905140 127.7
1905150 127.6
1905160 127.5
1905170 127.5
1905180 127.4
1905190 127.5
1905200 127.5
1905210 127.7
1905220 127.8
1905230 127.8
1905240 127.7
1905250 127.6
1905260 127.6
1905270 127.5
1905280 127.6
1905290 127.6
1905300 127.7
1905310 127.6
1905320 127.6
1905330 127.5
1905340 127.5
1905350 127.5
1905360 127.4
1905370 127.3
1905380 127.3
1905390 127.2
1905400 127.2
1905410 127.2
1905420 127.3
1905430 127.2
1905440 127.2
1905450 127.2
1905460 127.7
1905470 127.7
1905480 128.1
1905490 127.2
1905500 127.2
1905510 127.3
1905520 127.2
1905530 127.2
1905540 127.2
1905550 127.1
1905560 127.6
1905570 127.6
1905580 128.2
1905590 127.8
1905600 128.1
1905610 127.8
1905620 127.5
1905630 127.5
1905640 127.5
1905650 127.7
1905660 127.7
1905670 127.5
1905680 127.6
1905690 127.6
1905700 128.1
1905710 127.4
1905720 127.4
1905730 127.4
1905740 127.5
1905750 127.5
1905760 127.6
1905770 127.6
1905780 127.6
1905790 127.7
1905800 127.7
1905810 127.7
1905820 127.5
1905830 127.3
1905840 127.3
