1900000 137.8
1900010 137.4
1900020 137.2
1900030 137.2
1900040 136.9
1900050 136.5
1900060 136.5
1900070 136.1
1900080 135.7
1900090 135.7
1900100 135.5
1900110 135.2
1900120 135.2
1900130 134.9
1900140 134.6
1900150 134.6
1900160 134.4
1900170 134.1
1900180 134.1
1900190 133.8
1900200 133.6
1900210 133.6
1900220 133.5
1900230 133.3
1900240 133.3
1900250 133.1
1900260 133.0
1900270 133.0
1900280 132.9
1900290 132.7
1900300 132.7
1900310 132.6
1900320 132.5
1900330 132.5
1900340 132.4
1900350 132.3
1900360 132.3
1900370 132.3
1900380 132.3
1900390 132.3
1900400 132.1
1900410 132.0
1900420 132.0
1900430 131.8
1900440 131.7
1900450 131.7
1900460 131.5
1900470 131.3
1900480 131.3
1900490 131.1
1900500 130.9
1900510 130.9
1900520 130.6
1900530 130.4
1900540 130.4
1900550 129.9
1900560 129.5
1900570 129.5
1900580 129.4
1900590 129.5
1900600 129.5
1900610 130.5
1900620 131.2
1900630 131.2
1900640 131.4
1900650 131.4
1900660 131.4
1900670 131.5
1900680 131.5
1900690 131.5
1900700 130.8
1900710 129.6
1900720 129.6
1900730 129.1
1900740 129.0
1900750 129.0
1900760 128.9
1900770 128.7
1900780 128.7
1900790 128.4
1900800 128.3
1900810 128.3
1900820 128.3
1900830 128.2
1900840 128.2
1900850 128.2
1900860 128.3
1900870 128.3
1900880 128.3
1900890 128.4
1900900 128.4
1900910 128.4
1900920 128.4
1900930 128.4
1900940 128.4
1900950 128.4
1900960 128.3
1900970 128.3
1900980 128.3
1900990 128.2
1901000 128.2
1901010 128.0
1901020 128.1
1901030 128.1
1901040 128.3
1901050 128.2
1901060 128.2
1901070 128.0
1901080 127.9
1901090 127.9
1901100 127.9
1901110 128.0
1901120 128.0
1901130 128.0
1901140 128.1
1901150 128.1
1901160 128.4
1901170 128.6
1901180 128.6
1901190 128.5
1901200 128.5
1901210 128.5
1901220 128.3
1901230 128.5
1901240 128.5
1901250 128.5
1901260 128.5
1901270 128.5
1901280 128.4
1901290 128.3
1901300 128.3
1901310 128.3
1901320 128.2
1901330 128.2
1901340 128.1
1901350 128.0
1901360 128.0
1901370 127.9
1901380 127.8
1901390 127.8
1901400 127.7
1901410 127.7
1901420 127.7
1901430 127.6
1901440 127.6
1901450 127.6
1901460 127.6
1901470 127.6
1901480 127.6
1901490 127.6
1901500 127.7
1901510 127.8
1901520 127.8
1901530 127.9
1901540 127.9
1901550 127.9
1901560 128.0
1901570 128.0
1901580 128.1
1901590 128.2
1901600 128.2
1901610 128.4
1901620 128.5
1901630 128.5
1901640 128.6
1901650 128.6
1901660 128.6
1901670 128.6
1901680 128.6
1901690 128.6
1901700 128.6
1901710 128.6
1901720 128.5
1901730 128.5
1901740 128.5
1901750 128.4
1901760 128.4
1901770 128.4
1901780 128.3
1901790 128.3
1901800 128.2
1901810 128.1
1901820 128.1
1901830 128.1
1901840 128.1
1901850 128.1
1901860 128.0
1901870 127.8
1901880 127.8
1901890 127.8
1901900 127.8
1901910 127.8
1901920 127.8
1901930 127.8
1901940 127.8
1901950 127.8
1901960 127.7
1901970 127.7
1901980 127.7
1901990 127.7
1902000 127.7
1902010 127.7
1902020 127.8
1902030 127.8
1902040 127.7
1902050 127.7
1902060 127.7
1902070 127.7
1902080 127.6
1902090 127.6
1902100 127.7
1902110 127.6
1902120 127.6
1902130 127.6
1902140 127.6
1902150 127.6
1902160 127.5
1902170 127.5
1902180 127.5
1902190 127.5
1902200 127.5
1902210 127.5
1902220 127.6
1902230 127.8
1902240 127.8
1902250 127.8
1902260 127.7
1902270 127.7
1902280 127.6
1902290 127.6
1902300 127.6
1902310 127.6
1902320 127.6
1902330 127.6
1902340 127.6
1902350 127.7
1902360 127.7
1902370 127.8
1902380 127.9
1902390 127.9
1902400 128.0
1902410 128.0
1902420 128.0
1902430 128.2
1902440 128.3
1902450 128.3
1902460 128.3
1902470 128.2
1902480 128.2
1902490 128.2
1902500 128.2
1902510 128.2
1902520 128.2
1902530 128.1
1902540 128.1
1902550 128.1
1902560 128.1
1902570 128.1
1902580 128.1
1902590 128.1
1902600 128.1
1902610 128.1
1902620 128.1
1902630 128.1
1902640 128.1
1902650 128.1
1902660 128.1
1902670 128.1
1902680 128.1
1902690 128.1
1902700 128.1
1902710 128.1
1902720 128.1
1902730 128.1
1902740 128.0
1902750 128.0
1902760 128.0
1902770 128.0
1902780 128.0
1902790 128.0
1902800 128.0
1902810 128.0
1902820 128.0
1902830 128.0
1902840 128.0
1902850 128.0
1902860 128.0
1902870 128.0
1902880 128.0
1902890 127.9
1902900 127.9
1902910 127.9
1902920 127.8
1902930 127.8
1902940 127.8
1902950 127.7
1902960 127.6
1902970 127.6
1902980 127.6
1902990 127.6
1903000 127.6
1903010 127.6
1903020 127.6
1903030 127.6
1903040 127.6
1903050 127.6
1903060 127.6
1903070 127.7
1903080 127.7
1903090 127.7
1903100 127.7
1903110 127.7
1903120 127.7
1903130 127.7
1903140 127.8
1903150 127.8
1903160 127.8
1903170 127.8
1903180 127.8
1903190 127.9
1903200 128.1
1903210 128.1
1903220 128.1
1903230 128.1
1903240 128.1
1903250 128.1
1903260 128.1
1903270 128.1
1903280 128.0
1903290 127.9
1903300 127.9
1903310 127.8
1903320 127.7
1903330 127.7
1903340 127.6
1903350 127.5
1903360 127.6
1903370 127.6
1903380 127.6
1903390 127.6
1903400 127.6
1903410 127.6
1903420 127.6
1903430 127.6
1903440 127.7
1903450 127.7
1903460 127.8
1903470 127.9
1903480 128.0
1903490 128.0
1903500 128.1
1903510 128.1
1903520 128.1
1903530 128.0
1903540 127.9
1903550 127.9
1903560 127.8
1903570 127.7
1903580 127.7
1903590 127.7
1903600 127.6
1903610 127.6
1903620 127.6
1903630 127.6
1903640 127.6
1903650 127.6
1903660 127.6
1903670 127.6
1903680 127.5
1903690 127.5
1903700 127.5
1903710 127.4
1903720 127.3
1903730 127.3
1903740 127.3
1903750 127.2
1903760 127.2
1903770 127.3
1903780 127.3
1903790 127.3
1903800 127.4
1903810 127.4
1903820 127.4
1903830 127.5
1903840 127.5
1903850 127.5
1903860 127.5
1903870 127.5
1903880 127.5
1903890 127.5
1903900 127.5
1903910 127.5
1903920 127.5
1903930 127.5
1903940 127.5
1903950 127.5
1903960 127.5
1903970 127.5
1903980 127.5
1903990 127.5
1904000 127.5
1904010 127.5
1904020 127.5
1904030 127.5
1904040 127.5
1904050 127.5
1904060 127.5
1904070 127.5
1904080 127.5
1904090 127.5
1904100 127.5
1904110 127.5
1904120 127.5
1904130 127.5
1904140 127.5
1904150 127.5
1904160 127.5
1904170 127.5
1904180 127.5
1904190 127.5
1904200 127.5
1904210 127.5
1904220 127.5
1904230 127.5
1904240 127.5
1904250 127.5
1904260 127.5
1904270 127.5
1904280 127.6
1904290 127.5
1904300 127.5
1904310 127.5
1904320 127.5
1904330 127.5
1904340 127.5
1904350 127.4
1904360 127.4
1904370 127.4
1904380 127.4
1904390 127.4
1904400 127.4
1904410 127.4
1904420 127.5
1904430 127.5
1904440 127.5
1904450 127.5
1904460 127.5
1904470 127.5
1904480 127.5
1904490 127.5
1904500 127.6
1904510 127.6
1904520 127.6
1904530 127.6
1904540 127.7
1904550 127.7
1904560 127.7
1904570 127.7
1904580 127.7
1904590 127.8
1904600 127.7
1904610 127.7
1904620 127.7
1904630 127.7
1904640 127.7
1904650 127.8
1904660 128.0
1904670 128.0
1904680 128.0
1904690 127.9
1904700 127.9
1904710 127.8
1904720 127.7
1904730 127.7
1904740 127.9
1904750 127.9
1904760 127.9
1904770 127.8
1904780 127.7
1904790 127.7
1904800 127.8
1904810 127.8
1904820 127.8
1904830 127.8
1904840 127.8
1904850 127.8
1904860 127.6
1904870 127.6
1904880 127.6
1904890 127.5
1904900 127.5
1904910 127.5
1904920 127.6
1904930 127.6
1904940 127.6
1904950 127.6
1904960 127.7
1904970 127.7
1904980 127.7
1904990 127.8
1905000 127.8
1905010 127.8
1905020 127.8
1905030 127.8
1905040 127.7
1905050 127.2
1905060 127.2
1905070 126.4
1905080 127.3
1905090 127.3
1905100 128.1
1905110 127.7
1905120 127.7
1905130 127.4
1905140 127.6
1905150 127.6
1905160 127.0
1905170 127.2
1905180 127.2
1905190 127.3
1905200 127.6
1905210 127.6
1905220 127.7
1905230 127.8
1905240 127.8
1905250 127.9
1905260 127.9
1905270 127.9
1905280 127.9
1905290 127.9
1905300 127.9
1905310 127.9
1905320 127.9
1905330 127.8
1905340 127.8
1905350 127.7
1905360 127.7
1905370 127.7
1905380 127.9
1905390 128.0
1905400 128.0
1905410 127.9
1905420 127.8
1905430 127.8
1905440 127.7
1905450 127.6
1905460 127.6
1905470 127.7
1905480 128.0
1905490 128.0
1905500 127.1
1905510 127.3
1905520 127.3
1905530 127.2
1905540 127.1
1905550 127.1
1905560 127.0
1905570 127.0
1905580 127.0
1905590 127.0
1905600 127.1
1905610 127.1
1905620 127.2
1905630 127.2
1905640 127.2
1905650 127.2
1905660 127.2
1905670 127.2
1905680 127.1
1905690 127.1
1905700 127.1
1905710 127.2
1905720 127.2
1905730 127.2
1905740 127.2
1905750 128.0
1905760 128.0
1905770 127.3
