1900000 142.1
1900010 141.6
1900020 141.6
1900030 140.6
1900040 139.7
1900050 139.7
1900060 138.7
1900070 138.3
1900080 138.3
1900090 138.0
1900100 137.8
1900110 137.8
1900120 137.7
1900130 137.4
1900140 137.4
1900150 137.1
1900160 136.8
1900170 136.8
1900180 136.4
1900190 136.1
1900200 136.1
1900210 135.8
1900220 135.5
1900230 135.5
1900240 135.2
1900250 134.8
1900260 134.4
1900270 134.4
1900280 133.8
1900290 133.6
1900300 133.6
1900310 133.5
1900320 133.3
1900330 133.3
1900340 133.1
1900350 132.9
1900360 132.9
1900370 132.6
1900380 132.3
1900390 132.3
1900400 132.0
1900410 131.7
1900420 131.7
1900430 131.5
1900440 131.4
1900450 131.4
1900460 131.3
1900470 131.1
1900480 131.1
1900490 131.0
1900500 130.9
1900510 130.9
1900520 130.8
1900530 130.7
1900540 130.7
1900550 130.5
1900560 130.3
1900570 130.3
1900580 130.2
1900590 129.9
1900600 129.9
1900610 129.7
1900620 129.5
1900630 129.5
1900640 129.3
1900650 129.2
1900660 129.2
1900670 129.2
1900680 129.1
1900690 129.1
1900700 129.0
1900710 128.9
1900720 128.9
1900730 128.8
1900740 128.8
1900750 128.8
1900760 128.7
1900770 128.6
1900780 128.6
1900790 128.5
1900800 128.4
1900810 128.4
1900820 128.4
1900830 128.4
1900840 128.4
1900850 128.3
1900860 128.3
1900870 128.3
1900880 128.3
1900890 128.4
1900900 128.4
1900910 128.4
1900920 128.5
1900930 128.5
1900940 128.4
1900950 128.4
1900960 128.4
1900970 128.4
1900980 128.5
1900990 128.5
1901000 128.4
1901010 128.4
1901020 128.4
1901030 128.4
1901040 128.5
1901050 128.5
1901060 128.5
1901070 128.4
1901080 128.4
1901090 128.4
1901100 128.3
1901110 128.3
1901120 128.2
1901130 128.2
1901140 128.2
1901150 128.2
1901160 128.3
1901170 128.2
1901180 128.2
1901190 128.1
1901200 128.1
1901210 128.0
1901220 128.0
1901230 128.0
1901240 128.0
1901250 127.9
1901260 128.0
1901270 128.0
1901280 128.1
1901290 128.2
1901300 128.2
1901310 128.2
1901320 128.2
1901330 128.2
1901340 128.2
1901350 128.2
1901360 128.2
1901370 128.2
1901380 128.1
1901390 128.1
1901400 128.1
1901410 128.2
1901420 128.2
1901430 128.4
1901440 128.6
1901450 128.6
1901460 128.4
1901470 128.1
1901480 128.1
1901490 127.9
1901500 127.9
1901510 127.9
1901520 127.9
1901530 128.0
1901540 128.0
1901550 128.1
1901560 128.2
1901570 128.2
1901580 128.2
1901590 128.2
1901600 128.2
1901610 128.1
1901620 128.2
1901630 128.2
1901640 128.2
1901650 128.3
1901660 128.3
1901670 128.2
1901680 128.2
1901690 128.2
1901700 128.2
1901710 128.1
1901720 128.1
1901730 128.1
1901740 128.2
1901750 128.2
1901760 128.4
1901770 128.4
1901780 128.4
1901790 128.4
1901800 128.4
1901810 128.4
1901820 128.3
1901830 128.3
1901840 128.3
1901850 128.2
1901860 128.2
1901870 128.2
1901880 128.1
1901890 128.0
1901900 128.0
1901910 128.0
1901920 128.0
1901930 128.0
1901940 127.9
1901950 127.9
1901960 127.9
1901970 127.8
1901980 127.8
1901990 127.8
1902000 127.8
1902010 127.8
1902020 127.8
1902030 127.8
1902040 127.9
1902050 128.0
1902060 128.0
1902070 128.2
1902080 128.6
1902090 128.6
1902100 128.4
1902110 128.4
1902120 128.4
1902130 128.5
1902140 128.5
1902150 128.5
1902160 128.5
1902170 128.4
1902180 128.4
1902190 128.5
1902200 128.5
1902210 128.5
1902220 128.5
1902230 128.4
1902240 128.4
1902250 128.3
1902260 128.2
1902270 128.2
1902280 128.1
1902290 127.9
1902300 127.9
1902310 127.7
1902320 127.6
1902330 127.6
1902340 127.5
1902350 127.5
1902360 127.5
1902370 127.4
1902380 127.4
1902390 127.4
1902400 127.5
1902410 127.5
1902420 127.5
1902430 127.4
1902440 127.4
1902450 127.4
1902460 127.4
1902470 127.4
1902480 127.4
1902490 127.4
1902500 127.3
1902510 127.3
1902520 127.3
1902530 127.3
1902540 127.3
1902550 127.3
1902560 127.3
1902570 127.3
1902580 127.3
1902590 127.3
1902600 127.3
1902610 127.3
1902620 127.3
1902630 127.3
1902640 127.3
1902650 127.3
1902660 127.3
1902670 127.3
1902680 127.4
1902690 127.4
1902700 127.4
1902710 127.4
1902720 127.4
1902730 127.4
1902740 127.4
1902750 127.5
1902760 127.5
1902770 127.5
1902780 127.5
1902790 127.7
1902800 127.8
1902810 127.8
1902820 128.0
1902830 128.0
1902840 128.0
1902850 128.0
1902860 128.0
1902870 128.0
1902880 128.0
1902890 127.9
1902900 127.9
1902910 127.9
1902920 127.9
1902930 127.9
1902940 127.9
1902950 127.8
1902960 127.7
1902970 127.7
1902980 127.7
1902990 127.6
1903000 127.6
1903010 127.5
1903020 127.4
1903030 127.4
1903040 127.4
1903050 127.3
1903060 127.4
1903070 127.4
1903080 127.4
1903090 127.4
1903100 127.5
1903110 127.5
1903120 127.5
1903130 127.6
1903140 127.7
1903150 127.7
1903160 127.6
1903170 127.6
1903180 127.6
1903190 127.6
1903200 127.7
1903210 127.7
1903220 127.7
1903230 127.6
1903240 127.6
1903250 127.6
1903260 127.6
1903270 127.6
1903280 127.5
1903290 127.5
1903300 127.5
1903310 127.5
1903320 127.5
1903330 127.5
1903340 127.5
1903350 127.5
1903360 127.5
1903370 127.5
1903380 127.6
1903390 127.6
1903400 127.8
1903410 127.6
1903420 127.6
1903430 127.6
1903440 127.8
1903450 127.8
1903460 128.0
1903470 128.1
1903480 128.1
1903490 128.2
1903500 128.2
1903510 128.2
1903520 128.2
1903530 128.2
1903540 128.2
1903550 128.1
1903560 128.1
1903570 128.1
1903580 128.1
1903590 128.1
1903600 128.1
1903610 128.1
1903620 128.1
1903630 128.1
1903640 128.1
1903650 128.0
1903660 128.0
1903670 128.0
1903680 128.0
1903690 128.0
1903700 127.9
1903710 127.8
1903720 127.8
1903730 127.7
1903740 127.6
1903750 127.6
1903760 127.6
1903770 127.6
1903780 127.6
1903790 127.6
1903800 127.5
1903810 127.5
1903820 127.5
1903830 127.5
1903840 127.6
1903850 127.6
1903860 127.6
1903870 127.5
1903880 127.5
1903890 127.6
1903900 127.7
1903910 127.7
1903920 127.8
1903930 127.8
1903940 127.8
1903950 127.8
1903960 127.8
1903970 127.8
1903980 127.8
1903990 127.7
1904000 127.7
1904010 127.6
1904020 127.5
1904030 127.5
1904040 127.4
1904050 127.3
1904060 127.3
1904070 127.2
1904080 127.2
1904090 127.2
1904100 127.1
1904110 127.1
1904120 127.1
1904130 127.0
1904140 127.0
1904150 127.0
1904160 126.9
1904170 126.9
1904180 126.9
1904190 126.9
1904200 126.9
1904210 126.9
1904220 126.9
1904230 126.9
1904240 126.9
1904250 126.9
1904260 126.9
1904270 126.9
1904280 126.9
1904290 126.8
1904300 126.8
1904310 126.8
1904320 126.8
1904330 126.8
1904340 126.7
1904350 126.7
1904360 126.7
1904370 126.7
1904380 126.7
1904390 126.7
1904400 126.7
1904410 126.7
1904420 126.7
1904430 126.9
1904440 127.0
1904450 127.0
1904460 127.0
1904470 127.0
1904480 127.0
1904490 127.0
1904500 127.1
1904510 127.1
1904520 127.0
1904530 127.0
1904540 127.0
1904550 127.1
1904560 127.0
1904570 127.0
1904580 126.9
1904590 126.8
1904600 126.8
1904610 126.8
1904620 126.9
1904630 126.9
1904640 126.9
1904650 126.9
1904660 126.9
1904670 127.0
1904680 126.9
1904690 126.9
1904700 126.9
1904710 126.9
1904720 127.0
1904730 127.0
1904740 127.0
1904750 127.1
1904760 127.1
1904770 127.1
1904780 127.1
1904790 127.1
1904800 127.0
1904810 127.0
1904820 127.0
1904830 126.9
1904840 127.0
1904850 127.0
1904860 127.0
1904870 127.1
1904880 127.1
1904890 127.1
1904900 127.1
1904910 127.2
1904920 127.2
1904930 127.2
1904940 127.2
1904950 127.3
1904960 127.5
1904970 127.5
1904980 127.6
1904990 127.6
1905000 127.6
1905010 127.7
1905020 127.7
1905030 127.7
1905040 127.7
1905050 127.7
1905060 127.7
1905070 127.6
1905080 127.6
1905090 127.6
1905100 127.7
1905110 127.6
1905120 127.6
1905130 127.4
1905140 127.3
1905150 127.3
1905160 127.4
1905170 127.4
1905180 127.4
1905190 127.5
1905200 127.4
1905210 127.5
1905220 127.5
1905230 127.5
1905240 127.5
1905250 127.6
1905260 127.5
1905270 127.5
1905280 127.1
1905290 127.2
1905300 127.2
1905310 127.0
1905320 126.8
1905330 126.8
1905340 126.7
1905350 126.6
1905360 126.6
1905370 126.5
1905380 126.5
1905390 126.5
1905400 126.6
1905410 126.6
1905420 126.6
1905430 126.6
1905440 126.5
1905450 126.5
1905460 126.4
1905470 126.2
1905480 126.2
1905490 126.0
1905500 126.0
1905510 126.0
1905520 125.8
1905530 125.9
1905540 125.9
1905550 125.9
1905560 126.1
1905570 126.1
1905580 126.5
1905590 127.0
1905600 127.6
1905610 127.6
1905620 127.7
1905630 127.1
1905640 127.1
1905650 127.6
1905660 127.9
1905670 127.9
