1900000 139.7
1900010 139.2
1900020 139.2
1900030 140.2
1900040 140.5
1900050 140.5
1900060 140.5
1900070 140.3
1900080 140.3
1900090 140.1
1900100 139.8
1900110 139.8
1900120 139.6
1900130 139.1
1900140 139.1
1900150 137.8
1900160 137.0
1900170 137.0
1900180 138.0
1900190 136.5
1900200 136.5
1900210 135.4
1900220 134.8
1900230 134.8
1900240 134.5
1900250 134.0
1900260 134.0
1900270 133.7
1900280 133.4
1900290 133.4
1900300 133.0
1900310 132.7
1900320 132.7
1900330 132.6
1900340 132.6
1900350 132.6
1900360 132.5
1900370 132.3
1900380 132.3
1900390 131.9
1900400 131.6
1900410 131.6
1900420 131.4
1900430 131.2
1900440 131.2
1900450 131.0
1900460 130.9
1900470 130.9
1900480 130.8
1900490 130.6
1900500 130.6
1900510 130.5
1900520 130.3
1900530 130.3
1900540 130.2
1900550 130.1
1900560 130.1
1900570 129.9
1900580 129.7
1900590 129.7
1900600 129.6
1900610 129.4
1900620 129.4
1900630 129.3
1900640 129.2
1900650 129.2
1900660 129.1
1900670 129.0
1900680 129.0
1900690 129.0
1900700 129.0
1900710 128.9
1900720 128.9
1900730 128.8
1900740 128.7
1900750 128.7
1900760 128.6
1900770 128.5
1900780 128.5
1900790 128.5
1900800 128.3
1900810 128.3
1900820 128.3
1900830 128.2
1900840 128.2
1900850 128.3
1900860 128.3
1900870 128.3
1900880 128.3
1900890 128.3
1900900 128.3
1900910 128.4
1900920 128.4
1900930 128.4
1900940 128.5
1900950 128.5
1900960 128.5
1900970 128.5
1900980 128.5
1900990 128.5
1901000 128.5
1901010 128.5
1901020 128.5
1901030 128.5
1901040 128.5
1901050 128.5
1901060 128.5
1901070 128.5
1901080 128.5
1901090 128.5
1901100 128.3
1901110 128.3
1901120 128.2
1901130 128.1
1901140 128.1
1901150 128.0
1901160 128.0
1901170 128.0
1901180 128.0
1901190 128.0
1901200 128.0
1901210 127.9
1901220 127.9
1901230 127.9
1901240 127.8
1901250 127.9
1901260 127.9
1901270 128.0
1901280 128.0
1901290 128.0
1901300 128.1
1901310 128.2
1901320 128.2
1901330 128.3
1901340 128.4
1901350 128.4
1901360 128.6
1901370 128.7
1901380 128.7
1901390 128.6
1901400 128.3
1901410 128.2
1901420 128.0
1901430 127.9
1901440 127.9
1901450 127.8
1901460 127.7
1901470 127.7
1901480 127.7
1901490 127.7
1901500 127.7
1901510 127.8
1901520 127.9
1901530 127.9
1901540 128.1
1901550 128.2
1901560 128.2
1901570 128.3
1901580 128.4
1901590 128.6
1901600 128.6
1901610 128.5
1901620 128.4
1901630 128.4
1901640 128.4
1901650 128.4
1901660 128.4
1901670 128.4
1901680 128.4
1901690 128.4
1901700 128.3
1901710 128.4
1901720 128.5
1901730 128.4
1901740 128.4
1901750 128.4
1901760 128.3
1901770 128.3
1901780 128.3
1901790 128.3
1901800 128.3
1901810 128.3
1901820 128.3
1901830 128.3
1901840 128.3
1901850 128.2
1901860 128.1
1901870 128.1
1901880 128.0
1901890 128.0
1901900 128.0
1901910 127.9
1901920 127.9
1901930 127.9
1901940 127.9
1901950 127.9
1901960 127.9
1901970 127.8
1901980 127.7
1901990 127.7
1902000 127.6
1902010 127.6
1902020 127.6
1902030 127.5
1902040 127.6
1902050 127.6
1902060 127.6
1902070 127.7
1902080 127.7
1902090 127.8
1902100 128.0
1902110 128.0
1902120 128.4
1902130 128.3
1902140 128.3
1902150 128.3
1902160 128.3
1902170 128.3
1902180 128.3
1902190 128.3
1902200 128.3
1902210 128.2
1902220 128.1
1902230 128.1
1902240 128.0
1902250 127.9
1902260 127.9
1902270 127.9
1902280 127.8
1902290 127.8
1902300 127.7
1902310 127.7
1902320 127.7
1902330 127.6
1902340 127.5
1902350 127.5
1902360 127.5
1902370 127.5
1902380 127.5
1902390 127.4
1902400 127.4
1902410 127.4
1902420 127.4
1902430 127.4
1902440 127.4
1902450 127.4
1902460 127.4
1902470 127.3
1902480 127.3
1902490 127.3
1902500 127.3
1902510 127.3
1902520 127.3
1902530 127.3
1902540 127.3
1902550 127.3
1902560 127.3
1902570 127.3
1902580 127.3
1902590 127.3
1902600 127.3
1902610 127.3
1902620 127.3
1902630 127.3
1902640 127.3
1902650 127.4
1902660 127.4
1902670 127.4
1902680 127.5
1902690 127.5
1902700 127.5
1902710 127.6
1902720 127.6
1902730 127.7
1902740 127.8
1902750 127.8
1902760 128.0
1902770 128.0
1902780 128.0
1902790 128.0
1902800 128.0
1902810 128.0
1902820 128.0
1902830 128.0
1902840 128.0
1902850 128.0
1902860 128.0
1902870 128.0
1902880 128.0
1902890 127.9
1902900 127.9
1902910 127.9
1902920 127.9
1902930 127.9
1902940 127.8
1902950 127.6
1902960 127.6
1902970 127.6
1902980 127.5
1902990 127.5
1903000 127.5
1903010 127.5
1903020 127.5
1903030 127.4
1903040 127.4
1903050 127.4
1903060 127.4
1903070 127.4
1903080 127.4
1903090 127.4
1903100 127.5
1903110 127.5
1903120 127.5
1903130 127.6
1903140 127.6
1903150 127.8
1903160 127.8
1903170 127.8
1903180 127.8
1903190 127.8
1903200 127.8
1903210 127.7
1903220 127.7
1903230 127.7
1903240 127.6
1903250 127.6
1903260 127.6
1903270 127.6
1903280 127.6
1903290 127.6
1903300 127.6
1903310 127.5
1903320 127.5
1903330 127.5
1903340 127.5
1903350 127.5
1903360 127.5
1903370 127.5
1903380 127.5
1903390 127.5
1903400 127.6
1903410 127.9
1903420 127.9
1903430 127.8
1903440 127.8
1903450 127.8
1903460 127.9
1903470 128.0
1903480 128.0
1903490 128.2
1903500 128.2
1903510 128.2
1903520 128.2
1903530 128.2
1903540 128.2
1903550 128.2
1903560 128.2
1903570 128.2
1903580 128.2
1903590 128.2
1903600 128.2
1903610 128.2
1903620 128.2
1903630 128.2
1903640 128.1
1903650 128.1
1903660 128.1
1903670 127.9
1903680 127.8
1903690 127.8
1903700 127.7
1903710 127.6
1903720 127.6
1903730 127.6
1903740 127.6
1903750 127.6
1903760 127.7
1903770 127.7
1903780 127.7
1903790 127.6
1903800 127.7
1903810 127.7
1903820 127.7
1903830 127.8
1903840 127.8
1903850 127.8
1903860 127.8
1903870 127.8
1903880 127.9
1903890 127.9
1903900 127.9
1903910 127.9
1903920 127.9
1903930 127.9
1903940 127.8
1903950 127.7
1903960 127.7
1903970 127.6
1903980 127.6
1903990 127.6
1904000 127.5
1904010 127.4
1904020 127.4
1904030 127.3
1904040 127.3
1904050 127.3
1904060 127.2
1904070 127.2
1904080 127.2
1904090 127.1
1904100 127.1
1904110 127.1
1904120 127.0
1904130 127.0
1904140 127.0
1904150 126.9
1904160 126.9
1904170 126.9
1904180 126.9
1904190 127.0
1904200 127.0
1904210 127.0
1904220 127.0
1904230 127.0
1904240 127.0
1904250 127.0
1904260 126.9
1904270 126.9
1904280 126.9
1904290 126.8
1904300 126.8
1904310 126.8
1904320 126.8
1904330 126.8
1904340 126.8
1904350 126.7
1904360 126.7
1904370 126.7
1904380 126.7
1904390 126.7
1904400 126.7
1904410 126.8
1904420 126.8
1904430 126.8
1904440 127.0
1904450 127.0
1904460 127.2
1904470 127.1
1904480 127.1
1904490 127.1
1904500 127.0
1904510 127.0
1904520 127.0
1904530 127.0
1904540 127.0
1904550 126.9
1904560 126.9
1904570 126.9
1904580 127.1
1904590 127.1
1904600 127.1
1904610 127.0
1904620 127.0
1904630 127.0
1904640 127.0
1904650 127.0
1904660 127.0
1904670 127.0
1904680 127.0
1904690 127.0
1904700 127.0
1904710 127.1
1904720 127.1
1904730 127.2
1904740 127.2
1904750 127.2
1904760 127.3
1904770 127.3
1904780 127.3
1904790 127.3
1904800 127.5
1904810 127.5
1904820 127.5
1904830 127.4
1904840 127.4
1904850 127.5
1904860 127.4
1904870 127.4
1904880 127.4
1904890 127.5
1904900 127.5
1904910 127.5
1904920 127.6
1904930 127.6
1904940 127.6
1904950 127.6
1904960 127.6
1904970 127.7
1904980 127.6
1904990 127.6
1905000 127.6
1905010 127.7
1905020 127.7
1905030 127.6
1905040 127.6
1905050 127.6
1905060 127.5
1905070 127.5
1905080 127.5
1905090 127.6
1905100 127.6
1905110 127.6
1905120 127.7
1905130 127.7
1905140 127.6
1905150 127.6
1905160 127.6
1905170 127.5
1905180 127.5
1905190 127.5
1905200 127.7
1905210 127.7
1905220 127.6
1905230 127.6
1905240 127.6
1905250 127.6
1905260 127.5
1905270 127.5
1905280 127.4
1905290 127.4
1905300 127.4
1905310 127.2
1905320 126.7
1905330 126.7
1905340 126.6
1905350 126.6
1905360 126.6
1905370 126.6
1905380 126.5
1905390 126.5
1905400 126.4
1905410 126.5
1905420 127.4
1905430 127.6
1905440 127.4
1905450 127.4
1905460 127.3
1905470 127.3
1905480 127.3
1905490 127.3
1905500 127.3
1905510 127.3
1905520 127.2
1905530 127.2
1905540 127.2
1905550 126.9
1905560 126.9
1905570 126.9
1905580 127.3
1905590 127.8
1905600 127.8
1905610 128.0
1905620 128.1
1905630 128.1
1905640 128.1
1905650 127.9
1905660 127.9
1905670 127.5
1905680 126.6
1905690 126.6
1905700 126.8
