1900000 135.7
1900010 135.7
1900020 135.4
1900030 135.1
1900040 135.1
1900050 134.8
1900060 134.6
1900070 134.6
1900080 134.2
1900090 133.8
1900100 133.8
1900110 133.6
1900120 133.4
1900130 133.4
1900140 133.1
1900150 132.7
1900160 132.7
1900170 132.5
1900180 132.3
1900190 132.3
1900200 132.2
1900210 132.0
1900220 132.0
1900230 131.7
1900240 131.5
1900250 131.5
1900260 131.3
1900270 131.1
1900280 131.1
1900290 130.9
1900300 130.7
1900310 130.7
1900320 130.4
1900330 130.3
1900340 130.3
1900350 130.2
1900360 130.1
1900370 130.1
1900380 130.0
1900390 129.9
1900400 129.9
1900410 129.8
1900420 129.7
1900430 129.7
1900440 129.5
1900450 129.4
1900460 129.4
1900470 129.3
1900480 129.2
1900490 129.2
1900500 129.2
1900510 129.2
1900520 129.2
1900530 129.2
1900540 129.1
1900550 129.1
1900560 129.1
1900570 129.1
1900580 129.1
1900590 129.1
1900600 129.2
1900610 129.2
1900620 129.1
1900630 129.0
1900640 129.0
1900650 129.0
1900660 128.9
1900670 128.9
1900680 128.8
1900690 128.7
1900700 128.7
1900710 128.5
1900720 128.4
1900730 128.4
1900740 128.3
1900750 128.2
1900760 128.2
1900770 128.3
1900780 128.3
1900790 128.3
1900800 128.2
1900810 128.2
1900820 128.2
1900830 128.3
1900840 128.4
1900850 128.4
1900860 128.5
1900870 128.4
1900880 128.4
1900890 128.3
1900900 128.3
1900910 128.2
1900920 128.2
1900930 128.2
1900940 128.2
1900950 128.2
1900960 128.2
1900970 128.1
1900980 128.1
1900990 128.1
1901000 128.1
1901010 128.1
1901020 128.1
1901030 128.0
1901040 128.0
1901050 128.1
1901060 128.0
1901070 128.0
1901080 128.0
1901090 128.0
1901100 128.0
1901110 127.9
1901120 127.9
1901130 127.9
1901140 127.9
1901150 128.0
1901160 128.0
1901170 128.1
1901180 128.1
1901190 128.1
1901200 128.2
1901210 128.2
1901220 128.2
1901230 128.1
1901240 128.1
1901250 128.1
1901260 128.0
1901270 128.0
1901280 128.0
1901290 128.0
1901300 128.0
1901310 128.0
1901320 128.0
1901330 128.1
1901340 128.1
1901350 128.2
1901360 128.3
1901370 128.3
1901380 128.3
1901390 128.2
1901400 128.2
1901410 128.1
1901420 128.0
1901430 128.0
1901440 128.0
1901450 128.0
1901460 128.0
1901470 127.9
1901480 127.9
1901490 127.9
1901500 127.8
1901510 127.9
1901520 127.9
1901530 127.7
1901540 127.7
1901550 127.7
1901560 127.7
1901570 127.8
1901580 127.8
1901590 127.8
1901600 127.8
1901610 127.8
1901620 127.7
1901630 127.9
1901640 127.9
1901650 127.9
1901660 128.0
1901670 128.0
1901680 128.0
1901690 128.0
1901700 128.0
1901710 128.1
1901720 128.1
1901730 128.1
1901740 128.2
1901750 128.3
1901760 128.3
1901770 128.3
1901780 128.3
1901790 128.3
1901800 128.3
1901810 128.1
1901820 128.1
1901830 128.1
1901840 128.0
1901850 128.2
1901860 128.2
1901870 128.4
1901880 128.5
1901890 128.5
1901900 128.5
1901910 128.6
1901920 128.6
1901930 128.7
1901940 128.7
1901950 128.7
1901960 128.6
1901970 128.6
1901980 128.6
1901990 128.6
1902000 128.7
1902010 128.7
1902020 128.7
1902030 128.8
1902040 128.8
1902050 128.8
1902060 128.7
1902070 128.7
1902080 128.7
1902090 128.7
1902100 128.7
1902110 128.6
1902120 128.6
1902130 128.6
1902140 128.7
1902150 128.8
1902160 128.8
1902170 128.9
1902180 128.9
1902190 128.9
1902200 129.0
1902210 129.1
1902220 129.1
1902230 129.0
1902240 129.1
1902250 129.1
1902260 129.0
1902270 129.0
1902280 129.0
1902290 128.9
1902300 128.9
1902310 128.9
1902320 128.8
1902330 128.6
1902340 128.6
1902350 128.6
1902360 128.6
1902370 128.6
1902380 128.5
1902390 128.4
1902400 128.4
1902410 128.4
1902420 128.4
1902430 128.4
1902440 128.3
1902450 128.3
1902460 128.3
1902470 128.3
1902480 128.4
1902490 128.4
1902500 128.3
1902510 128.2
1902520 128.2
1902530 128.3
1902540 128.4
1902550 128.4
1902560 128.6
1902570 128.6
1902580 128.6
1902590 128.6
1902600 128.5
1902610 128.5
1902620 128.2
1902630 128.1
1902640 128.1
1902650 128.5
1902660 128.9
1902670 128.9
1902680 130.2
1902690 130.4
1902700 130.4
1902710 130.3
1902720 130.2
1902730 130.1
1902740 130.1
1902750 130.0
1902760 129.9
1902770 129.9
1902780 130.1
1902790 130.0
1902800 130.0
1902810 130.0
1902820 129.9
1902830 129.9
1902840 129.7
1902850 129.7
1902860 129.7
1902870 129.5
1902880 129.5
1902890 129.5
1902900 129.2
1902910 129.1
1902920 129.1
1902930 128.9
1902940 128.9
1902950 128.9
1902960 128.7
1902970 128.8
1902980 128.8
1902990 128.9
1903000 129.0
1903010 129.0
1903020 128.9
1903030 128.9
1903040 128.9
1903050 128.9
1903060 129.0
1903070 129.0
1903080 129.0
1903090 128.6
1903100 128.6
1903110 128.5
1903120 128.5
1903130 128.5
1903140 128.6
1903150 128.6
1903160 128.6
1903170 128.4
1903180 128.6
1903190 128.6
1903200 129.1
1903210 129.2
1903220 129.2
1903230 129.4
1903240 129.5
1903250 129.5
1903260 129.6
1903270 129.7
1903280 129.7
1903290 129.7
1903300 129.6
1903310 129.6
1903320 129.5
1903330 129.3
1903340 129.3
1903350 128.9
1903360 128.8
1903370 128.8
1903380 128.8
1903390 128.9
1903400 128.1
1903410 128.2
1903420 128.4
1903430 128.4
1903440 128.6
1903450 128.8
1903460 128.8
1903470 128.8
1903480 128.3
1903490 128.3
1903500 128.2
1903510 128.1
1903520 128.1
1903530 127.9
1903540 127.8
1903550 127.8
1903560 127.8
1903570 127.8
1903580 127.8
1903590 128.4
1903600 128.3
1903610 128.3
1903620 128.2
1903630 128.7
1903640 129.0
1903650 129.0
1903660 129.1
1903670 129.2
1903680 129.2
1903690 129.2
1903700 129.3
1903710 129.6
1903720 129.6
1903730 129.7
1903740 129.7
1903750 129.7
1903760 129.6
1903770 129.6
1903780 129.6
1903790 129.4
1903800 129.4
1903810 129.3
1903820 129.4
1903830 129.4
1903840 129.5
1903850 130.0
1903860 130.0
1903870 129.9
1903880 129.7
1903890 129.7
1903900 129.4
1903910 129.1
1903920 129.1
1903930 129.0
1903940 129.0
1903950 129.0
1903960 128.9
1903970 128.6
1903980 128.6
1903990 128.2
1904000 125.9
1904010 125.9
1904020 127.6
1904030 127.6
1904040 127.6
1904050 127.9
1904060 127.9
1904070 127.9
1904080 128.7
1904090 129.4
1904100 129.4
1904110 129.5
1904120 129.8
1904130 129.8
1904140 129.8
1904150 129.8
1904160 129.8
1904170 129.8
1904180 129.7
1904190 129.7
1904200 129.7
1904210 129.8
1904220 129.8
1904230 129.7
1904240 129.6
1904250 129.6
1904260 129.5
1904270 129.4
1904280 129.4
1904290 129.3
1904300 129.3
1904310 129.3
1904320 128.7
1904330 128.8
1904340 128.8
1904350 128.7
1904360 128.6
1904370 128.6
1904380 128.2
1904390 128.0
1904400 128.0
1904410 127.9
1904420 127.9
1904430 127.9
1904440 127.9
1904450 127.9
1904460 127.9
1904470 127.9
1904480 127.9
1904490 127.9
1904500 127.9
1904510 127.9
1904520 127.9
1904530 127.9
1904540 127.9
1904550 127.9
1904560 127.9
1904570 127.9
1904580 127.9
1904590 127.9
1904600 127.9
1904610 127.9
1904620 127.9
1904630 127.9
1904640 127.9
1904650 127.9
1904660 127.9
1904670 127.9
1904680 127.9
1904690 127.9
1904700 128.5
1904710 128.5
1904720 128.9
1904730 128.7
1904740 128.7
1904750 128.6
1904760 128.7
1904770 128.7
1904780 128.8
1904790 128.6
1904800 128.6
1904810 128.5
1904820 128.3
1904830 128.3
1904840 128.1
1904850 127.9
1904860 127.9
1904870 127.8
1904880 127.7
1904890 127.7
1904900 127.8
1904910 127.9
1904920 127.9
1904930 128.1
1904940 127.8
1904950 127.8
1904960 127.8
1904970 127.8
1904980 127.8
1904990 127.9
1905000 128.0
1905010 128.0
1905020 127.9
1905030 127.9
1905040 127.9
1905050 127.9
1905060 128.1
1905070 128.1
1905080 128.4
1905090 128.4
1905100 128.4
1905110 128.4
1905120 128.4
1905130 128.4
1905140 128.2
1905150 128.0
1905160 128.0
1905170 127.9
1905180 127.8
1905190 127.8
1905200 127.5
1905210 127.4
1905220 127.4
1905230 127.4
1905240 127.5
1905250 127.5
1905260 127.6
1905270 127.6
1905280 127.6
1905290 127.6
1905300 127.5
1905310 127.5
1905320 127.5
1905330 127.5
1905340 127.5
1905350 127.5
1905360 127.5
1905370 127.5
1905380 127.5
1905390 127.6
1905400 127.6
1905410 127.6
1905420 127.6
1905430 127.6
1905440 127.7
1905450 127.8
1905460 127.8
1905470 127.6
1905480 127.6
1905490 128.4
1905500 128.4
1905510 129.0
1905520 128.3
1905530 128.3
1905540 127.3
1905550 127.6
1905560 127.6
1905570 127.4
1905580 127.4
1905590 127.4
1905600 127.3
1905610 127.3
1905620 127.3
1905630 127.3
1905640 127.3
1905650 127.3
1905660 127.2
1905670 127.2
1905680 127.2
1905690 127.2
1905700 127.2
1905710 127.2
1905720 127.3
1905730 127.4
1905740 127.4
1905750 127.3
1905760 127.4
1905770 127.4
1905780 127.4
1905790 127.4
1905800 127.4
1905810 127.5
1905820 127.6
1905830 127.6
1905840 127.5
1905850 127.5
1905860 127.6
1905870 127.6
1905880 127.6
1905890 127.6
1905900 127.7
1905910 127.6
1905920 127.6
1905930 127.6
1905940 127.5
1905950 127.5
1905960 127.5
1905970 127.4
1905980 127.4
1905990 127.5
1906000 127.4
1906010 127.4
1906020 127.4
1906030 127.3
1906040 127.3
1906050 127.3
1906060 127.4
1906070 127.4
1906080 127.3
1906090 127.3
1906100 127.3
1906110 127.3
1906120 127.2
1906130 127.2
1906140 124.5
1906150 122.6
1906160 123.4
1906170 122.5
1906180 122.1
1906190 122.1
