1900000 139.2
1900010 139.1
1900020 139.1
1900030 139.0
1900040 139.0
1900050 139.0
1900060 138.8
1900070 138.6
1900080 138.6
1900090 138.4
1900100 138.1
1900110 138.1
1900120 137.8
1900130 137.4
1900140 137.4
1900150 137.1
1900160 136.6
1900170 136.0
1900180 136.0
1900190 135.6
1900200 135.2
1900210 135.2
1900220 134.9
1900230 134.6
1900240 134.6
1900250 134.2
1900260 133.9
1900270 133.9
1900280 133.7
1900290 133.4
1900300 133.4
1900310 133.3
1900320 133.1
1900330 133.1
1900340 132.9
1900350 132.8
1900360 132.8
1900370 132.6
1900380 132.4
1900390 132.4
1900400 132.2
1900410 132.1
1900420 132.1
1900430 131.9
1900440 131.7
1900450 131.7
1900460 131.6
1900470 131.5
1900480 131.5
1900490 131.3
1900500 131.3
1900510 131.3
1900520 131.1
1900530 130.9
1900540 130.9
1900550 130.7
1900560 130.3
1900570 130.3
1900580 130.1
1900590 129.9
1900600 129.9
1900610 129.8
1900620 129.6
1900630 129.6
1900640 129.5
1900650 129.3
1900660 129.3
1900670 129.1
1900680 129.0
1900690 129.0
1900700 128.8
1900710 128.7
1900720 128.7
1900730 128.6
1900740 128.5
1900750 128.5
1900760 128.5
1900770 128.5
1900780 128.5
1900790 128.5
1900800 128.6
1900810 128.6
1900820 128.7
1900830 128.8
1900840 128.8
1900850 128.9
1900860 129.1
1900870 129.1
1900880 129.3
1900890 130.1
1900900 130.1
1900910 131.2
1900920 131.2
1900930 131.2
1900940 131.1
1900950 130.9
1900960 130.9
1900970 131.7
1900980 130.3
1900990 130.3
1901000 129.0
1901010 129.0
1901020 129.0
1901030 129.0
1901040 129.2
1901050 131.6
1901060 131.6
1901070 135.8
1901080 132.3
1901090 132.3
1901100 128.7
1901110 128.3
1901120 128.3
1901130 128.2
1901140 128.1
1901150 128.1
1901160 128.1
1901170 128.2
1901180 128.2
1901190 128.7
1901200 129.8
1901210 129.8
1901220 130.0
1901230 130.1
1901240 130.1
1901250 130.1
1901260 130.0
1901270 130.0
1901280 130.1
1901290 129.4
1901300 129.4
1901310 127.9
1901320 127.8
1901330 127.8
1901340 128.0
1901350 127.9
1901360 127.9
1901370 127.9
1901380 128.1
1901390 128.1
1901400 128.2
1901410 128.4
1901420 128.4
1901430 128.6
1901440 128.6
1901450 128.6
1901460 128.6
1901470 128.6
1901480 128.6
1901490 128.6
1901500 128.5
1901510 128.5
1901520 128.5
1901530 128.5
1901540 128.5
1901550 128.5
1901560 128.5
1901570 128.5
1901580 128.4
1901590 128.5
1901600 128.5
1901610 128.5
1901620 128.5
1901630 128.5
1901640 128.5
1901650 128.5
1901660 128.5
1901670 128.6
1901680 128.6
1901690 128.6
1901700 128.6
1901710 128.6
1901720 128.6
1901730 128.5
1901740 128.5
1901750 128.5
1901760 128.5
1901770 128.5
1901780 128.5
1901790 128.4
1901800 128.4
1901810 128.4
1901820 128.3
1901830 128.2
1901840 128.2
1901850 128.0
1901860 127.9
1901870 127.9
1901880 127.8
1901890 127.8
1901900 127.9
1901910 127.9
1901920 127.9
1901930 127.9
1901940 127.9
1901950 127.9
1901960 128.0
1901970 128.0
1901980 128.0
1901990 128.0
1902000 128.0
1902010 128.0
1902020 128.1
1902030 128.1
1902040 128.1
1902050 128.0
1902060 128.0
1902070 128.0
1902080 128.0
1902090 128.0
1902100 128.0
1902110 128.1
1902120 128.1
1902130 128.1
1902140 128.2
1902150 128.2
1902160 128.2
1902170 128.2
1902180 128.2
1902190 128.3
1902200 128.3
1902210 128.3
1902220 128.3
1902230 128.3
1902240 128.3
1902250 128.2
1902260 128.2
1902270 128.2
1902280 128.0
1902290 127.7
1902300 127.7
1902310 127.5
1902320 127.5
1902330 127.5
1902340 127.6
1902350 127.8
1902360 127.8
1902370 128.0
1902380 128.2
1902390 128.2
1902400 128.3
1902410 128.3
1902420 128.3
1902430 128.4
1902440 128.1
1902450 128.1
1902460 128.0
1902470 127.9
1902480 127.9
1902490 127.8
1902500 127.8
1902510 127.8
1902520 127.7
1902530 127.6
1902540 127.6
1902550 127.6
1902560 127.6
1902570 127.6
1902580 127.7
1902590 127.7
1902600 127.7
1902610 127.7
1902620 127.8
1902630 127.8
1902640 127.8
1902650 127.9
1902660 127.9
1902670 127.9
1902680 128.0
1902690 128.0
1902700 128.1
1902710 128.1
1902720 128.1
1902730 128.1
1902740 128.1
1902750 128.1
1902760 128.1
1902770 128.1
1902780 128.1
1902790 128.1
1902800 128.1
1902810 128.1
1902820 128.1
1902830 128.1
1902840 128.1
1902850 128.1
1902860 128.1
1902870 128.0
1902880 128.0
1902890 127.9
1902900 127.9
1902910 127.9
1902920 127.9
1902930 127.9
1902940 127.9
1902950 127.9
1902960 127.9
1902970 127.9
1902980 127.9
1902990 127.8
1903000 127.8
1903010 127.7
1903020 127.7
1903030 127.7
1903040 127.6
1903050 127.6
1903060 127.6
1903070 127.6
1903080 127.6
1903090 127.6
1903100 127.6
1903110 127.6
1903120 127.6
1903130 127.7
1903140 127.7
1903150 127.7
1903160 127.8
1903170 127.9
1903180 127.9
1903190 127.9
1903200 128.0
1903210 128.0
1903220 128.0
1903230 128.1
1903240 128.1
1903250 128.2
1903260 128.2
1903270 128.2
1903280 128.2
1903290 128.1
1903300 128.1
1903310 128.1
1903320 128.1
1903330 128.1
1903340 128.0
1903350 128.0
1903360 128.0
1903370 128.0
1903380 128.0
1903390 128.0
1903400 128.0
1903410 128.0
1903420 128.0
1903430 128.0
1903440 128.0
1903450 128.0
1903460 128.0
1903470 128.0
1903480 128.0
1903490 128.0
1903500 127.9
1903510 127.9
1903520 127.9
1903530 127.8
1903540 127.8
1903550 127.8
1903560 127.8
1903570 127.8
1903580 127.7
1903590 127.7
1903600 127.7
1903610 127.7
1903620 127.7
1903630 127.7
1903640 127.8
1903650 128.0
1903660 128.0
1903670 127.7
1903680 127.7
1903690 127.7
1903700 127.7
1903710 127.7
1903720 127.7
1903730 127.7
1903740 127.7
1903750 127.6
1903760 127.6
1903770 127.6
1903780 127.6
1903790 127.6
1903800 127.5
1903810 127.5
1903820 127.5
1903830 127.5
1903840 127.5
1903850 127.5
1903860 127.5
1903870 127.4
1903880 127.4
1903890 127.5
1903900 127.4
1903910 127.4
1903920 127.4
1903930 127.3
1903940 127.3
1903950 127.2
1903960 127.2
1903970 127.2
1903980 127.3
1903990 127.4
1904000 127.4
1904010 127.5
1904020 127.5
1904030 127.5
1904040 127.5
1904050 127.6
1904060 127.4
1904070 127.5
1904080 127.6
1904090 127.6
1904100 127.8
1904110 128.0
1904120 128.0
1904130 128.0
1904140 128.0
1904150 128.0
1904160 128.0
1904170 128.0
1904180 128.0
1904190 128.0
1904200 128.0
1904210 128.0
1904220 128.0
1904230 128.0
1904240 128.0
1904250 128.0
1904260 128.0
1904270 128.0
1904280 128.0
1904290 128.0
1904300 128.0
1904310 127.9
1904320 127.9
1904330 127.9
1904340 127.9
1904350 128.0
1904360 128.0
1904370 127.9
1904380 127.9
1904390 127.9
1904400 127.9
1904410 127.9
1904420 127.9
1904430 127.9
1904440 127.9
1904450 127.9
1904460 127.8
1904470 127.9
1904480 127.9
1904490 127.9
1904500 127.9
1904510 127.9
1904520 127.9
1904530 127.8
1904540 127.8
1904550 127.8
1904560 127.8
1904570 127.8
1904580 127.8
1904590 127.8
1904600 127.8
1904610 127.8
1904620 127.7
1904630 127.7
1904640 127.7
1904650 127.7
1904660 127.8
1904670 127.7
1904680 127.8
1904690 127.8
1904700 127.8
1904710 127.7
1904720 127.7
1904730 127.7
1904740 127.6
1904750 127.7
1904760 127.7
1904770 127.8
1904780 127.8
1904790 127.8
1904800 127.9
1904810 127.9
1904820 127.9
1904830 127.8
1904840 126.5
1904850 126.5
1904860 127.4
1904870 127.6
1904880 127.6
1904890 127.4
1904900 128.2
1904910 128.2
1904920 127.5
1904930 127.8
1904940 127.8
1904950 127.5
1904960 127.6
1904970 127.6
1904980 127.8
1904990 127.9
1905000 127.9
1905010 128.0
1905020 128.0
1905030 128.0
1905040 127.9
1905050 127.8
1905060 127.8
1905070 127.7
1905080 127.7
1905090 127.7
1905100 127.6
1905110 127.5
1905120 127.5
1905130 127.4
1905140 127.5
1905150 127.5
1905160 127.6
1905170 127.5
1905180 127.5
1905190 127.4
1905200 127.4
1905210 127.4
1905220 127.4
1905230 127.5
1905240 127.5
1905250 127.5
1905260 127.6
1905270 127.6
1905280 127.5
1905290 127.5
1905300 127.5
1905310 127.7
1905320 128.0
1905330 128.0
1905340 127.8
1905350 125.7
1905360 125.7
1905370 125.5
1905380 127.1
1905390 127.1
1905400 127.6
1905410 127.6
1905420 127.6
1905430 127.4
1905440 127.4
1905450 127.4
1905460 127.3
1905470 127.3
1905480 127.3
1905490 127.3
1905500 127.4
1905510 127.4
1905520 127.3
1905530 127.0
1905540 127.0
1905550 126.9
1905560 127.2
1905570 127.4
1905580 127.4
1905590 127.5
1905600 127.4
1905610 127.4
1905620 127.4
1905630 127.4
1905640 127.4
1905650 127.4
1905660 127.4
1905670 127.4
1905680 127.4
1905690 127.4
1905700 127.4
1905710 127.4
1905720 127.3
1905730 127.3
1905740 127.2
1905750 127.1
1905760 127.1
1905770 127.1
1905780 127.5
1905790 127.5
1905800 127.9
1905810 127.7
1905820 127.7
1905830 127.5
1905840 127.6
1905850 127.6
1905860 127.8
1905870 128.0
1905880 128.0
1905890 128.1
1905900 128.1
1905910 128.1
