1900000 138.1
1900010 137.9
1900020 137.8
1900030 137.8
1900040 137.7
1900050 137.8
1900060 137.8
1900070 137.7
1900080 137.6
1900090 137.6
1900100 137.4
1900110 137.2
1900120 137.2
1900130 136.9
1900140 136.7
1900150 136.7
1900160 136.6
1900170 136.4
1900180 136.4
1900190 136.4
1900200 136.1
1900210 136.1
1900220 135.6
1900230 135.1
1900240 135.1
1900250 134.6
1900260 134.1
1900270 134.1
1900280 133.6
1900290 133.2
1900300 133.2
1900310 132.9
1900320 132.6
1900330 132.6
1900340 132.3
1900350 132.1
1900360 132.2
1900370 132.0
1900380 131.9
1900390 131.9
1900400 131.8
1900410 131.7
1900420 131.7
1900430 131.6
1900440 131.6
1900450 131.6
1900460 131.5
1900470 131.4
1900480 131.4
1900490 131.2
1900500 131.1
1900510 131.1
1900520 130.9
1900530 130.8
1900540 130.7
1900550 130.7
1900560 130.5
1900570 130.3
1900580 130.3
1900590 130.1
1900600 130.1
1900610 130.1
1900620 130.0
1900630 129.7
1900640 129.7
1900650 129.5
1900660 129.3
1900670 129.3
1900680 129.1
1900690 129.0
1900700 129.0
1900710 128.9
1900720 128.8
1900730 128.8
1900740 128.8
1900750 128.8
1900760 128.8
1900770 128.8
1900780 128.7
1900790 128.7
1900800 128.7
1900810 128.6
1900820 128.6
1900830 128.6
1900840 128.9
1900850 128.9
1900860 128.8
1900870 128.7
1900880 128.7
1900890 129.0
1900900 130.7
1900910 130.7
1900920 131.1
1900930 130.8
1900940 130.8
1900950 129.2
1900960 128.6
1900970 128.6
1900980 128.6
1900990 128.7
1901000 128.7
1901010 128.8
1901020 128.9
1901030 128.9
1901040 129.2
1901050 129.2
1901060 129.2
1901070 130.3
1901080 133.5
1901090 133.5
1901100 132.2
1901110 130.1
1901120 130.1
1901130 130.1
1901140 130.3
1901150 130.3
1901160 130.3
1901170 130.2
1901180 130.2
1901190 129.3
1901200 127.7
1901210 127.7
1901220 127.5
1901230 128.1
1901240 128.1
1901250 128.0
1901260 127.9
1901270 127.9
1901280 127.9
1901290 127.8
1901300 127.8
1901310 127.8
1901320 127.8
1901330 127.8
1901340 127.8
1901350 127.8
1901360 127.8
1901370 127.9
1901380 128.1
1901390 128.1
1901400 128.4
1901410 128.5
1901420 128.5
1901430 128.6
1901440 128.6
1901450 128.6
1901460 128.6
1901470 128.6
1901480 128.6
1901490 128.6
1901500 128.6
1901510 128.6
1901520 128.6
1901530 128.6
1901540 128.5
1901550 128.5
1901560 128.5
1901570 128.4
1901580 128.4
1901590 128.4
1901600 128.4
1901610 128.4
1901620 128.5
1901630 128.5
1901640 128.5
1901650 128.5
1901660 128.5
1901670 128.5
1901680 128.5
1901690 128.5
1901700 128.5
1901710 128.4
1901720 128.5
1901730 128.5
1901740 128.4
1901750 128.4
1901760 128.4
1901770 128.4
1901780 128.3
1901790 128.3
1901800 128.3
1901810 128.1
1901820 128.1
1901830 127.9
1901840 127.8
1901850 127.8
1901860 127.7
1901870 127.7
1901880 127.7
1901890 127.7
1901900 127.7
1901910 127.7
1901920 127.8
1901930 127.9
1901940 127.9
1901950 128.0
1901960 128.1
1901970 128.1
1901980 128.1
1901990 128.1
1902000 128.1
1902010 128.1
1902020 128.0
1902030 128.0
1902040 127.9
1902050 127.9
1902060 127.9
1902070 127.9
1902080 127.9
1902090 127.9
1902100 127.8
1902110 127.8
1902120 127.8
1902130 127.8
1902140 127.8
1902150 127.8
1902160 127.8
1902170 127.9
1902180 127.9
1902190 128.0
1902200 127.9
1902210 128.0
1902220 128.0
1902230 128.0
1902240 128.0
1902250 127.9
1902260 127.9
1902270 127.9
1902280 127.8
1902290 127.7
1902300 127.7
1902310 127.6
1902320 127.6
1902330 127.6
1902340 127.6
1902350 127.8
1902360 128.0
1902370 128.0
1902380 128.3
1902390 128.6
1902400 128.6
1902410 128.6
1902420 128.6
1902430 128.6
1902440 128.5
1902450 128.4
1902460 128.4
1902470 128.4
1902480 128.3
1902490 128.3
1902500 128.3
1902510 128.2
1902520 128.1
1902530 128.0
1902540 127.9
1902550 127.9
1902560 127.9
1902570 127.9
1902580 127.9
1902590 127.9
1902600 127.8
1902610 127.8
1902620 127.8
1902630 127.9
1902640 127.9
1902650 127.9
1902660 128.0
1902670 128.0
1902680 128.1
1902690 128.2
1902700 128.2
1902710 128.2
1902720 128.1
1902730 128.1
1902740 128.1
1902750 128.1
1902760 128.1
1902770 128.1
1902780 128.1
1902790 128.1
1902800 128.1
1902810 128.1
1902820 128.1
1902830 128.1
1902840 128.1
1902850 128.1
1902860 128.1
1902870 128.0
1902880 128.0
1902890 128.0
1902900 127.9
1902910 127.9
1902920 127.9
1902930 127.9
1902940 127.9
1902950 127.9
1902960 127.8
1902970 127.8
1902980 127.8
1902990 127.7
1903000 127.7
1903010 127.6
1903020 127.6
1903030 127.6
1903040 127.6
1903050 127.6
1903060 127.6
1903070 127.6
1903080 127.6
1903090 127.6
1903100 127.6
1903110 127.6
1903120 127.6
1903130 127.6
1903140 127.7
1903150 127.7
1903160 127.8
1903170 127.8
1903180 127.8
1903190 127.9
1903200 128.0
1903210 128.0
1903220 128.0
1903230 128.1
1903240 128.1
1903250 128.1
1903260 128.1
1903270 128.1
1903280 128.1
1903290 128.1
1903300 128.0
1903310 128.0
1903320 127.9
1903330 127.8
1903340 127.8
1903350 127.8
1903360 127.8
1903370 127.8
1903380 127.9
1903390 127.9
1903400 127.9
1903410 128.0
1903420 128.0
1903430 128.0
1903440 128.0
1903450 127.9
1903460 127.9
1903470 127.9
1903480 127.8
1903490 127.8
1903500 127.8
1903510 127.7
1903520 127.7
1903530 127.7
1903540 127.7
1903550 127.7
1903560 127.7
1903570 127.7
1903580 127.7
1903590 127.7
1903600 127.7
1903610 127.7
1903620 127.9
1903630 127.7
1903640 127.7
1903650 127.6
1903660 127.6
1903670 127.6
1903680 127.7
1903690 127.7
1903700 127.7
1903710 127.7
1903720 127.8
1903730 127.8
1903740 127.7
1903750 127.8
1903760 127.8
1903770 127.7
1903780 127.7
1903790 127.7
1903800 127.6
1903810 127.5
1903820 127.5
1903830 127.5
1903840 127.5
1903850 127.5
1903860 127.4
1903870 127.3
1903880 127.3
1903890 127.3
1903900 127.4
1903910 127.4
1903920 127.4
1903930 127.4
1903940 127.4
1903950 127.4
1903960 127.4
1903970 127.4
1903980 127.4
1903990 127.5
1904000 127.5
1904010 127.6
1904020 127.8
1904030 127.8
1904040 128.0
1904050 128.2
1904060 127.8
1904070 128.1
1904080 128.3
1904090 128.3
1904100 128.5
1904110 128.6
1904120 128.6
1904130 128.5
1904140 128.4
1904150 128.3
1904160 128.3
1904170 128.1
1904180 128.1
1904190 128.1
1904200 128.1
1904210 128.0
1904220 128.0
1904230 128.0
1904240 128.0
1904250 128.0
1904260 128.0
1904270 128.0
1904280 128.0
1904290 128.0
1904300 128.0
1904310 128.0
1904320 128.0
1904330 128.0
1904340 128.0
1904350 127.9
1904360 127.9
1904370 127.9
1904380 127.9
1904390 127.9
1904400 127.9
1904410 127.9
1904420 127.9
1904430 127.9
1904440 127.9
1904450 128.0
1904460 128.0
1904470 128.0
1904480 128.0
1904490 128.0
1904500 127.9
1904510 127.9
1904520 127.9
1904530 128.0
1904540 128.0
1904550 128.0
1904560 127.9
1904570 127.8
1904580 127.8
1904590 127.8
1904600 127.8
1904610 127.8
1904620 127.8
1904630 127.8
1904640 127.8
1904650 127.9
1904660 127.9
1904670 127.9
1904680 127.8
1904690 127.7
1904700 127.7
1904710 127.6
1904720 127.7
1904730 127.7
1904740 127.7
1904750 127.8
1904760 127.8
1904770 127.9
1904780 128.0
1904790 128.0
1904800 127.9
1904810 127.8
1904820 127.8
1904830 127.7
1904840 126.6
1904850 126.6
1904860 128.6
1904870 128.7
1904880 128.7
1904890 127.6
1904900 127.7
1904910 127.7
1904920 128.2
1904930 127.8
1904940 127.8
1904950 127.8
1904960 127.5
1904970 127.5
1904980 127.5
1904990 127.6
1905000 127.6
1905010 127.5
1905020 127.5
1905030 127.6
1905040 127.6
1905050 127.7
1905060 127.8
1905070 127.8
1905080 127.9
1905090 127.9
1905100 127.9
1905110 127.9
1905120 127.9
1905130 127.9
1905140 127.9
1905150 127.6
1905160 127.6
1905170 127.5
1905180 127.4
1905190 127.4
1905200 127.5
1905210 127.6
1905220 127.6
1905230 127.7
1905240 127.6
1905250 127.6
1905260 127.5
1905270 127.5
1905280 127.5
1905290 127.7
1905300 127.8
1905310 127.8
1905320 127.7
1905330 127.4
1905340 127.4
1905350 127.4
1905360 127.3
1905370 127.3
1905380 127.6
1905390 128.1
1905400 128.1
1905410 126.9
1905420 125.0
1905430 125.0
1905440 125.8
1905450 127.1
1905460 127.1
1905470 127.6
1905480 127.5
1905490 127.5
1905500 127.5
1905510 127.2
1905520 127.2
1905530 126.5
1905540 127.6
1905550 127.6
1905560 127.5
1905570 127.2
1905580 127.2
1905590 127.2
1905600 127.4
1905610 127.4
1905620 127.4
1905630 127.5
1905640 127.5
1905650 127.4
1905660 127.4
1905670 127.4
1905680 127.4
1905690 127.4
1905700 127.4
1905710 127.3
1905720 127.4
1905730 127.4
1905740 128.0
1905750 128.0
1905760 128.0
1905770 127.5
1905780 127.3
1905790 127.3
1905800 127.4
1905810 127.6
1905820 127.6
1905830 127.6
1905840 127.8
1905850 127.8
1905860 127.9
1905870 128.2
1905880 128.2
