1900000 135.2
1900010 134.8
1900020 134.7
1900030 134.3
1900040 134.1
1900050 134.1
1900060 133.8
1900070 133.6
1900080 133.6
1900090 133.4
1900100 133.1
1900110 133.1
1900120 132.8
1900130 132.6
1900140 132.6
1900150 132.5
1900160 132.3
1900170 132.3
1900180 132.2
1900190 132.0
1900200 132.0
1900210 131.9
1900220 131.7
1900230 131.7
1900240 131.6
1900250 131.5
1900260 131.5
1900270 131.4
1900280 131.3
1900290 131.3
1900300 131.2
1900310 131.0
1900320 131.0
1900330 130.8
1900340 130.7
1900350 130.7
1900360 130.6
1900370 130.4
1900380 130.4
1900390 130.3
1900400 130.2
1900410 130.2
1900420 130.1
1900430 130.0
1900440 130.0
1900450 129.9
1900460 129.8
1900470 129.8
1900480 129.7
1900490 129.6
1900500 129.6
1900510 129.5
1900520 129.4
1900530 129.4
1900540 129.4
1900550 129.3
1900560 129.3
1900570 129.2
1900580 129.1
1900590 129.1
1900600 129.0
1900610 128.9
1900620 128.9
1900630 128.8
1900640 128.7
1900650 128.7
1900660 128.6
1900670 128.6
1900680 128.6
1900690 128.6
1900700 128.5
1900710 128.5
1900720 128.5
1900730 128.4
1900740 128.4
1900750 128.4
1900760 128.4
1900770 128.4
1900780 128.4
1900790 128.4
1900800 128.4
1900810 128.4
1900820 128.6
1900830 128.6
1900840 128.7
1900850 128.8
1900860 128.8
1900870 128.8
1900880 128.7
1900890 128.6
1900900 128.6
1900910 128.5
1900920 128.4
1900930 128.4
1900940 128.4
1900950 128.4
1900960 128.4
1900970 128.5
1900980 128.3
1900990 128.3
1901000 128.4
1901010 128.4
1901020 128.4
1901030 128.3
1901040 128.3
1901050 128.3
1901060 128.3
1901070 128.3
1901080 128.3
1901090 128.4
1901100 128.5
1901110 128.5
1901120 128.5
1901130 128.5
1901140 128.5
1901150 128.5
1901160 128.7
1901170 128.7
1901180 128.8
1901190 128.9
1901200 128.9
1901210 129.0
1901220 129.0
1901230 129.0
1901240 128.9
1901250 128.8
1901260 128.9
1901270 128.8
1901280 128.8
1901290 128.8
1901300 128.8
1901310 128.8
1901320 128.8
1901330 128.8
1901340 128.9
1901350 128.9
1901360 128.8
1901370 128.8
1901380 128.8
1901390 128.7
1901400 128.7
1901410 128.7
1901420 128.6
1901430 128.5
1901440 128.5
1901450 128.5
1901460 128.4
1901470 128.4
1901480 128.3
1901490 128.2
1901500 128.2
1901510 128.1
1901520 128.0
1901530 128.0
1901540 128.0
1901550 127.9
1901560 127.9
1901570 128.0
1901580 128.1
1901590 128.1
1901600 128.2
1901610 128.2
1901620 128.2
1901630 128.2
1901640 128.3
1901650 128.3
1901660 128.3
1901670 128.2
1901680 128.2
1901690 128.3
1901700 128.3
1901710 128.3
1901720 128.5
1901730 128.6
1901740 128.6
1901750 128.5
1901760 128.3
1901770 128.2
1901780 128.2
1901790 127.9
1901800 128.7
1901810 128.7
1901820 129.3
1901830 129.4
1901840 129.4
1901850 129.4
1901860 129.2
1901870 129.2
1901880 129.4
1901890 128.7
1901900 128.7
1901910 127.6
1901920 128.3
1901930 128.3
1901940 128.3
1901950 128.3
1901960 128.3
1901970 128.3
1901980 128.3
1901990 128.3
1902000 128.2
1902010 128.0
1902020 128.0
1902030 127.9
1902040 127.7
1902050 127.7
1902060 127.6
1902070 127.5
1902080 127.5
1902090 127.5
1902100 127.4
1902110 127.4
1902120 127.4
1902130 127.4
1902140 127.4
1902150 127.4
1902160 127.3
1902170 127.3
1902180 127.3
1902190 127.3
1902200 127.3
1902210 127.3
1902220 127.3
1902230 127.3
1902240 127.4
1902250 127.5
1902260 127.5
1902270 127.5
1902280 127.6
1902290 127.6
1902300 127.8
1902310 128.0
1902320 128.0
1902330 128.2
1902340 128.4
1902350 128.4
1902360 128.6
1902370 128.7
1902380 128.7
1902390 128.8
1902400 128.8
1902410 128.8
1902420 128.9
1902430 128.9
1902440 128.9
1902450 128.9
1902460 128.8
1902470 128.8
1902480 128.7
1902490 128.7
1902500 128.6
1902510 128.6
1902520 128.5
1902530 128.5
1902540 128.5
1902550 128.6
1902560 128.6
1902570 128.7
1902580 128.7
1902590 128.7
1902600 128.6
1902610 128.4
1902620 128.4
1902630 128.3
1902640 128.3
1902650 128.3
1902660 128.1
1902670 128.0
1902680 128.0
1902690 128.0
1902700 127.9
1902710 127.9
1902720 127.9
1902730 127.9
1902740 128.0
1902750 128.0
1902760 128.0
1902770 128.1
1902780 128.1
1902790 128.2
1902800 128.2
1902810 128.2
1902820 128.3
1902830 128.3
1902840 128.3
1902850 128.4
1902860 128.4
1902870 128.4
1902880 128.3
1902890 128.2
1902900 128.2
1902910 128.2
1902920 128.2
1902930 128.2
1902940 128.2
1902950 128.2
1902960 128.2
1902970 128.3
1902980 128.3
1902990 128.3
1903000 128.3
1903010 128.4
1903020 128.4
1903030 128.4
1903040 128.4
1903050 128.4
1903060 128.3
1903070 128.3
1903080 128.3
1903090 128.3
1903100 128.2
1903110 128.2
1903120 128.2
1903130 128.1
1903140 128.1
1903150 128.1
1903160 128.1
1903170 128.1
1903180 128.2
1903190 128.1
1903200 128.1
1903210 128.1
1903220 128.2
1903230 128.2
1903240 128.2
1903250 128.2
1903260 128.2
1903270 128.1
1903280 128.1
1903290 128.1
1903300 128.2
1903310 128.1
1903320 128.1
1903330 128.1
1903340 128.1
1903350 128.1
1903360 128.1
1903370 128.1
1903380 128.1
1903390 128.1
1903400 128.2
1903410 128.2
1903420 128.2
1903430 128.2
1903440 128.2
1903450 128.2
1903460 128.2
1903470 128.2
1903480 128.1
1903490 128.0
1903500 128.0
1903510 127.9
1903520 127.7
1903530 127.7
1903540 127.6
1903550 127.5
1903560 127.4
1903570 127.4
1903580 128.3
1903590 129.1
1903600 129.1
1903610 129.3
1903620 128.6
1903630 128.6
1903640 127.7
1903650 127.4
1903660 127.4
1903670 127.3
1903680 127.2
1903690 127.2
1903700 127.1
1903710 127.1
1903720 127.1
1903730 127.2
1903740 127.1
1903750 127.1
1903760 127.2
1903770 127.2
1903780 127.2
1903790 129.0
1903800 128.4
1903810 128.4
1903820 127.6
1903830 127.4
1903840 127.4
1903850 127.4
1903860 127.5
1903870 127.5
1903880 127.4
1903890 127.4
1903900 127.4
1903910 127.4
1903920 127.4
1903930 127.4
1903940 127.4
1903950 127.4
1903960 127.4
1903970 127.4
1903980 127.9
1903990 127.9
1904000 128.7
1904010 129.3
1904020 129.3
1904030 128.7
1904040 127.7
1904050 127.7
1904060 127.6
1904070 127.7
1904080 127.7
1904090 127.7
1904100 127.9
1904110 127.9
1904120 128.0
1904130 128.0
1904140 128.0
1904150 128.1
1904160 128.4
1904170 128.4
1904180 129.0
1904190 129.2
1904200 129.2
1904210 129.3
1904220 129.3
1904230 129.3
1904240 129.0
1904250 127.1
1904260 127.1
1904270 126.7
1904280 129.1
1904290 129.1
1904300 128.7
1904310 128.7
1904320 128.7
1904420 128.4
1904430 128.6
1904440 128.6
1904450 128.7
1904460 128.4
1904470 127.1
1904480 127.1
1904490 128.1
1904500 128.1
1904510 128.1
1904520 128.1
1904530 128.1
1904540 128.1
1904550 128.0
1904560 127.8
1904570 127.8
1904580 128.3
1904590 128.7
1904600 128.7
1904610 128.8
1904620 129.0
1904630 129.0
1904640 129.1
1904650 128.0
1904660 128.0
1904670 128.2
1904680 128.4
1904690 128.4
1904700 128.4
1904710 128.4
1904720 128.4
1904730 128.5
1904740 128.5
1904750 128.5
1904760 128.5
1904770 128.7
1904780 128.7
1904790 128.6
1904800 128.7
1904810 128.7
1904820 128.9
1904830 128.7
1904840 128.7
1904850 128.5
1904860 128.2
1904870 128.2
1904880 127.9
1904890 127.7
1904900 127.7
1904910 127.7
1904920 128.0
1904930 128.0
1904940 128.1
1904950 128.1
1904960 128.1
1904970 128.2
1904980 128.2
1904990 128.2
1905000 128.1
1905010 127.9
1905020 127.9
1905030 127.7
1905040 127.7
1905050 127.7
1905060 127.7
1905070 127.7
1905080 127.7
1905090 127.6
1905100 127.6
1905110 127.6
1905120 127.6
1905130 127.6
1905140 127.6
1905150 127.7
1905160 127.8
1905170 127.8
1905180 127.9
1905190 128.0
1905200 128.0
1905210 128.2
1905220 128.0
1905230 128.0
1905240 127.9
1905250 128.0
1905260 128.1
1905270 128.0
1905280 128.0
1905290 128.0
1905300 127.7
1905310 127.5
1905320 127.5
1905330 127.5
1905340 127.5
1905350 127.5
1905360 127.5
1905370 127.5
1905380 127.6
1905390 127.6
1905400 127.6
1905410 127.5
1905420 127.5
1905430 127.5
1905440 127.5
1905450 127.5
1905460 127.5
1905470 127.6
1905480 127.6
1905490 127.5
1905500 127.5
1905510 127.5
1905520 127.5
1905530 127.5
1905540 127.5
1905550 127.4
1905560 127.4
1905570 127.9
1905580 128.2
1905590 128.4
1905600 128.4
1905610 128.2
1905620 127.9
1905630 127.9
1905640 127.3
1905650 127.6
1905660 127.6
1905670 127.7
1905680 127.6
1905690 127.6
1905700 127.5
1905710 127.5
1905720 127.5
1905730 127.5
1905740 127.7
1905750 127.7
1905760 127.8
1905770 127.4
1905780 127.4
1905790 127.4
1905800 127.4
1905810 127.4
1905820 127.3
1905830 127.4
1905840 127.4
1905850 127.4
1905860 127.4
1905870 127.4
1905880 127.7
1905890 127.7
1905900 127.7
1905910 127.7
1905920 127.6
1905930 127.6
1905940 127.5
1905950 127.4
1905960 127.4
1905970 127.4
1905980 127.4
1905990 127.4
1906000 127.4
1906010 127.4
1906020 127.4
1906030 127.2
