1900000 135.2
1900010 134.9
1900020 134.9
1900030 134.6
1900040 134.2
1900050 134.2
1900060 133.9
1900070 133.6
1900080 133.6
1900090 133.4
1900100 133.2
1900110 133.2
1900120 132.9
1900130 132.6
1900140 132.6
1900150 132.4
1900160 132.2
1900170 132.2
1900180 131.9
1900190 131.7
1900200 131.7
1900210 131.6
1900220 131.3
1900230 131.3
1900240 131.3
1900250 131.1
1900260 131.1
1900270 130.9
1900280 130.8
1900290 130.8
1900300 130.7
1900310 130.7
1900320 130.7
1900330 130.6
1900340 130.4
1900350 130.4
1900360 130.4
1900370 130.3
1900380 130.3
1900390 130.2
1900400 130.1
1900410 130.1
1900420 129.9
1900430 129.8
1900440 129.8
1900450 129.6
1900460 129.6
1900470 129.6
1900480 129.4
1900490 129.3
1900500 129.3
1900510 129.3
1900520 129.3
1900530 129.3
1900540 129.2
1900550 129.0
1900560 129.0
1900570 128.9
1900580 128.9
1900590 128.9
1900600 128.9
1900610 128.9
1900620 128.9
1900630 128.9
1900640 128.9
1900650 128.9
1900660 129.0
1900670 128.9
1900680 129.0
1900690 129.0
1900700 129.0
1900710 129.0
1900720 129.0
1900730 128.8
1900740 128.7
1900750 128.7
1900760 128.7
1900770 128.6
1900780 128.6
1900790 128.6
1900800 128.5
1900810 128.5
1900820 128.5
1900830 128.5
1900840 128.5
1900850 128.5
1900860 128.5
1900870 128.5
1900880 128.6
1900890 128.7
1900900 128.7
1900910 128.5
1900920 128.5
1900930 128.5
1900940 128.5
1900950 128.6
1900960 128.6
1900970 128.7
1900980 128.8
1900990 128.8
1901000 128.7
1901010 128.6
1901020 128.6
1901030 128.5
1901040 128.4
1901050 128.4
1901060 128.3
1901070 128.2
1901080 128.2
1901090 128.2
1901100 128.2
1901110 128.2
1901120 128.0
1901130 128.1
1901140 128.0
1901150 128.0
1901160 128.1
1901170 128.1
1901180 128.1
1901190 128.3
1901200 128.3
1901210 128.3
1901220 128.2
1901230 128.2
1901240 128.2
1901250 128.1
1901260 128.1
1901270 128.0
1901280 127.9
1901290 127.9
1901300 127.9
1901310 127.8
1901320 127.8
1901330 127.7
1901340 127.6
1901350 127.6
1901360 127.5
1901370 127.6
1901380 127.6
1901390 127.5
1901400 127.5
1901410 127.5
1901420 127.4
1901430 127.4
1901440 127.4
1901450 127.5
1901460 127.4
1901470 127.4
1901480 127.5
1901490 127.5
1901500 127.5
1901510 127.5
1901520 127.6
1901530 127.6
1901540 127.5
1901550 127.5
1901560 127.5
1901570 127.5
1901580 127.5
1901590 127.6
1901600 127.6
1901610 127.6
1901620 127.6
1901630 127.6
1901640 127.6
1901650 127.5
1901660 127.5
1901670 127.6
1901680 127.6
1901690 127.6
1901700 127.6
1901710 127.6
1901720 127.6
1901730 127.6
1901740 127.7
1901750 127.7
1901760 127.7
1901770 127.7
1901780 127.7
1901790 127.7
1901800 127.8
1901810 127.8
1901820 127.8
1901830 127.7
1901840 127.7
1901850 127.7
1901860 127.7
1901870 127.7
1901880 127.8
1901890 128.1
1901900 128.1
1901910 128.5
1901920 128.6
1901930 128.6
1901940 128.6
1901950 128.7
1901960 128.7
1901970 128.7
1901980 128.7
1901990 128.7
1902000 128.7
1902010 128.7
1902020 128.7
1902030 128.7
1902040 128.7
1902050 128.7
1902060 128.6
1902070 128.6
1902080 128.6
1902090 128.6
1902100 128.6
1902110 128.6
1902120 128.6
1902130 128.7
1902140 128.7
1902150 128.7
1902160 128.7
1902170 128.7
1902180 128.8
1902190 129.0
1902200 129.0
1902210 129.0
1902220 129.1
1902230 129.1
1902240 129.2
1902250 129.2
1902260 129.2
1902270 129.2
1902280 129.1
1902290 129.1
1902300 129.4
1902310 130.5
1902320 130.5
1902330 130.5
1902340 130.3
1902350 130.3
1902360 130.2
1902370 130.0
1902380 130.3
1902390 130.2
1902400 130.0
1902410 130.0
1902420 129.8
1902430 129.2
1902440 129.2
1902450 128.7
1902460 128.5
1902470 128.5
1902480 128.5
1902490 128.5
1902500 128.4
1902510 128.4
1902520 128.3
1902530 128.2
1902540 128.2
1902550 128.1
1902560 128.1
1902570 128.1
1902580 128.2
1902590 128.3
1902600 128.3
1902610 128.4
1902620 128.4
1902630 128.4
1902640 128.5
1902650 129.8
1902660 129.8
1902670 130.5
1902680 130.3
1902690 127.8
1902700 126.8
1902710 126.7
1902720 126.7
1902730 126.7
1902740 126.6
1902750 126.6
1902760 127.0
1902770 129.4
1902780 129.4
1902790 133.0
1902800 132.5
1902810 132.5
1902820 129.6
1902830 130.6
1902840 130.6
1902850 130.3
1902860 128.4
1902870 128.4
1902880 128.4
1902890 128.4
1902900 128.4
1902910 128.4
1902920 128.5
1902930 128.5
1902940 128.5
1902950 128.5
1902960 128.5
1902970 128.5
1902980 128.6
1902990 128.6
1903000 128.7
1903010 128.7
1903020 128.7
1903030 128.7
1903040 129.0
1903050 129.0
1903060 129.5
1903070 129.8
1903080 129.8
1903090 129.6
1903100 129.4
1903110 129.4
1903120 129.3
1903130 129.2
1903140 129.2
1903150 129.1
1903160 129.0
1903170 129.0
1903180 128.9
1903190 129.0
1903200 129.0
1903210 129.0
1903220 129.2
1903230 129.2
1903240 129.4
1903250 129.5
1903260 129.5
1903270 129.4
1903280 128.9
1903290 128.9
1903300 128.6
1903310 128.6
1903320 128.6
1903330 128.5
1903340 128.5
1903350 128.5
1903360 128.4
1903370 128.4
1903380 128.4
1903390 128.4
1903400 128.4
1903410 128.4
1903420 128.4
1903430 128.5
1903440 128.6
1903450 128.6
1903460 128.8
1903470 128.8
1903480 128.8
1903490 127.8
1903500 127.6
1903510 127.6
1903520 127.6
1903530 127.5
1903540 127.5
1903550 127.4
1903560 127.4
1903570 127.4
1903580 127.3
1903590 127.2
1903600 127.2
1903610 127.2
1903620 127.2
1903630 127.2
1903640 127.2
1903650 127.1
1903660 127.1
1903670 127.1
1903680 127.1
1903690 127.1
1903700 127.2
1903710 127.2
1903720 127.2
1903730 127.3
1903740 127.4
1903750 127.4
1903760 127.5
1903770 127.5
1903780 127.5
1903790 127.6
1903800 127.6
1903810 127.6
1903820 127.6
1903830 127.6
1903840 127.6
1903850 127.6
1903860 127.8
1903870 127.8
1903880 127.9
1903890 128.1
1903900 128.1
1903910 128.4
1903920 128.4
1903930 128.4
1903940 128.5
1903950 128.6
1903960 128.6
1903970 128.6
1903980 128.6
1903990 128.6
1904000 128.4
1904010 128.2
1904020 128.2
1904030 127.8
1904040 128.3
1904050 128.3
1904060 128.4
1904070 128.8
1904080 128.8
1904090 129.0
1904100 129.1
1904110 129.1
1904120 129.3
1904130 129.3
1904140 129.3
1904150 129.4
1904160 129.4
1904170 129.4
1904180 128.9
1904190 128.2
1904200 128.2
1904210 128.1
1904220 128.3
1904230 128.0
1904240 128.2
1904250 128.3
1904260 128.3
1904270 128.3
1904280 128.3
1904290 128.3
1904300 128.2
1904310 128.2
1904320 128.1
1904330 128.1
1904340 128.9
1904350 129.0
1904360 129.0
1904370 128.9
1904380 128.8
1904390 128.8
1904400 128.8
1904410 128.9
1904420 128.9
1904430 128.9
1904440 129.0
1904450 129.0
1904460 129.1
1904470 129.1
1904480 129.1
1904490 129.2
1904500 129.2
1904510 129.2
1904520 129.2
1904530 129.2
1904540 129.2
1904550 129.1
1904560 129.1
1904570 129.1
1904580 129.1
1904590 129.1
1904600 129.1
1904610 129.0
1904620 129.0
1904630 129.0
1904640 129.0
1904650 129.0
1904660 129.0
1904670 129.0
1904680 129.0
1904690 129.0
1904700 128.9
1904710 128.9
1904720 128.9
1904730 128.9
1904740 128.8
1904750 128.8
1904760 128.8
1904770 128.7
1904780 128.7
1904790 128.6
1904800 128.6
1904810 128.6
1904820 128.6
1904830 128.6
1904840 128.8
1904850 128.8
1904860 128.8
1904870 128.8
1904880 128.8
1904890 128.8
1904900 128.8
1904910 128.7
1904920 128.7
1904930 128.7
1904940 128.7
1904950 128.6
1904960 128.6
1904970 128.6
1904980 128.6
1904990 128.6
1905000 128.6
1905010 128.6
1905020 128.6
1905030 128.6
1905040 128.6
1905050 128.6
1905060 128.7
1905070 129.2
1905080 129.2
1905090 129.1
1905100 128.8
1905110 128.8
1905120 128.6
1905130 128.6
1905140 128.6
1905150 128.7
1905160 128.7
1905170 128.7
1905180 128.6
1905190 128.5
1905200 128.5
1905210 128.0
1905220 127.7
1905230 127.8
1905240 127.8
1905250 127.9
1905260 127.8
1905270 127.8
1905280 127.6
1905290 127.6
1905300 127.6
1905310 127.6
1905320 127.6
1905330 127.6
1905340 127.5
1905350 127.5
1905360 127.5
1905370 127.6
1905380 127.6
1905390 127.6
1905400 127.7
1905410 127.7
1905420 127.7
1905430 127.7
1905440 127.7
1905450 127.7
1905460 127.7
1905470 127.8
1905480 127.8
1905490 127.8
1905500 127.8
1905510 127.8
1905520 127.9
1905530 127.9
1905540 127.9
1905550 127.8
1905560 127.8
1905570 127.8
1905580 127.7
1905590 127.5
1905600 127.5
1905610 127.5
1905620 127.7
1905630 127.7
1905640 127.4
1905650 127.0
1905660 127.0
1905670 127.3
1905680 128.6
1905690 128.6
1905700 128.7
1905710 127.7
1905720 127.7
1905730 126.7
1905740 127.1
1905750 127.1
1905760 127.3
1905770 127.2
1905780 127.2
1905790 127.1
1905800 127.1
1905810 127.1
1905820 127.2
1905830 127.1
1905840 127.1
1905850 127.2
1905860 127.1
1905870 127.1
1905880 127.1
1905890 127.1
1905900 127.1
1905910 127.1
1905920 127.2
1905930 127.2
1905940 127.3
1905950 127.3
1905960 127.3
1905970 127.3
1905980 127.3
1905990 127.3
1906000 127.3
1906010 127.3
1906020 127.3
1906030 127.3
1906040 127.3
1906050 127.3
1906060 127.3
1906070 127.2
1906080 127.2
1906090 127.2
1906100 127.3
1906110 127.3
1906120 127.3
1906130 127.3
