1900000 135.4
1900010 135.1
1900020 134.7
1900030 134.7
1900040 134.3
1900050 134.0
1900060 134.0
1900070 133.7
1900080 133.4
1900090 133.4
1900100 133.1
1900110 132.7
1900120 132.7
1900130 132.6
1900140 132.3
1900150 132.3
1900160 132.1
1900170 131.9
1900180 131.9
1900190 131.7
1900200 131.6
1900210 131.6
1900220 131.4
1900230 131.2
1900240 131.2
1900250 131.0
1900260 130.9
1900270 130.9
1900280 130.8
1900290 130.7
1900300 130.7
1900310 130.6
1900320 130.5
1900330 130.5
1900340 130.4
1900350 130.3
1900360 130.2
1900370 130.2
1900380 130.2
1900390 130.0
1900400 130.0
1900410 129.9
1900420 129.9
1900430 129.9
1900440 129.8
1900450 129.7
1900460 129.7
1900470 129.6
1900480 129.4
1900490 129.4
1900500 129.4
1900510 129.3
1900520 129.3
1900530 129.2
1900540 129.1
1900550 129.1
1900560 129.0
1900570 128.9
1900580 128.9
1900590 128.8
1900600 128.8
1900610 128.8
1900620 128.8
1900630 128.7
1900640 128.7
1900650 128.6
1900660 128.5
1900670 128.5
1900680 128.5
1900690 128.5
1900700 128.5
1900710 128.4
1900720 128.4
1900730 128.4
1900740 128.4
1900750 128.4
1900760 128.4
1900770 128.5
1900780 128.5
1900790 128.5
1900800 128.6
1900810 128.6
1900820 128.6
1900830 128.6
1900840 128.6
1900850 128.6
1900860 128.6
1900870 128.6
1900880 128.6
1900890 128.6
1900900 128.7
1900910 128.7
1900920 128.8
1900930 128.9
1900940 128.8
1900950 128.8
1900960 128.7
1900970 128.7
1900980 128.9
1900990 129.0
1901000 129.0
1901010 129.1
1901020 129.2
1901030 129.2
1901040 129.2
1901050 129.2
1901060 129.2
1901070 129.1
1901080 129.0
1901090 129.0
1901100 128.8
1901110 128.7
1901120 128.7
1901130 128.6
1901140 128.5
1901150 128.5
1901160 128.5
1901170 128.5
1901180 128.5
1901190 128.6
1901200 128.7
1901210 128.7
1901220 128.8
1901230 128.8
1901240 128.8
1901250 128.9
1901260 129.0
1901270 129.0
1901280 129.0
1901290 129.1
1901300 129.1
1901310 129.1
1901320 129.0
1901330 128.9
1901340 128.9
1901350 128.8
1901360 128.7
1901370 128.7
1901380 128.5
1901390 128.4
1901400 128.4
1901410 128.2
1901420 128.1
1901430 128.1
1901440 127.9
1901450 127.7
1901460 127.7
1901470 127.7
1901480 127.8
1901490 127.8
1901500 127.8
1901510 127.9
1901520 127.9
1901530 127.9
1901540 127.9
1901550 127.9
1901560 127.9
1901570 128.0
1901580 128.0
1901590 128.1
1901600 128.2
1901610 128.2
1901620 128.2
1901630 128.2
1901640 128.2
1901650 128.2
1901660 128.3
1901670 128.3
1901680 128.3
1901690 128.3
1901700 128.3
1901710 128.4
1901720 128.4
1901730 128.4
1901740 128.4
1901750 128.3
1901760 128.3
1901770 128.3
1901780 128.3
1901790 128.3
1901800 128.2
1901810 128.4
1901820 128.4
1901830 128.6
1901840 128.6
1901850 128.6
1901860 128.6
1901870 128.7
1901880 128.7
1901890 128.7
1901900 128.6
1901910 128.6
1901920 128.6
1901930 128.6
1901940 128.6
1901950 128.5
1901960 128.5
1901970 128.5
1901980 128.5
1901990 128.4
1902000 128.4
1902010 128.5
1902020 128.5
1902030 128.5
1902040 129.0
1902050 129.9
1902060 129.9
1902070 130.2
1902080 130.0
1902090 130.0
1902100 129.9
1902110 129.6
1902120 129.6
1902130 128.7
1902140 127.9
1902150 127.9
1902160 127.8
1902170 127.8
1902180 128.0
1902190 128.0
1902200 128.1
1902210 128.3
1902220 128.3
1902230 128.4
1902240 128.6
1902250 128.6
1902260 128.7
1902270 128.8
1902280 128.8
1902290 128.8
1902300 128.7
1902310 128.7
1902320 128.7
1902330 129.0
1902340 129.0
1902350 129.2
1902360 129.1
1902370 129.1
1902380 128.9
1902390 128.8
1902400 128.8
1902410 128.8
1902420 128.7
1902430 128.7
1902440 128.6
1902450 128.6
1902460 128.6
1902470 128.5
1902480 128.4
1902490 128.4
1902500 128.4
1902510 128.4
1902520 128.4
1902530 128.3
1902540 128.3
1902550 128.3
1902560 128.3
1902570 128.3
1902580 128.3
1902590 128.2
1902600 128.1
1902610 128.1
1902620 128.1
1902630 128.2
1902640 128.2
1902650 128.2
1902660 128.1
1902670 128.1
1902680 128.1
1902690 128.2
1902700 128.2
1902710 128.5
1902720 129.6
1902730 129.6
1902740 128.9
1902750 128.3
1902760 128.3
1902770 128.4
1902780 128.4
1902790 128.4
1902800 128.4
1902810 128.4
1902820 128.4
1902830 128.4
1902840 128.4
1902850 128.4
1902860 128.4
1902870 128.4
1902880 128.4
1902890 128.4
1902900 128.5
1902910 128.5
1902920 128.5
1902930 128.5
1902940 128.5
1902950 128.4
1902960 128.4
1902970 128.4
1902980 128.3
1902990 128.3
1903000 128.3
1903010 128.4
1903020 128.4
1903030 128.4
1903040 128.4
1903050 128.4
1903060 128.4
1903070 128.4
1903080 128.4
1903090 128.4
1903100 128.4
1903110 128.4
1903120 128.4
1903130 128.4
1903140 128.4
1903150 128.4
1903160 128.4
1903170 128.4
1903180 128.4
1903190 128.4
1903200 128.3
1903210 128.3
1903220 128.3
1903230 128.3
1903240 128.3
1903250 128.3
1903260 128.3
1903270 128.2
1903280 128.2
1903290 128.2
1903300 128.3
1903310 128.3
1903320 128.8
1903330 129.3
1903340 129.3
1903350 129.4
1903360 129.3
1903370 129.3
1903380 129.2
1903390 129.2
1903400 129.2
1903410 129.0
1903420 129.1
1903430 129.1
1903440 128.9
1903450 128.6
1903460 128.6
1903470 129.0
1903480 129.4
1903490 129.4
1903500 129.7
1903510 129.8
1903520 129.8
1903530 128.2
1903540 127.4
1903550 127.4
1903560 127.3
1903570 127.3
1903580 127.3
1903590 127.2
1903600 127.2
1903610 127.2
1903620 127.1
1903630 127.1
1903640 127.1
1903650 127.1
1903660 127.1
1903670 127.1
1903680 127.1
1903690 127.2
1903700 127.2
1903710 127.2
1903720 127.2
1903730 127.2
1903740 127.2
1903750 127.3
1903760 127.3
1903770 127.3
1903780 127.4
1903790 127.4
1903800 127.4
1903810 127.4
1903820 127.4
1903830 127.4
1903840 127.4
1903850 127.4
1903860 127.5
1903870 127.7
1903880 127.7
1903890 127.8
1903900 127.7
1903910 127.7
1903920 127.7
1903930 127.8
1903940 127.8
1903950 127.8
1903960 127.9
1903970 127.9
1903980 128.4
1903990 129.0
1904000 129.1
1904010 129.1
1904020 129.1
1904030 129.1
1904040 129.1
1904050 129.0
1904060 128.9
1904070 128.9
1904080 128.9
1904090 129.0
1904100 129.0
1904110 129.0
1904120 129.0
1904130 129.0
1904140 128.9
1904150 128.9
1904160 128.9
1904170 128.8
1904180 128.8
1904190 128.8
1904200 128.9
1904210 128.9
1904220 128.9
1904230 128.8
1904240 128.7
1904250 128.7
1904260 128.6
1904270 128.6
1904280 128.6
1904290 128.7
1904300 128.7
1904310 128.7
1904320 128.6
1904330 128.3
1904340 128.1
1904350 128.7
1904360 128.9
1904370 128.9
1904380 129.1
1904390 129.2
1904400 129.2
1904410 129.3
1904420 128.9
1904430 128.9
1904440 128.4
1904450 128.6
1904460 128.6
1904470 128.6
1904480 128.5
1904490 128.5
1904500 128.6
1904510 128.7
1904520 128.7
1904530 128.9
1904540 128.8
1904550 128.8
1904560 128.7
1904570 128.6
1904580 128.6
1904590 128.6
1904600 128.7
1904610 128.7
1904620 128.8
1904630 128.8
1904640 128.7
1904650 128.7
1904660 128.8
1904670 128.8
1904680 128.9
1904690 128.9
1904700 128.9
1904710 128.8
1904720 128.8
1904730 128.8
1904740 128.8
1904750 128.9
1904760 128.9
1904770 129.0
1904780 129.1
1904790 129.1
1904800 129.1
1904810 128.9
1904820 128.9
1904830 128.8
1904840 128.9
1904850 128.9
1904860 129.0
1904870 129.0
1904880 129.0
1904890 128.9
1904900 128.7
1904910 128.0
1904920 128.0
1904930 127.9
1904940 127.8
1904950 127.8
1904960 127.9
1904970 127.8
1904980 127.8
1904990 127.6
1905000 127.6
1905010 127.6
1905020 127.7
1905030 127.6
1905040 127.6
1905050 127.7
1905060 127.7
1905070 127.7
1905080 127.9
1905090 127.8
1905100 127.8
1905110 127.7
1905120 127.8
1905130 127.8
1905140 128.2
1905150 128.5
1905160 128.5
1905170 128.6
1905180 128.7
1905190 128.7
1905200 128.8
1905210 128.8
1905220 128.8
1905230 128.8
1905240 128.7
1905250 128.7
1905260 128.5
1905270 128.4
1905280 128.4
1905290 128.4
1905300 128.3
1905310 128.3
1905320 128.3
1905330 128.1
1905340 128.1
1905350 128.0
1905360 127.9
1905370 127.9
1905380 127.7
1905390 127.7
1905400 127.7
1905410 127.7
1905420 127.6
1905430 127.6
1905440 127.6
1905450 127.6
1905460 127.6
1905470 127.6
1905480 127.8
1905490 127.8
1905500 127.8
1905510 127.8
1905520 127.8
1905530 127.7
1905540 127.7
1905550 127.7
1905560 127.7
1905570 127.7
1905580 127.7
1905590 127.7
1905600 127.7
1905610 127.7
1905620 127.7
1905630 127.7
1905640 127.7
1905650 127.7
1905660 127.7
1905670 127.7
1905680 127.7
1905690 127.9
1905700 127.9
1905710 128.6
1905720 129.0
1905730 129.0
1905740 129.1
1905750 128.9
1905760 128.9
1905770 128.2
1905780 127.7
1905790 127.7
1905800 127.4
1905810 127.4
1905820 127.4
1905830 127.4
1905840 127.4
1905850 126.3
1905860 126.3
1905870 128.8
1905880 128.2
1905890 128.2
1905900 127.2
1905910 127.0
1905920 127.0
1905930 127.3
1905940 127.2
1905950 127.2
1905960 127.1
1905970 127.0
1905980 127.0
1905990 127.0
1906000 126.9
1906010 126.9
1906020 126.9
1906030 126.9
1906040 126.9
1906050 126.9
1906060 127.0
1906070 127.0
1906080 127.0
1906090 127.0
1906100 127.0
1906110 127.0
1906120 127.0
1906130 127.0
