1900000 135.0
1900010 135.0
1900020 134.6
1900030 134.3
1900040 134.3
1900050 134.0
1900060 133.7
1900070 133.7
1900080 133.4
1900090 133.2
1900100 133.2
1900110 133.0
1900120 132.7
1900130 132.7
1900140 132.6
1900150 132.3
1900160 132.3
1900170 132.0
1900180 131.8
1900190 131.8
1900200 131.7
1900210 131.5
1900220 131.5
1900230 131.4
1900240 131.3
1900250 131.3
1900260 131.2
1900270 131.0
1900280 131.0
1900290 130.9
1900300 130.8
1900310 130.8
1900320 130.7
1900330 130.6
1900340 130.6
1900350 130.5
1900360 130.4
1900370 130.4
1900380 130.3
1900390 130.2
1900400 130.2
1900410 130.1
1900420 130.0
1900430 130.0
1900440 129.9
1900450 129.8
1900460 129.8
1900470 129.8
1900480 129.6
1900490 129.6
1900500 129.5
1900510 129.4
1900520 129.4
1900530 129.3
1900540 129.2
1900550 129.1
1900560 129.1
1900570 129.0
1900580 129.0
1900590 129.0
1900600 128.9
1900610 128.8
1900620 128.8
1900630 128.7
1900640 128.6
1900650 128.6
1900660 128.6
1900670 128.5
1900680 128.5
1900690 128.4
1900700 128.4
1900710 128.4
1900720 128.4
1900730 128.3
1900740 128.4
1900750 128.4
1900760 128.4
1900770 128.4
1900780 128.4
1900790 128.4
1900800 128.4
1900810 128.4
1900820 128.4
1900830 128.4
1900840 128.3
1900850 128.3
1900860 128.3
1900870 128.4
1900880 128.4
1900890 128.4
1900900 128.5
1900910 128.4
1900920 128.4
1900930 128.4
1900940 128.5
1900950 128.5
1900960 128.5
1900970 128.5
1900980 128.5
1900990 128.7
1901000 128.7
1901010 128.7
1901020 128.7
1901030 128.8
1901040 128.8
1901050 129.0
1901060 129.0
1901070 129.0
1901080 129.0
1901090 129.0
1901100 129.0
1901110 129.0
1901120 129.0
1901130 129.0
1901140 129.0
1901150 129.0
1901160 129.0
1901170 129.0
1901180 129.0
1901190 129.0
1901200 129.0
1901210 129.1
1901220 129.1
1901230 129.1
1901240 129.1
1901250 129.1
1901260 129.2
1901270 129.1
1901280 129.1
1901290 129.0
1901300 129.0
1901310 129.0
1901320 129.0
1901330 128.9
1901340 128.9
1901350 128.9
1901360 128.9
1901370 128.9
1901380 128.8
1901390 128.7
1901400 128.7
1901410 128.5
1901420 128.2
1901430 128.2
1901440 128.1
1901450 128.0
1901460 128.0
1901470 128.0
1901480 128.0
1901490 128.0
1901500 128.0
1901510 128.0
1901520 127.9
1901530 127.9
1901540 127.9
1901550 128.0
1901560 128.0
1901570 128.0
1901580 128.1
1901590 128.1
1901600 128.1
1901610 128.2
1901620 128.2
1901630 128.2
1901640 128.2
1901650 128.2
1901660 128.2
1901670 128.3
1901680 128.3
1901690 128.4
1901700 128.4
1901710 128.4
1901720 128.4
1901730 128.4
1901740 128.4
1901750 128.5
1901760 128.6
1901770 128.6
1901780 128.7
1901790 128.7
1901800 128.7
1901810 128.6
1901820 128.7
1901830 128.7
1901840 128.8
1901850 128.8
1901860 128.8
1901870 128.8
1901880 128.8
1901890 128.8
1901900 128.8
1901910 129.3
1901920 129.3
1901930 129.7
1901940 129.7
1901950 129.7
1901960 129.6
1901970 129.5
1901980 129.8
1901990 129.7
1902000 129.2
1902010 129.2
1902020 128.2
1902030 127.8
1902040 127.8
1902050 127.6
1902060 127.4
1902070 127.4
1902080 127.4
1902090 127.4
1902100 127.4
1902110 127.3
1902120 127.3
1902130 127.3
1902140 127.3
1902150 127.3
1902160 127.3
1902170 127.4
1902180 127.4
1902190 127.4
1902200 127.4
1902210 127.5
1902220 127.5
1902230 127.5
1902240 127.5
1902250 127.5
1902260 127.6
1902270 127.7
1902280 127.7
1902290 128.1
1902300 128.1
1902310 128.1
1902320 128.1
1902330 128.4
1902340 128.4
1902350 128.6
1902360 128.7
1902370 128.9
1902380 128.9
1902390 128.9
1902400 128.9
1902410 128.9
1902420 128.8
1902430 128.8
1902440 128.8
1902450 128.8
1902460 128.9
1902470 128.9
1902480 128.9
1902490 128.7
1902500 128.7
1902510 128.5
1902520 128.5
1902530 128.5
1902540 128.4
1902550 128.3
1902560 128.3
1902570 128.4
1902580 128.4
1902590 128.4
1902600 128.3
1902610 128.3
1902620 128.3
1902630 128.2
1902640 128.1
1902650 128.1
1902660 128.1
1902670 128.1
1902680 128.1
1902690 128.3
1902700 127.9
1902710 127.9
1902720 127.9
1902730 128.0
1902740 128.0
1902750 128.1
1902760 128.1
1902770 128.1
1902780 128.2
1902790 128.3
1902800 128.3
1902810 128.3
1902820 128.4
1902830 128.4
1902840 128.4
1902850 128.3
1902860 128.3
1902870 128.3
1902880 128.3
1902890 128.3
1902900 128.4
1902910 128.4
1902920 128.4
1902930 128.3
1902940 128.3
1902950 128.3
1902960 128.3
1902970 128.3
1902980 128.3
1902990 128.3
1903000 128.3
1903010 128.3
1903020 128.3
1903030 128.3
1903040 128.3
1903050 128.3
1903060 128.3
1903070 128.3
1903080 128.3
1903090 128.2
1903100 128.2
1903110 128.2
1903120 128.2
1903130 128.2
1903140 128.2
1903150 128.2
1903160 128.2
1903170 128.2
1903180 128.3
1903190 128.3
1903200 128.3
1903210 128.3
1903220 128.3
1903230 128.2
1903240 128.2
1903250 128.2
1903260 128.2
1903270 128.2
1903280 128.2
1903290 128.2
1903300 128.1
1903310 128.1
1903320 128.1
1903330 128.1
1903340 128.1
1903350 128.1
1903360 128.1
1903370 128.2
1903380 128.2
1903390 128.1
1903400 128.1
1903410 128.1
1903420 128.1
1903430 128.1
1903440 128.1
1903450 128.2
1903460 128.7
1903470 128.7
1903480 129.4
1903490 129.3
1903500 129.3
1903510 128.9
1903520 130.1
1903530 130.1
1903540 132.0
1903550 132.0
1903560 132.0
1903570 132.2
1903580 131.7
1903590 131.7
1903600 130.5
1903610 128.4
1903620 128.4
1903630 127.2
1903640 127.2
1903650 127.2
1903660 127.2
1903670 127.2
1903680 127.2
1903690 127.1
1903700 127.1
1903710 127.1
1903720 127.2
1903730 127.2
1903740 127.2
1903750 127.2
1903760 127.2
1903770 127.2
1903780 127.2
1903790 127.2
1903800 127.2
1903810 128.1
1903820 129.1
1903830 129.1
1903840 129.1
1903850 128.8
1903860 128.8
1903870 129.2
1903880 128.9
1903890 128.9
1903900 128.0
1903910 127.3
1903920 127.3
1903930 127.6
1903940 129.1
1903950 129.1
1903960 128.1
1903970 127.5
1903980 127.5
1903990 127.6
1904000 127.8
1904010 127.8
1904020 128.0
1904030 128.6
1904040 128.6
1904050 129.1
1904060 129.3
1904070 129.3
1904080 129.5
1904090 129.5
1904100 129.5
1904110 129.4
1904120 129.4
1904130 129.4
1904140 129.0
1904150 129.0
1904160 129.0
1904170 129.1
1904180 129.1
1904190 129.1
1904200 129.1
1904210 129.0
1904220 128.9
1904230 128.9
1904240 128.9
1904250 128.9
1904260 128.9
1904270 129.0
1904280 128.9
1904290 128.9
1904300 128.7
1904310 128.5
1904320 128.5
1904330 128.4
1904340 128.4
1904350 128.4
1904360 128.4
1904370 128.4
1904380 128.4
1904420 128.5
1904430 128.5
1904440 128.6
1904450 128.3
1904460 128.2
1904470 128.2
1904480 128.6
1904490 128.9
1904500 128.9
1904510 129.0
1904520 129.2
1904530 129.2
1904540 128.8
1904550 128.0
1904560 128.0
1904570 128.0
1904580 128.5
1904590 128.5
1904600 128.5
1904610 128.5
1904620 128.5
1904630 128.5
1904640 128.4
1904650 128.4
1904660 128.5
1904670 128.6
1904680 128.6
1904690 128.6
1904700 128.6
1904710 128.6
1904720 128.6
1904730 128.5
1904740 128.5
1904750 128.7
1904760 128.7
1904770 128.7
1904780 128.6
1904790 128.7
1904800 128.7
1904810 128.6
1904820 128.6
1904830 128.6
1904840 128.6
1904850 128.8
1904860 128.8
1904870 128.7
1904880 128.2
1904890 128.2
1904900 128.1
1904910 128.0
1904920 128.0
1904930 128.0
1904940 128.3
1904950 128.3
1904960 128.3
1904970 128.1
1904980 128.1
1904990 128.0
1905000 127.9
1905010 127.9
1905020 127.9
1905030 127.8
1905040 127.8
1905050 127.7
1905060 127.7
1905070 127.7
1905080 127.6
1905090 127.7
1905100 127.8
1905110 127.8
1905120 128.1
1905130 128.2
1905140 128.2
1905150 128.2
1905160 128.2
1905170 128.2
1905180 128.2
1905190 128.2
1905200 128.2
1905210 128.3
1905220 128.3
1905230 128.3
1905240 128.3
1905250 128.3
1905260 128.3
1905270 128.3
1905280 128.3
1905290 128.3
1905300 128.2
1905310 127.9
1905320 127.9
1905330 127.7
1905340 127.5
1905350 127.5
1905360 127.4
1905370 127.4
1905380 127.4
1905390 127.5
1905400 127.6
1905410 127.6
1905420 127.8
1905430 128.2
1905440 128.2
1905450 128.4
1905460 128.4
1905470 128.4
1905480 128.4
1905490 128.4
1905500 128.4
1905510 128.4
1905520 128.0
1905530 128.0
1905540 128.2
1905550 127.9
1905560 127.9
1905570 127.6
1905580 127.6
1905590 127.6
1905600 127.6
1905610 127.6
1905620 127.6
1905630 127.5
1905640 127.5
1905650 127.5
1905660 127.5
1905670 127.6
1905680 127.6
1905690 127.7
1905700 127.9
1905710 127.9
1905720 127.6
1905730 128.0
1905740 128.0
1905750 127.5
1905760 127.6
1905770 127.6
1905780 127.6
1905790 127.5
1905800 127.5
1905810 127.5
1905820 127.6
1905830 127.6
1905840 127.5
1905850 127.5
1905860 127.5
1905870 127.5
1905880 127.5
1905890 127.5
1905900 127.5
1905910 127.5
1905920 127.5
1905930 127.5
1905940 127.6
1905950 127.6
1905960 127.1
1905970 126.4
1905980 127.9
1905990 128.7
1906000 128.2
1906010 127.2
1906020 127.2
1906030 127.0
1906040 127.1
1906050 127.1
