1900000 138.4
1900010 138.4
1900020 138.0
1900030 137.5
1900040 137.5
1900050 137.1
1900060 136.7
1900070 136.7
1900080 136.4
1900090 136.1
1900100 136.1
1900110 135.8
1900120 135.5
1900130 135.5
1900140 134.9
1900150 134.6
1900160 134.6
1900170 134.4
1900180 134.3
1900190 134.3
1900200 134.1
1900210 133.8
1900220 133.8
1900230 133.6
1900240 133.4
1900250 133.4
1900260 133.3
1900270 133.1
1900280 133.1
1900290 132.9
1900300 132.9
1900310 132.9
1900320 132.8
1900330 132.5
1900340 132.5
1900350 132.2
1900360 131.9
1900370 131.9
1900380 131.8
1900390 131.7
1900400 131.6
1900410 131.6
1900420 131.4
1900430 131.2
1900440 131.2
1900450 130.9
1900460 130.8
1900470 130.8
1900480 130.6
1900490 130.5
1900500 130.5
1900510 130.3
1900520 130.1
1900530 130.1
1900540 130.0
1900550 129.9
1900560 129.9
1900570 129.8
1900580 129.6
1900590 129.6
1900600 129.5
1900610 129.3
1900620 129.3
1900630 129.2
1900640 129.0
1900650 129.0
1900660 128.8
1900670 128.8
1900680 128.8
1900690 128.7
1900700 128.6
1900710 128.6
1900720 128.5
1900730 128.5
1900740 128.5
1900750 128.6
1900760 128.8
1900770 128.8
1900780 128.9
1900790 129.2
1900800 129.2
1900810 129.3
1900820 129.3
1900830 129.3
1900840 129.4
1900850 129.4
1900860 129.4
1900870 129.4
1900880 129.4
1900890 129.4
1900900 129.5
1900910 129.4
1900920 129.4
1900930 129.4
1900940 129.6
1900950 129.6
1900960 129.8
1900970 129.6
1900980 129.6
1900990 129.4
1901000 129.3
1901010 129.3
1901020 129.1
1901030 130.9
1901040 130.9
1901050 130.9
1901060 128.4
1901070 128.3
1901080 128.4
1901090 128.1
1901100 128.1
1901110 128.0
1901120 128.0
1901130 128.0
1901140 128.0
1901150 128.0
1901160 128.0
1901170 128.0
1901180 128.0
1901190 128.0
1901200 128.0
1901210 128.0
1901220 128.0
1901230 127.9
1901240 127.9
1901250 127.9
1901260 127.9
1901270 127.9
1901280 127.9
1901290 127.9
1901300 127.9
1901310 127.9
1901320 127.9
1901330 127.9
1901340 128.0
1901350 128.0
1901360 128.1
1901370 128.3
1901380 128.3
1901390 128.3
1901400 128.6
1901410 128.6
1901420 129.2
1901430 129.5
1901440 129.5
1901450 129.6
1901460 129.4
1901470 129.4
1901480 129.1
1901490 128.4
1901500 128.4
1901510 128.5
1901520 128.7
1901530 128.7
1901540 128.7
1901550 128.8
1901560 128.8
1901570 128.8
1901580 128.7
1901590 128.7
1901600 128.8
1901610 128.7
1901620 128.7
1901630 128.7
1901640 128.6
1901650 128.6
1901660 128.6
1901670 128.6
1901680 128.6
1901690 128.6
1901700 128.6
1901710 128.6
1901720 128.6
1901730 128.6
1901740 128.6
1901750 128.6
1901760 128.5
1901770 128.5
1901780 128.5
1901790 128.4
1901800 128.4
1901810 128.4
1901820 128.4
1901830 128.4
1901840 128.3
1901850 128.3
1901860 128.3
1901870 128.3
1901880 128.2
1901890 128.2
1901900 128.1
1901910 128.1
1901920 128.1
1901930 128.1
1901940 128.0
1901950 128.0
1901960 128.0
1901970 128.1
1901980 128.1
1901990 128.2
1902000 128.2
1902010 128.2
1902020 128.3
1902030 128.4
1902040 128.4
1902050 128.4
1902060 128.5
1902070 128.5
1902080 128.4
1902090 128.5
1902100 128.5
1902110 128.6
1902120 128.5
1902130 128.5
1902140 128.4
1902150 128.3
1902160 128.3
1902170 128.1
1902180 128.0
1902190 127.8
1902200 127.8
1902210 127.6
1902220 127.6
1902230 127.6
1902240 127.5
1902250 127.4
1902260 127.4
1902270 127.4
1902280 127.4
1902290 127.4
1902300 127.3
1902310 127.3
1902320 127.3
1902330 127.3
1902340 127.3
1902350 127.3
1902360 127.3
1902370 127.4
1902380 127.4
1902390 127.5
1902400 127.7
1902410 127.7
1902420 127.7
1902430 127.7
1902440 127.7
1902450 127.7
1902460 127.7
1902470 127.7
1902480 127.8
1902490 128.0
1902500 128.0
1902510 127.9
1902520 128.0
1902530 128.0
1902540 128.1
1902550 128.2
1902560 128.2
1902570 128.2
1902580 128.3
1902590 128.3
1902600 128.3
1902610 128.4
1902620 128.4
1902630 128.2
1902640 128.1
1902650 128.1
1902660 128.1
1902670 128.1
1902680 128.1
1902690 128.2
1902700 128.1
1902710 128.1
1902720 128.1
1902730 128.1
1902740 128.1
1902750 128.1
1902760 128.1
1902770 128.1
1902780 128.2
1902790 128.2
1902800 128.2
1902810 128.2
1902820 128.2
1902830 128.2
1902840 128.1
1902850 128.1
1902860 128.1
1902870 128.1
1902880 128.1
1902890 128.1
1902900 128.1
1902910 128.1
1902920 128.1
1902930 128.1
1902940 128.2
1902950 128.2
1902960 128.2
1902970 128.1
1902980 128.1
1902990 128.1
1903000 128.1
1903010 128.1
1903020 128.1
1903030 128.0
1903040 128.0
1903050 128.0
1903060 127.9
1903070 127.9
1903080 127.9
1903090 127.9
1903100 127.9
1903110 127.9
1903120 127.9
1903130 127.9
1903140 127.9
1903150 127.9
1903160 127.9
1903170 127.9
1903180 127.9
1903190 128.0
1903200 128.0
1903210 128.0
1903220 128.1
1903230 128.1
1903240 128.2
1903250 128.2
1903260 128.2
1903270 128.2
1903280 128.2
1903290 128.2
1903300 128.2
1903310 128.2
1903320 128.2
1903330 128.2
1903340 128.2
1903350 128.2
1903360 128.1
1903370 128.1
1903380 128.1
1903390 128.0
1903400 128.0
1903410 128.0
1903420 127.9
1903430 127.9
1903440 127.9
1903450 127.9
1903460 127.9
1903470 127.9
1903480 127.9
1903490 127.9
1903500 127.9
1903510 127.9
1903520 127.9
1903530 127.9
1903540 127.8
1903550 127.8
1903560 127.8
1903570 127.8
1903580 127.8
1903590 127.8
1903600 127.7
1903610 127.7
1903620 127.7
1903630 127.7
1903640 127.6
1903650 127.6
1903660 127.6
1903670 127.6
1903680 127.6
1903690 127.6
1903700 127.8
1903710 127.8
1903720 127.6
1903730 127.6
1903740 127.6
1903750 127.6
1903760 127.7
1903770 127.7
1903780 127.7
1903790 127.6
1903800 127.6
1903810 127.6
1903820 127.5
1903830 127.5
1903840 127.3
1903850 127.4
1903860 127.4
1903870 127.3
1903880 127.3
1903890 127.3
1903900 127.3
1903910 127.2
1903920 127.2
1903930 127.2
1903940 127.3
1903950 127.3
1903960 127.3
1903970 127.3
1903980 127.3
1903990 127.4
1904000 127.4
1904010 127.4
1904020 127.4
1904030 127.4
1904040 127.5
1904050 127.5
1904060 127.6
1904070 127.7
1904080 127.7
1904090 127.8
1904100 128.0
1904110 128.0
1904120 128.1
1904130 128.1
1904140 128.1
1904150 128.0
1904160 128.0
1904170 128.0
1904180 128.0
1904190 128.0
1904200 128.0
1904210 127.9
1904220 127.9
1904230 127.9
1904240 127.9
1904250 127.9
1904260 127.9
1904270 127.9
1904280 127.9
1904290 127.9
1904300 127.9
1904310 127.9
1904320 127.9
1904330 127.9
1904340 128.0
1904350 128.0
1904360 127.9
1904370 127.9
1904380 127.9
1904390 127.9
1904400 127.9
1904410 127.9
1904420 127.9
1904430 127.9
1904440 127.9
1904450 127.9
1904460 127.9
1904470 127.9
1904480 127.9
1904490 127.9
1904500 127.9
1904510 127.9
1904520 127.9
1904530 127.9
1904540 127.9
1904550 127.9
1904560 127.9
1904570 127.8
1904580 127.8
1904590 127.8
1904600 127.8
1904610 127.8
1904620 127.8
1904630 127.8
1904640 127.8
1904650 127.8
1904660 127.7
1904670 127.7
1904680 127.7
1904690 127.7
1904700 127.7
1904710 127.7
1904720 127.7
1904730 127.9
1904740 127.9
1904750 127.9
1904760 127.9
1904770 127.9
1904780 128.1
1904790 128.2
1904800 128.2
1904810 127.8
1904820 128.3
1904830 128.3
1904840 128.4
1904850 127.9
1904860 127.9
1904870 128.2
1904880 128.2
1904890 128.3
1904900 128.3
1904910 128.2
1904920 127.8
1904930 127.8
1904940 127.6
1904950 127.9
1904960 127.9
1904970 127.9
1904980 127.9
1904990 127.9
1905000 127.9
1905010 127.9
1905020 127.9
1905030 127.9
1905040 127.6
1905050 127.6
1905060 127.3
1905070 127.8
1905080 127.8
1905090 127.4
1905100 127.6
1905110 127.6
1905120 127.6
1905130 127.6
1905140 127.6
1905150 127.6
1905160 127.4
1905170 127.4
1905180 127.9
1905190 128.2
1905200 128.2
1905210 127.7
1905220 127.5
1905230 127.5
1905240 127.5
1905250 127.4
1905260 127.4
1905270 127.4
1905280 127.4
1905290 127.4
1905300 127.3
1905310 127.4
1905320 127.4
1905330 127.5
1905340 127.5
1905350 127.5
1905360 127.6
1905370 127.8
1905380 127.8
1905390 127.4
1905400 127.3
1905410 127.3
1905420 127.2
1905430 127.2
1905440 127.2
1905450 127.2
1905460 127.2
1905470 127.2
1905480 127.3
1905490 127.3
1905500 127.3
1905510 127.4
1905520 127.6
1905530 127.6
1905540 127.5
1905550 127.5
1905560 127.5
1905570 127.5
1905580 127.5
1905590 127.5
1905600 127.4
1905610 127.4
1905620 127.4
1905630 127.4
1905640 127.3
1905650 127.3
1905660 127.3
1905670 127.3
1905680 127.3
1905690 127.3
1905700 127.3
1905710 127.3
1905720 127.3
1905730 127.2
1905740 127.2
1905750 127.3
1905760 127.5
1905770 127.5
1905780 127.5
1905790 127.4
1905800 127.5
1905810 127.5
1905820 127.5
1905830 127.5
1905840 127.5
1905850 127.5
1905860 127.6
1905870 127.6
1905880 127.6
1905890 127.9
1905900 127.9
