1900000 136.2
1900010 135.8
1900020 135.5
1900030 135.5
1900040 135.2
1900050 135.0
1900060 135.0
1900070 134.6
1900080 134.4
1900090 134.4
1900100 134.0
1900110 133.6
1900120 133.6
1900130 133.4
1900140 133.1
1900150 132.8
1900160 132.8
1900170 132.5
1900180 132.3
1900190 132.3
1900200 132.1
1900210 131.9
1900220 131.9
1900230 131.7
1900240 131.5
1900250 131.5
1900260 131.3
1900270 131.1
1900280 131.1
1900290 130.9
1900300 130.7
1900310 130.7
1900320 130.5
1900330 130.3
1900340 130.3
1900350 130.2
1900360 130.0
1900370 130.0
1900380 129.9
1900390 129.8
1900400 129.8
1900410 129.7
1900420 129.7
1900430 129.7
1900440 129.5
1900450 129.3
1900460 129.3
1900470 129.2
1900480 129.2
1900490 129.2
1900500 129.2
1900510 129.2
1900520 129.1
1900530 129.1
1900540 129.0
1900550 129.0
1900560 129.0
1900570 129.0
1900580 129.0
1900590 129.0
1900600 129.1
1900610 129.1
1900620 129.1
1900630 129.0
1900640 129.0
1900650 128.9
1900660 128.8
1900670 128.8
1900680 128.7
1900690 128.6
1900700 128.6
1900710 128.5
1900720 128.4
1900730 128.4
1900740 128.3
1900750 128.2
1900760 128.2
1900770 128.2
1900780 128.3
1900790 128.3
1900800 128.3
1900810 128.2
1900820 128.2
1900830 128.3
1900840 128.5
1900850 128.5
1900860 128.4
1900870 128.2
1900880 128.2
1900890 128.2
1900900 128.2
1900910 128.2
1900920 128.2
1900930 128.2
1900940 128.2
1900950 128.2
1900960 128.2
1900970 128.2
1900980 128.1
1900990 128.1
1901000 128.1
1901010 128.1
1901020 128.1
1901030 128.1
1901040 128.0
1901050 128.0
1901060 128.0
1901070 128.0
1901080 128.0
1901090 128.0
1901100 128.0
1901110 127.9
1901120 127.9
1901130 127.9
1901140 128.0
1901150 128.1
1901160 128.1
1901170 128.2
1901180 128.3
1901190 128.3
1901200 128.3
1901210 128.3
1901220 128.3
1901230 128.3
1901240 128.2
1901250 128.2
1901260 128.2
1901270 128.1
1901280 128.1
1901290 128.2
1901300 128.2
1901310 128.2
1901320 128.2
1901330 128.4
1901340 128.4
1901350 128.5
1901360 128.7
1901370 128.7
1901380 128.7
1901390 128.4
1901400 128.4
1901410 128.2
1901420 128.1
1901430 128.1
1901440 128.0
1901450 128.1
1901460 128.1
1901470 128.1
1901480 128.0
1901490 128.0
1901500 128.0
1901510 127.9
1901520 127.9
1901530 127.9
1901540 127.8
1901550 127.8
1901560 127.8
1901570 127.8
1901580 127.8
1901590 127.9
1901600 127.9
1901610 127.9
1901620 127.9
1901630 128.0
1901640 128.0
1901650 128.1
1901660 128.1
1901670 128.1
1901680 128.3
1901690 128.3
1901700 128.3
1901710 128.3
1901720 128.2
1901730 128.2
1901740 128.3
1901750 128.4
1901760 128.4
1901770 128.4
1901780 128.3
1901790 128.3
1901800 128.2
1901810 128.1
1901820 128.1
1901830 128.0
1901840 128.1
1901850 128.1
1901860 128.3
1901870 128.4
1901880 128.4
1901890 128.5
1901900 128.7
1901910 128.7
1901920 128.8
1901930 128.6
1901940 128.6
1901950 128.5
1901960 128.5
1901970 128.5
1901980 128.5
1901990 128.6
1902000 128.7
1902010 128.7
1902020 128.7
1902030 128.8
1902040 128.8
1902050 128.8
1902060 128.8
1902070 128.8
1902080 128.8
1902090 128.7
1902100 128.7
1902110 128.7
1902120 128.7
1902130 128.7
1902140 128.7
1902150 128.8
1902160 128.8
1902170 128.9
1902180 129.0
1902190 129.0
1902200 129.0
1902210 129.0
1902220 129.0
1902230 129.0
1902240 129.0
1902250 129.0
1902260 129.0
1902270 129.0
1902280 129.0
1902290 128.9
1902300 128.8
1902310 128.8
1902320 128.8
1902330 128.7
1902340 128.7
1902350 128.6
1902360 128.6
1902370 128.5
1902380 128.6
1902390 128.4
1902400 128.4
1902410 128.4
1902420 128.4
1902430 128.4
1902440 128.4
1902450 128.4
1902460 128.4
1902470 128.3
1902480 128.4
1902490 128.4
1902500 128.4
1902510 128.3
1902520 128.3
1902530 128.3
1902540 128.4
1902550 128.4
1902560 128.4
1902570 128.5
1902580 128.5
1902590 128.5
1902600 128.6
1902610 128.6
1902620 128.6
1902630 128.6
1902640 128.6
1902650 128.5
1902660 128.5
1902670 128.5
1902680 128.7
1902690 128.6
1902700 128.6
1902710 128.5
1902720 128.3
1902730 128.3
1902740 128.4
1902750 128.7
1902760 128.7
1902770 129.8
1902780 129.8
1902790 129.8
1902800 129.8
1902810 130.2
1902820 130.2
1902830 130.1
1902840 130.1
1902850 130.1
1902860 130.0
1902870 129.9
1902880 129.9
1902890 129.9
1902900 129.8
1902910 129.7
1902920 129.7
1902930 129.6
1902940 129.4
1902950 129.4
1902960 129.2
1902970 129.1
1902980 129.1
1902990 129.7
1903000 129.6
1903010 129.6
1903020 129.6
1903030 129.5
1903040 129.5
1903050 129.5
1903060 129.3
1903070 129.3
1903080 129.0
1903090 129.2
1903100 129.2
1903110 129.1
1903120 129.0
1903130 129.0
1903140 128.8
1903150 128.9
1903160 128.9
1903170 129.1
1903180 129.1
1903190 129.1
1903200 129.2
1903210 128.9
1903220 128.9
1903230 128.8
1903240 128.8
1903250 128.8
1903260 128.8
1903270 128.8
1903280 128.8
1903290 128.8
1903300 128.7
1903310 128.7
1903320 128.7
1903330 128.8
1903340 128.8
1903350 128.8
1903360 129.0
1903370 129.0
1903380 128.8
1903390 128.6
1903400 128.6
1903410 128.5
1903420 128.5
1903430 128.5
1903440 128.5
1903450 128.9
1903460 128.9
1903470 129.0
1903480 129.2
1903490 129.2
1903500 129.2
1903510 129.2
1903520 129.2
1903530 129.2
1903540 129.2
1903550 129.2
1903560 129.3
1903570 129.3
1903580 129.3
1903590 129.3
1903600 129.3
1903610 129.7
1903620 129.7
1903630 129.7
1903640 129.7
1903650 129.7
1903660 129.7
1903670 129.7
1903680 129.7
1903690 129.5
1903700 129.5
1903710 129.4
1903720 129.4
1903730 129.4
1903740 129.2
1903750 129.4
1903760 129.4
1903770 129.8
1903780 129.8
1903790 129.8
1903800 130.0
1903810 129.9
1903820 129.8
1903830 129.8
1903840 129.9
1903850 129.9
1903860 129.9
1903870 129.8
1903880 129.3
1903890 129.3
1903900 129.0
1903910 129.3
1903920 129.3
1903930 129.2
1903940 129.2
1903950 129.2
1903960 128.9
1903970 128.3
1903980 128.3
1903990 127.0
1904000 128.1
1904010 128.1
1904020 129.3
1904030 129.5
1904040 129.5
1904050 129.5
1904060 129.6
1904070 129.6
1904080 129.7
1904090 129.8
1904100 129.8
1904110 129.8
1904120 129.7
1904130 129.7
1904140 129.7
1904150 129.7
1904160 129.7
1904170 129.8
1904180 129.8
1904190 129.8
1904200 129.8
1904210 129.7
1904220 129.5
1904230 128.8
1904240 128.5
1904250 128.5
1904260 128.1
1904270 127.9
1904280 127.9
1904290 127.7
1904300 127.8
1904310 127.8
1904320 127.8
1904330 127.9
1904340 127.9
1904350 128.0
1904360 127.9
1904370 127.9
1904380 127.7
1904390 127.8
1904400 127.8
1904410 127.9
1904420 127.9
1904430 127.9
1904440 127.9
1904450 127.9
1904460 127.9
1904470 127.9
1904480 127.9
1904490 127.9
1904500 127.9
1904510 127.9
1904520 127.9
1904530 127.9
1904540 127.9
1904550 127.9
1904560 127.9
1904570 127.9
1904580 127.9
1904590 127.9
1904600 127.9
1904610 127.9
1904620 127.9
1904630 127.9
1904640 127.9
1904650 127.9
1904660 128.0
1904670 128.0
1904680 127.9
1904690 128.0
1904700 128.0
1904710 128.1
1904720 128.5
1904730 128.8
1904740 128.8
1904750 128.8
1904760 128.7
1904770 128.7
1904780 128.5
1904790 128.3
1904800 128.3
1904810 128.1
1904820 128.0
1904830 127.8
1904840 127.7
1904850 127.7
1904860 127.7
1904870 127.7
1904880 127.8
1904890 127.8
1904900 127.8
1904910 127.8
1904920 127.8
1904930 127.8
1904940 127.9
1904950 127.9
1904960 128.0
1904970 128.0
1904980 128.0
1904990 128.0
1905000 127.9
1905010 127.9
1905020 127.8
1905030 127.8
1905040 127.8
1905050 127.8
1905060 128.0
1905070 128.0
1905080 128.3
1905090 128.3
1905100 128.3
1905110 128.2
1905120 128.1
1905130 128.1
1905140 127.6
1905150 127.5
1905160 127.5
1905170 127.4
1905180 127.5
1905190 127.5
1905200 127.5
1905210 127.5
1905220 127.5
1905230 127.6
1905240 127.6
1905250 127.6
1905260 127.6
1905270 127.6
1905280 127.6
1905290 127.6
1905300 127.5
1905310 127.5
1905320 127.5
1905330 127.5
1905340 127.5
1905350 127.5
1905360 127.5
1905370 127.5
1905380 127.5
1905390 127.5
1905400 127.5
1905410 127.6
1905420 127.7
1905430 127.7
1905440 127.7
1905450 128.5
1905460 128.5
1905470 129.1
1905480 128.2
1905490 128.2
1905500 127.3
1905510 127.5
1905520 127.5
1905530 127.7
1905540 127.5
1905550 127.5
1905560 127.4
1905570 127.4
1905580 127.4
1905590 127.3
1905600 127.3
1905610 127.3
1905620 127.3
1905630 127.3
1905640 127.3
1905650 127.3
1905660 127.3
1905670 127.3
1905680 127.3
1905690 127.2
1905700 127.2
1905710 127.2
1905720 127.3
1905730 127.4
1905740 127.4
1905750 127.5
1905760 127.5
1905770 127.5
1905780 127.5
1905790 127.5
1905800 127.5
1905810 127.6
1905820 127.7
1905830 127.7
1905840 127.7
1905850 127.7
1905860 127.7
1905870 127.7
1905880 127.6
1905890 127.6
1905900 127.7
1905910 127.7
1905920 127.7
1905930 127.6
1905940 127.5
1905950 127.5
1905960 127.5
1905970 127.4
1905980 127.4
1905990 127.4
1906000 127.4
1906010 127.4
1906020 127.4
1906030 127.4
1906040 127.4
1906050 127.3
1906060 127.4
1906070 127.4
1906080 127.5
1906090 127.4
1906100 127.4
1906110 127.4
1906120 127.4
1906130 127.4
1906140 127.3
1906150 125.1
1906160 125.1
1906170 122.7
