1900000 135.3
1900010 135.4
1900020 135.0
1900030 134.6
1900040 134.6
1900050 134.4
1900060 134.1
1900070 134.1
1900080 133.8
1900090 133.5
1900100 133.2
1900110 133.2
1900120 133.0
1900130 132.8
1900140 132.8
1900150 132.5
1900160 132.3
1900170 132.3
1900180 132.1
1900190 131.9
1900200 131.9
1900210 131.6
1900220 131.5
1900230 131.5
1900240 131.3
1900250 131.1
1900260 131.1
1900270 131.0
1900280 130.8
1900290 130.8
1900300 130.8
1900310 130.7
1900320 130.7
1900330 130.6
1900340 130.5
1900350 130.5
1900360 130.3
1900370 130.2
1900380 130.2
1900390 130.1
1900400 130.0
1900410 130.0
1900420 129.9
1900430 129.7
1900440 129.7
1900450 129.6
1900460 129.5
1900470 129.5
1900480 129.4
1900490 129.4
1900500 129.4
1900510 129.2
1900520 129.1
1900530 129.1
1900540 129.1
1900550 129.0
1900560 129.0
1900570 129.0
1900580 129.0
1900590 129.0
1900600 128.9
1900610 128.9
1900620 128.9
1900630 129.0
1900640 129.0
1900650 129.0
1900660 129.1
1900670 129.1
1900680 129.1
1900690 129.0
1900700 128.9
1900710 128.9
1900720 128.8
1900730 128.8
1900740 128.8
1900750 128.7
1900760 128.6
1900770 128.6
1900780 128.5
1900790 128.5
1900800 128.5
1900810 128.4
1900820 128.4
1900830 128.4
1900840 128.3
1900850 128.3
1900860 128.3
1900870 128.5
1900880 128.6
1900890 128.6
1900900 128.4
1900910 128.3
1900920 128.3
1900930 128.3
1900940 128.2
1900950 128.2
1900960 128.3
1900970 128.3
1900980 128.3
1900990 128.3
1901000 128.3
1901010 128.3
1901020 128.3
1901030 128.2
1901040 128.2
1901050 128.2
1901060 128.1
1901070 128.1
1901080 128.1
1901090 128.0
1901100 128.0
1901110 128.0
1901120 128.0
1901130 127.9
1901140 127.9
1901150 127.9
1901160 127.9
1901170 127.9
1901180 127.9
1901190 127.9
1901200 127.9
1901210 127.9
1901220 127.9
1901230 127.9
1901240 127.8
1901250 127.8
1901260 127.8
1901270 127.7
1901280 127.7
1901290 127.7
1901300 127.7
1901310 127.6
1901320 127.6
1901330 127.6
1901340 127.5
1901350 127.5
1901360 127.5
1901370 127.4
1901380 127.4
1901390 127.5
1901400 127.5
1901410 127.5
1901420 127.5
1901430 127.4
1901440 127.4
1901450 127.5
1901460 127.5
1901470 127.5
1901480 127.5
1901490 127.5
1901500 127.5
1901510 127.5
1901520 127.6
1901530 127.6
1901540 127.6
1901550 127.6
1901560 127.6
1901570 127.6
1901580 127.6
1901590 127.6
1901600 127.6
1901610 127.6
1901620 127.6
1901630 127.6
1901640 127.6
1901650 127.6
1901660 127.6
1901670 127.5
1901680 127.5
1901690 127.5
1901700 127.5
1901710 127.5
1901720 127.5
1901730 127.5
1901740 127.5
1901750 127.6
1901760 127.6
1901770 127.6
1901780 127.7
1901790 127.8
1901800 127.8
1901810 127.8
1901820 127.9
1901830 127.9
1901840 127.9
1901850 127.9
1901860 128.0
1901870 127.9
1901880 127.9
1901890 127.9
1901900 128.0
1901910 128.1
1901920 128.1
1901930 128.5
1901940 128.7
1901950 128.7
1901960 128.7
1901970 128.7
1901980 128.7
1901990 128.7
1902000 128.7
1902010 128.8
1902020 128.8
1902030 128.8
1902040 128.8
1902050 128.8
1902060 128.6
1902070 128.7
1902080 128.7
1902090 128.6
1902100 128.5
1902110 128.5
1902120 128.4
1902130 128.4
1902140 128.4
1902150 128.6
1902160 128.7
1902170 128.8
1902180 128.9
1902190 128.9
1902200 128.9
1902210 129.0
1902220 129.0
1902230 129.0
1902240 129.0
1902250 129.0
1902260 129.0
1902270 129.0
1902280 128.9
1902290 128.9
1902300 129.0
1902310 129.1
1902320 129.1
1902330 129.1
1902340 129.0
1902350 129.0
1902360 128.9
1902370 129.1
1902380 129.1
1902390 129.1
1902400 130.1
1902410 130.1
1902420 130.5
1902430 130.3
1902440 130.3
1902450 130.2
1902460 130.1
1902470 130.1
1902480 130.2
1902490 130.1
1902500 130.1
1902510 130.0
1902520 129.8
1902530 129.8
1902540 129.5
1902550 129.4
1902560 129.4
1902570 129.3
1902580 129.4
1902590 129.4
1902600 129.3
1902610 129.0
1902620 129.0
1902630 128.8
1902640 128.3
1902650 128.3
1902660 129.6
1902670 127.8
1902680 127.8
1902690 126.8
1902700 126.7
1902710 126.7
1902720 126.6
1902730 126.6
1902740 126.6
1902750 126.6
1902760 126.6
1902770 126.6
1902780 127.4
1902790 128.9
1902800 128.9
1902810 132.9
1902820 134.3
1902830 134.3
1902840 130.4
1902850 130.2
1902860 130.5
1902870 130.5
1902880 128.5
1902890 128.5
1902900 128.5
1902910 128.5
1902920 128.6
1902930 128.6
1902940 128.6
1902950 128.6
1902960 128.6
1902970 128.6
1902980 128.9
1902990 128.9
1903000 129.6
1903010 130.0
1903020 130.0
1903030 129.6
1903040 129.2
1903050 129.2
1903060 129.3
1903070 129.5
1903080 129.5
1903090 129.2
1903100 129.1
1903110 129.1
1903120 129.0
1903130 129.1
1903140 129.1
1903150 129.1
1903160 129.0
1903170 129.0
1903180 129.0
1903190 129.0
1903200 129.0
1903210 129.0
1903220 129.0
1903230 129.0
1903240 129.1
1903250 129.1
1903260 129.1
1903270 129.2
1903280 129.2
1903290 129.2
1903300 129.1
1903310 129.1
1903320 129.1
1903330 128.9
1903340 128.6
1903350 128.6
1903360 128.4
1903370 128.4
1903380 128.4
1903390 128.4
1903400 128.4
1903410 128.5
1903420 128.4
1903430 128.5
1903440 128.5
1903450 128.8
1903460 128.6
1903470 128.6
1903480 128.4
1903490 128.4
1903500 128.4
1903510 127.8
1903520 127.5
1903530 127.5
1903540 127.4
1903550 127.3
1903560 127.3
1903570 127.3
1903580 127.3
1903590 127.3
1903600 127.3
1903610 127.3
1903620 127.3
1903630 127.2
1903640 127.2
1903650 127.2
1903660 127.2
1903670 127.2
1903680 127.2
1903690 127.2
1903700 127.2
1903710 127.2
1903720 127.3
1903730 127.4
1903740 127.4
1903750 127.5
1903760 127.5
1903770 127.6
1903780 127.6
1903790 127.6
1903800 127.6
1903810 127.6
1903820 127.6
1903830 127.7
1903840 127.7
1903850 127.8
1903860 127.1
1903870 127.1
1903880 128.2
1903890 128.4
1903900 128.4
1903910 127.8
1903920 127.8
1903930 127.8
1903940 128.0
1903950 127.8
1903960 127.8
1903970 128.2
1903980 128.8
1903990 128.8
1904000 129.0
1904010 129.2
1904020 129.4
1904030 129.5
1904040 129.6
1904050 129.6
1904060 128.7
1904070 127.8
1904080 127.8
1904090 126.6
1904100 125.9
1904110 125.9
1904120 125.7
1904130 125.7
1904140 125.7
1904150 125.7
1904160 125.7
1904170 125.7
1904180 125.8
1904190 125.8
1904200 125.8
1904210 125.8
1904220 128.1
1904230 128.1
1904240 128.9
1904250 129.1
1904260 129.1
1904270 129.3
1904280 129.3
1904290 129.3
1904300 129.2
1904310 129.1
1904320 129.1
1904330 129.5
1904340 129.6
1904350 129.6
1904360 129.5
1904370 129.3
1904380 129.3
1904390 129.3
1904400 129.4
1904410 129.4
1904420 129.3
1904430 129.3
1904440 129.3
1904450 129.2
1904460 129.1
1904470 129.1
1904480 129.1
1904490 129.0
1904500 129.0
1904510 129.0
1904520 129.0
1904530 129.0
1904540 128.9
1904550 128.8
1904560 128.8
1904570 128.2
1904580 128.1
1904590 128.1
1904600 127.8
1904610 127.5
1904620 127.5
1904630 127.8
1904640 127.9
1904650 127.9
1904660 127.9
1904670 128.0
1904680 128.0
1904690 128.0
1904700 128.1
1904710 128.7
1904720 128.7
1904730 128.6
1904740 128.7
1904750 128.7
1904760 129.0
1904770 129.1
1904780 129.1
1904790 128.9
1904800 129.1
1904810 129.1
1904820 128.9
1904830 128.8
1904840 128.8
1904850 128.8
1904860 128.8
1904870 128.8
1904880 128.8
1904890 128.8
1904900 128.8
1904910 128.7
1904920 128.7
1904930 128.7
1904940 128.6
1904950 128.6
1904960 128.6
1904970 128.5
1904980 128.6
1904990 128.6
1905000 128.6
1905010 128.7
1905020 128.7
1905030 128.6
1905040 128.6
1905050 128.6
1905060 128.7
1905070 128.7
1905080 128.7
1905090 128.8
1905100 128.8
1905110 128.8
1905120 128.8
1905130 128.7
1905140 128.7
1905150 128.6
1905160 128.6
1905170 128.6
1905180 128.5
1905190 128.5
1905200 128.5
1905210 128.3
1905220 127.9
1905230 127.9
1905240 127.6
1905250 127.6
1905260 127.6
1905270 127.6
1905280 127.5
1905290 127.5
1905300 127.5
1905310 127.5
1905320 127.5
1905330 127.5
1905340 127.4
1905350 127.4
1905360 127.3
1905370 127.3
1905380 127.3
1905390 127.4
1905400 127.5
1905410 127.5
1905420 127.7
1905430 127.8
1905440 127.8
1905450 127.8
1905460 127.8
1905470 127.8
1905480 127.8
1905490 127.9
1905500 127.9
1905510 127.9
1905520 127.8
1905530 127.8
1905540 127.7
1905550 127.7
1905560 127.7
1905570 127.7
1905580 127.0
1905590 127.2
1905600 127.2
1905610 128.2
1905620 129.0
1905630 129.0
1905640 127.9
1905650 126.9
1905660 126.9
1905670 127.1
1905680 127.4
1905690 127.4
1905700 127.3
1905710 127.2
1905720 127.2
1905730 127.1
1905740 127.2
1905750 127.2
1905760 127.2
1905770 127.1
1905780 127.1
1905790 127.1
1905800 127.1
1905810 127.1
1905820 127.2
1905830 127.2
1905840 127.2
1905850 127.1
1905860 127.2
1905870 127.2
1905880 127.2
1905890 127.2
1905900 127.2
1905910 127.2
1905920 127.3
1905930 127.3
1905940 127.4
1905950 127.4
1905960 127.4
1905970 127.4
1905980 127.3
1905990 127.3
1906000 127.3
1906010 127.3
1906020 127.3
1906030 127.3
1906040 127.4
1906050 127.4
1906060 127.4
1906070 127.2
1906080 127.2
1906090 127.1
1906100 127.1
1906110 127.1
1906120 127.2
1906130 127.3
1906140 127.3
