1900000 135.6
1900010 135.6
1900020 135.2
1900030 134.9
1900040 134.9
1900050 134.6
1900060 134.2
1900070 134.2
1900080 134.0
1900090 133.8
1900100 133.8
1900110 133.6
1900120 133.3
1900130 133.3
1900140 133.0
1900150 132.7
1900160 132.7
1900170 132.5
1900180 132.4
1900190 132.4
1900200 132.2
1900210 131.9
1900220 131.9
1900230 131.7
1900240 131.5
1900250 131.5
1900260 131.3
1900270 131.0
1900280 131.0
1900290 130.9
1900300 130.7
1900310 130.7
1900320 130.6
1900330 130.4
1900340 130.4
1900350 130.3
1900360 130.2
1900370 130.2
1900380 130.1
1900390 130.0
1900400 130.0
1900410 129.9
1900420 129.7
1900430 129.7
1900440 129.5
1900450 129.4
1900460 129.4
1900470 129.4
1900480 129.3
1900490 129.3
1900500 129.2
1900510 129.2
1900520 129.2
1900530 129.2
1900540 129.1
1900550 129.1
1900560 129.1
1900570 129.1
1900580 129.1
1900590 129.1
1900600 129.1
1900610 129.1
1900620 129.0
1900630 129.1
1900640 129.1
1900650 129.0
1900660 128.9
1900670 128.9
1900680 128.8
1900690 128.7
1900700 128.7
1900710 128.6
1900720 128.4
1900730 128.3
1900740 128.3
1900750 128.3
1900760 128.3
1900770 128.3
1900780 128.3
1900790 128.2
1900800 128.2
1900810 128.2
1900820 128.2
1900830 128.2
1900840 128.3
1900850 128.5
1900860 128.5
1900870 128.4
1900880 128.3
1900890 128.3
1900900 128.3
1900910 128.2
1900920 128.2
1900930 128.3
1900940 128.2
1900950 128.2
1900960 128.2
1900970 128.1
1900980 128.1
1900990 128.2
1901000 128.2
1901010 128.2
1901020 128.2
1901030 128.2
1901040 128.1
1901050 128.1
1901060 128.1
1901070 128.1
1901080 128.0
1901090 127.9
1901100 127.9
1901110 127.9
1901120 127.9
1901130 127.9
1901140 127.9
1901150 128.0
1901160 128.0
1901170 128.0
1901180 128.1
1901190 128.1
1901200 128.1
1901210 128.1
1901220 128.1
1901230 128.1
1901240 128.0
1901250 128.0
1901260 127.9
1901270 127.8
1901280 127.8
1901290 127.7
1901300 127.7
1901310 127.7
1901320 127.7
1901330 127.7
1901340 127.8
1901350 127.9
1901360 128.0
1901370 128.0
1901380 128.0
1901390 128.0
1901400 128.0
1901410 127.9
1901420 127.9
1901430 127.9
1901440 127.9
1901450 127.8
1901460 127.8
1901470 127.7
1901480 127.7
1901490 127.7
1901500 127.8
1901510 127.8
1901520 127.8
1901530 127.7
1901540 127.7
1901550 127.7
1901560 127.7
1901570 127.7
1901580 127.7
1901590 127.6
1901600 127.5
1901610 127.5
1901620 127.6
1901630 127.6
1901640 127.7
1901650 127.7
1901660 127.8
1901670 127.8
1901680 127.8
1901690 127.8
1901700 127.9
1901710 127.9
1901720 127.9
1901730 128.1
1901740 128.1
1901750 128.2
1901760 128.2
1901770 128.2
1901780 128.3
1901790 128.2
1901800 128.2
1901810 128.2
1901820 128.1
1901830 128.1
1901840 128.0
1901850 128.2
1901860 128.2
1901870 128.4
1901880 128.4
1901890 128.4
1901900 128.4
1901910 128.4
1901920 128.4
1901930 128.4
1901940 128.5
1901950 128.5
1901960 128.8
1901970 128.7
1901980 128.7
1901990 128.6
1902000 128.6
1902010 128.6
1902020 128.7
1902030 128.7
1902040 128.7
1902050 128.7
1902060 128.7
1902070 128.7
1902080 128.7
1902090 128.6
1902100 128.6
1902110 128.6
1902120 128.6
1902130 128.6
1902140 128.7
1902150 128.8
1902160 128.8
1902170 128.8
1902180 128.9
1902190 128.9
1902200 129.0
1902210 129.0
1902220 129.0
1902230 129.0
1902240 129.0
1902250 129.0
1902260 129.0
1902270 129.0
1902280 129.0
1902290 129.0
1902300 128.9
1902310 128.9
1902320 128.8
1902330 128.7
1902340 128.7
1902350 128.7
1902360 128.6
1902370 128.6
1902380 128.5
1902390 128.4
1902400 128.4
1902410 128.4
1902420 128.4
1902430 128.4
1902440 128.3
1902450 128.3
1902460 128.3
1902470 128.4
1902480 128.5
1902490 128.5
1902500 128.6
1902510 128.6
1902520 128.6
1902530 128.5
1902540 128.4
1902550 128.3
1902560 128.3
1902570 128.8
1902580 128.2
1902590 128.2
1902600 128.5
1902610 128.5
1902620 128.5
1902630 129.8
1902640 130.2
1902650 130.2
1902660 130.3
1902670 130.2
1902680 130.2
1902690 130.1
1902700 130.0
1902710 130.0
1902720 129.9
1902730 129.8
1902740 129.8
1902750 129.7
1902760 129.2
1902770 129.2
1902780 128.5
1902790 127.6
1902800 127.6
1902810 128.2
1902820 129.9
1902830 129.9
1902840 134.0
1902850 133.0
1902860 133.0
1902870 129.7
1902880 130.3
1902890 129.1
1902900 129.3
1902910 129.1
1902920 129.1
1902930 129.0
1902940 128.9
1902950 128.9
1902960 128.9
1902970 129.0
1902980 129.0
1902990 129.0
1903000 129.0
1903010 129.0
1903020 128.9
1903030 128.9
1903040 128.9
1903050 128.9
1903060 128.9
1903070 128.9
1903080 128.9
1903090 128.9
1903100 128.9
1903110 128.9
1903120 128.9
1903130 128.9
1903140 128.8
1903150 128.8
1903160 128.8
1903170 128.8
1903180 128.8
1903190 128.8
1903200 128.9
1903210 129.1
1903220 129.1
1903230 129.3
1903240 129.4
1903250 129.4
1903260 129.6
1903270 129.8
1903280 129.8
1903290 129.9
1903300 129.9
1903310 129.9
1903320 129.6
1903330 129.3
1903340 129.3
1903350 129.1
1903360 129.1
1903370 129.1
1903380 129.1
1903390 128.8
1903400 128.8
1903410 128.6
1903420 128.6
1903430 128.6
1903440 128.7
1903450 128.6
1903460 128.5
1903470 128.5
1903480 128.3
1903490 127.2
1903500 127.7
1903510 126.3
1903520 127.6
1903530 127.6
1903540 128.1
1903550 128.1
1903560 128.1
1903570 128.1
1903580 127.8
1903590 127.8
1903600 127.8
1903610 127.4
1903620 127.4
1903630 127.3
1903640 127.5
1903650 127.5
1903660 127.5
1903670 127.6
1903680 127.6
1903690 127.6
1903700 128.1
1903710 128.1
1903720 128.6
1903730 128.6
1903740 128.6
1903750 129.1
1903760 129.2
1903770 129.2
1903780 129.2
1903790 129.3
1903800 129.3
1903810 129.6
1903820 129.6
1903830 129.6
1903840 129.7
1903850 129.5
1903860 129.5
1903870 129.6
1903880 129.8
1903890 129.8
1903900 129.7
1903910 129.6
1903920 129.6
1903930 129.1
1903940 128.8
1903950 128.8
1903960 128.7
1903970 128.6
1903980 128.6
1903990 127.8
1904000 125.8
1904010 125.8
1904020 125.7
1904030 125.7
1904040 125.7
1904050 125.7
1904060 125.8
1904070 125.8
1904080 125.7
1904090 125.7
1904100 125.7
1904110 125.7
1904120 127.7
1904130 127.7
1904140 129.1
1904150 129.9
1904160 129.9
1904170 129.8
1904180 129.8
1904190 129.8
1904200 129.7
1904210 129.7
1904220 129.7
1904230 129.6
1904240 129.7
1904250 129.7
1904260 129.7
1904270 129.6
1904280 129.6
1904290 129.6
1904300 129.6
1904310 129.6
1904320 129.5
1904330 129.3
1904340 129.3
1904350 129.1
1904360 129.0
1904370 129.0
1904380 128.9
1904390 128.8
1904400 128.7
1904410 128.7
1904420 128.6
1904430 127.9
1904440 127.9
1904450 127.9
1904460 127.9
1904470 127.9
1904480 127.9
1904490 127.9
1904500 127.9
1904510 127.8
1904520 127.8
1904530 127.8
1904540 127.9
1904550 127.9
1904560 127.9
1904570 127.9
1904580 127.9
1904590 127.9
1904600 127.9
1904610 127.9
1904620 127.9
1904630 127.9
1904640 127.9
1904650 127.9
1904660 127.9
1904670 127.9
1904680 127.9
1904690 128.1
1904700 128.3
1904710 128.3
1904720 128.6
1904730 128.5
1904740 128.5
1904750 128.5
1904760 128.5
1904770 128.5
1904780 128.6
1904790 129.0
1904800 129.0
1904810 128.7
1904820 128.7
1904830 128.7
1904840 128.5
1904850 128.2
1904860 128.2
1904870 128.4
1904880 128.2
1904890 128.2
1904900 127.9
1904910 128.1
1904920 128.1
1904930 128.3
1904940 128.5
1904950 128.5
1904960 128.2
1904970 127.8
1904980 127.8
1904990 127.6
1905000 127.7
1905010 127.7
1905020 127.7
1905030 127.9
1905040 127.9
1905050 128.1
1905060 128.4
1905070 128.4
1905080 128.5
1905090 128.5
1905100 128.5
1905110 128.6
1905120 129.1
1905130 129.1
1905140 128.6
1905150 128.3
1905160 128.3
1905170 128.1
1905180 128.0
1905190 128.0
1905200 128.0
1905210 127.8
1905220 127.8
1905230 127.6
1905240 127.5
1905250 127.5
1905260 127.4
1905270 127.4
1905280 127.4
1905290 127.5
1905300 127.5
1905310 127.5
1905320 127.5
1905330 127.5
1905340 127.5
1905350 127.5
1905360 127.5
1905370 127.5
1905380 127.5
1905390 127.5
1905400 127.6
1905410 127.6
1905420 127.6
1905430 127.7
1905440 127.7
1905450 127.8
1905460 127.9
1905470 127.9
1905480 127.9
1905490 127.4
1905500 127.4
1905510 127.4
1905520 128.6
1905530 128.6
1905540 128.9
1905550 127.8
1905560 127.8
1905570 127.1
1905580 127.5
1905590 127.5
1905600 127.5
1905610 127.4
1905620 127.4
1905630 127.3
1905640 127.3
1905650 127.3
1905660 127.2
1905670 127.1
1905680 127.1
1905690 127.1
1905700 127.2
1905710 127.2
1905720 127.3
1905730 127.3
1905740 127.3
1905750 127.3
1905760 127.3
1905770 127.3
1905780 127.3
1905790 127.4
1905800 127.4
1905810 127.4
1905820 127.5
1905830 127.5
1905840 127.5
1905850 127.4
1905860 127.4
1905870 127.5
1905880 127.5
1905890 127.5
1905900 127.5
1905910 127.5
1905920 127.5
1905930 127.5
1905940 127.5
1905950 127.5
1905960 127.5
1905970 127.5
1905980 127.5
1905990 127.5
1906000 127.4
1906010 127.4
1906020 127.4
1906030 127.4
1906040 127.4
1906050 127.4
1906060 127.3
1906070 127.3
1906080 127.2
1906090 127.2
1906100 127.2
1906110 127.3
1906120 126.3
1906130 126.3
1906140 124.1
1906150 122.4
1906160 122.4
1906170 122.3
1906180 122.3
1906190 122.3
