1900000 138.6
1900010 138.0
1900020 138.0
1900030 137.4
1900040 136.9
1900050 136.9
1900060 136.4
1900070 136.0
1900080 136.0
1900090 135.5
1900100 135.0
1900110 135.0
1900120 134.6
1900130 134.1
1900140 134.1
1900150 133.8
1900160 133.5
1900170 133.5
1900180 133.1
1900190 132.7
1900200 132.7
1900210 132.4
1900220 132.1
1900230 132.1
1900240 131.7
1900250 131.4
1900260 131.4
1900270 131.2
1900280 131.0
1900290 131.0
1900300 130.7
1900310 130.4
1900320 130.4
1900330 130.2
1900340 130.2
1900350 130.2
1900360 130.1
1900370 129.9
1900380 129.9
1900390 129.8
1900400 129.6
1900410 129.6
1900420 129.4
1900430 129.3
1900440 129.3
1900450 129.2
1900460 129.1
1900470 129.1
1900480 129.0
1900490 129.0
1900500 129.0
1900510 128.8
1900520 128.8
1900530 128.8
1900540 128.8
1900550 128.8
1900560 128.8
1900570 128.9
1900580 128.7
1900590 128.7
1900600 128.6
1900610 128.6
1900620 128.6
1900630 128.6
1900640 128.5
1900650 128.5
1900660 128.4
1900670 128.4
1900680 128.4
1900690 128.4
1900700 128.5
1900710 128.5
1900720 128.5
1900730 128.5
1900740 128.5
1900750 128.5
1900760 128.5
1900770 128.5
1900780 128.5
1900790 128.7
1900800 128.7
1900810 128.7
1900820 128.5
1900830 128.4
1900840 128.4
1900850 128.4
1900860 128.5
1900870 128.5
1900880 128.5
1900890 128.5
1900900 128.5
1900910 128.4
1900920 128.3
1900930 128.3
1900940 128.3
1900950 128.3
1900960 128.3
1900970 128.4
1900980 128.5
1900990 128.5
1901000 128.5
1901010 128.5
1901020 128.7
1901030 128.7
1901040 128.8
1901050 128.8
1901060 128.9
1901070 128.8
1901080 128.8
1901090 128.8
1901100 128.8
1901110 128.8
1901120 128.8
1901130 128.7
1901140 128.7
1901150 128.7
1901160 128.8
1901170 128.8
1901180 128.8
1901190 128.8
1901200 128.8
1901210 128.8
1901220 128.8
1901230 128.8
1901240 128.8
1901250 128.8
1901260 128.8
1901270 128.8
1901280 128.8
1901290 128.8
1901300 128.8
1901310 128.8
1901320 128.8
1901330 128.8
1901340 128.8
1901350 128.8
1901360 128.7
1901370 128.7
1901380 128.7
1901390 128.6
1901400 128.5
1901410 128.5
1901420 128.3
1901430 128.3
1901440 128.3
1901450 128.3
1901460 128.2
1901470 128.2
1901480 128.2
1901490 128.2
1901500 128.2
1901510 128.3
1901520 128.3
1901530 128.3
1901540 128.4
1901550 128.5
1901560 128.5
1901570 128.5
1901580 128.5
1901590 128.5
1901600 128.6
1901610 128.7
1901620 128.7
1901630 128.8
1901640 129.2
1901650 129.2
1901660 129.0
1901670 128.9
1901680 128.8
1901690 128.8
1901700 128.7
1901710 128.5
1901720 128.5
1901730 128.4
1901740 128.4
1901750 128.4
1901760 128.4
1901770 128.3
1901780 128.3
1901790 128.3
1901800 128.2
1901810 128.2
1901820 128.2
1901830 128.3
1901840 128.3
1901850 128.4
1901860 128.5
1901870 128.5
1901880 128.5
1901890 128.6
1901900 128.6
1901910 128.6
1901920 128.6
1901930 128.6
1901940 128.7
1901950 128.7
1901960 128.7
1901970 128.8
1901980 128.9
1901990 128.9
1902000 128.9
1902010 129.0
1902020 129.0
1902030 129.0
1902040 129.0
1902050 129.0
1902060 128.9
1902070 128.9
1902080 128.9
1902090 129.0
1902100 129.0
1902110 129.0
1902120 129.0
1902130 129.0
1902140 129.0
1902150 129.0
1902160 128.9
1902170 128.9
1902180 128.9
1902190 128.9
1902200 128.9
1902210 128.8
1902220 128.8
1902230 128.8
1902240 128.8
1902250 128.9
1902260 128.8
1902270 128.8
1902280 128.8
1902290 128.8
1902300 128.7
1902310 128.7
1902320 128.7
1902330 128.7
1902340 128.7
1902350 128.7
1902360 128.7
1902370 128.7
1902380 128.7
1902390 128.6
1902400 128.6
1902410 128.6
1902420 128.5
1902430 128.5
1902440 128.5
1902450 128.5
1902460 128.6
1902470 128.6
1902480 128.6
1902490 128.5
1902500 128.5
1902510 128.6
1902520 128.6
1902530 128.6
1902540 128.6
1902550 128.6
1902560 128.6
1902570 128.5
1902580 128.6
1902590 128.6
1902600 128.6
1902610 128.5
1902620 128.4
1902630 128.4
1902640 128.5
1902650 128.5
1902660 128.5
1902670 128.5
1902680 128.5
1902690 128.5
1902700 128.5
1902710 128.5
1902720 128.5
1902730 128.5
1902740 128.6
1902750 128.6
1902760 128.6
1902770 128.7
1902780 128.7
1902790 128.8
1902800 128.8
1902810 128.8
1902820 128.9
1902830 128.9
1902840 128.9
1902850 128.9
1902860 128.9
1902870 128.9
1902880 129.0
1902890 129.0
1902900 129.0
1902910 128.9
1902920 128.9
1902930 128.9
1902940 128.4
1902950 131.9
1902960 131.9
1902970 134.1
1902980 133.7
1902990 133.7
1903000 132.9
1903010 133.1
1903020 133.1
1903030 133.3
1903040 133.7
1903050 133.7
1903060 133.3
1903070 131.8
1903080 131.8
1903090 128.4
1903100 128.6
1903110 128.6
1903120 128.9
1903130 128.6
1903140 128.6
1903150 128.5
1903160 128.8
1903170 128.8
1903180 129.3
1903190 128.4
1903200 128.4
1903210 128.3
1903220 129.0
1903230 129.0
1903240 129.5
1903250 129.2
1903260 129.2
1903270 129.0
1903280 129.0
1903290 129.0
1903300 128.9
1903310 129.1
1903320 129.1
1903330 128.4
1903340 128.2
1903350 128.2
1903360 128.1
1903370 128.0
1903380 128.0
1903390 127.9
1903400 127.9
1903410 127.9
1903420 127.8
1903430 127.8
1903440 127.8
1903450 127.9
1903460 127.9
1903470 127.9
1903480 127.8
1903490 127.5
1903500 127.5
1903510 127.5
1903520 127.7
1903530 127.6
1903540 127.6
1903550 127.8
1903560 129.3
1903570 129.3
1903580 129.2
1903590 128.7
1903600 128.7
1903610 128.2
1903620 129.0
1903630 129.0
1903640 128.7
1903650 128.8
1903660 128.8
1903670 128.9
1903680 128.9
1903690 128.9
1903700 128.9
1903710 128.8
1903720 128.8
1903730 128.8
1903740 128.9
1903750 128.9
1903760 129.0
1903770 129.1
1903780 129.1
1903790 129.2
1903800 129.3
1903810 129.3
1903820 129.1
1903830 128.9
1903840 128.9
1903850 128.7
1903860 128.4
1903870 128.4
1903880 128.2
1903890 128.2
1903900 128.2
1903910 128.2
1903920 128.2
1903930 128.2
1903940 128.2
1903950 128.2
1903960 128.2
1903970 128.2
1903980 128.2
1903990 128.2
1904000 128.2
1904010 128.1
1904020 128.1
1904030 128.1
1904040 128.0
1904050 128.0
1904060 128.1
1904070 128.4
1904080 128.4
1904090 128.0
1904100 127.9
1904110 128.0
1904120 127.9
1904130 127.9
1904140 127.9
1904150 127.9
1904160 128.0
1904170 128.0
1904180 128.0
1904190 128.0
1904200 128.0
1904210 128.0
1904220 128.0
1904230 128.0
1904240 128.0
1904250 128.0
1904260 128.0
1904270 127.9
1904280 127.9
1904290 127.9
1904300 127.9
1904310 127.8
1904320 127.8
1904330 127.8
1904340 127.8
1904350 127.8
1904360 127.8
1904370 127.8
1904380 127.8
1904390 127.9
1904400 127.9
1904410 127.9
1904420 128.8
1904430 128.9
1904440 128.7
1904450 128.7
1904460 128.5
1904470 128.3
1904480 128.3
1904490 128.1
1904500 128.0
1904510 128.0
1904520 128.0
1904530 127.9
1904540 127.9
1904550 127.9
1904560 127.9
1904570 127.9
1904580 127.8
1904590 127.9
1904600 127.9
1904610 128.0
1904620 128.1
1904630 128.1
1904640 128.2
1904650 128.2
1904660 128.2
1904670 128.1
1904680 128.1
1904690 128.1
1904700 128.1
1904710 128.1
1904720 128.1
1904730 128.0
1904740 128.0
1904750 128.0
1904760 128.0
1904770 128.0
1904780 128.0
1904790 128.0
1904800 127.9
1904810 127.9
1904820 127.9
1904830 127.8
1904840 127.8
1904850 127.8
1904860 127.8
1904870 127.8
1904880 127.7
1904890 127.7
1904900 127.7
1904910 127.7
1904920 127.7
1904930 127.7
1904940 127.8
1904950 127.9
1904960 127.9
1904970 127.9
1904980 127.9
1904990 127.9
1905000 128.0
1905010 128.1
1905020 128.1
1905030 128.0
1905040 128.0
1905050 128.0
1905060 127.9
1905070 127.9
1905080 127.9
1905090 127.8
1905100 127.7
1905110 127.7
1905120 127.6
1905130 127.6
1905140 127.6
1905150 127.5
1905160 127.5
1905170 127.5
1905180 127.6
1905190 127.3
1905200 127.3
1905210 127.1
1905220 127.9
1905230 127.9
1905240 128.9
1905250 128.8
1905260 128.8
1905270 127.8
1905280 127.5
1905290 127.5
1905300 127.7
1905310 127.7
1905320 127.7
1905330 127.6
1905340 127.5
1905350 127.5
1905360 127.5
1905370 127.5
1905380 127.5
1905390 127.5
1905400 127.5
1905410 127.5
1905420 127.5
1905430 127.6
1905440 127.7
1905450 127.7
1905460 127.6
1905470 127.5
1905480 127.5
1905490 127.5
1905500 127.4
1905510 127.4
1905520 127.4
1905530 127.4
1905540 127.4
1905550 127.4
1905560 127.4
1905570 127.4
1905580 127.4
1905590 127.4
1905600 127.4
1905610 127.5
1905620 127.4
1905630 127.4
1905640 127.5
1905650 127.6
1905660 127.6
1905670 127.6
1905680 127.6
1905690 127.6
1905700 127.6
1905710 127.6
1905720 127.6
1905730 127.6
1905740 127.6
1905750 127.6
1905760 127.6
1905770 127.7
1905780 127.7
1905790 127.7
1905800 127.6
1905810 127.6
1905820 127.5
1905830 127.5
1905840 127.5
1905850 127.6
1905860 127.6
1905870 127.6
1905880 127.6
1905890 127.5
1905900 127.5
1905910 127.4
1905920 127.4
1905930 127.4
1905940 127.4
1905950 127.4
1905960 127.4
1905970 127.4
1905980 127.4
1905990 127.4
1906000 127.4
1906010 127.4
1906020 127.4
1906030 127.5
1906040 127.4
1906050 127.4
1906060 127.3
1906070 127.3
1906080 127.3
1906090 127.3
1906100 127.3
1906110 127.3
1906120 127.3
1906130 127.3
1906140 127.3
1906150 127.2
1906160 127.2
1906170 127.2
1906180 127.3
1906190 127.4
1906200 127.4
1906210 127.3
1906220 127.2
1906230 127.2
