1900000 138.5
1900010 138.0
1900020 138.0
1900030 137.5
1900040 137.1
1900050 137.1
1900060 136.8
1900070 136.3
1900080 136.5
1900090 135.9
1900100 135.4
1900110 135.4
1900120 134.9
1900130 134.3
1900140 134.3
1900150 133.6
1900160 133.1
1900170 133.1
1900180 132.6
1900190 132.0
1900200 132.0
1900210 131.7
1900220 131.3
1900230 131.3
1900240 131.0
1900250 130.9
1900260 130.9
1900270 130.6
1900280 130.4
1900290 130.4
1900300 130.2
1900310 130.1
1900320 130.1
1900330 129.9
1900340 129.7
1900350 129.7
1900360 129.5
1900370 129.4
1900380 129.4
1900390 129.3
1900400 129.2
1900410 129.2
1900420 129.1
1900430 129.0
1900440 129.0
1900450 129.1
1900460 129.0
1900470 129.0
1900480 128.9
1900490 128.9
1900500 128.9
1900510 128.9
1900520 128.9
1900530 128.9
1900540 128.9
1900550 128.9
1900560 128.9
1900570 129.0
1900580 129.2
1900590 129.2
1900600 129.2
1900610 129.3
1900620 129.3
1900630 129.3
1900640 129.4
1900650 129.5
1900660 129.5
1900670 129.4
1900680 129.3
1900690 129.3
1900700 129.3
1900710 129.7
1900720 129.7
1900730 129.5
1900740 129.4
1900750 129.4
1900760 129.5
1900770 129.4
1900780 129.4
1900790 129.4
1900800 129.4
1900810 129.4
1900820 129.3
1900830 129.3
1900840 129.3
1900850 129.3
1900860 129.3
1900870 129.3
1900880 129.3
1900890 129.3
1900900 129.3
1900910 129.3
1900920 129.4
1900930 129.4
1900940 129.3
1900950 129.3
1900960 129.3
1900970 129.4
1900980 129.4
1900990 129.4
1901000 129.4
1901010 129.4
1901020 129.4
1901030 129.4
1901040 129.5
1901050 129.5
1901060 129.6
1901070 129.5
1901080 129.5
1901090 129.5
1901100 129.5
1901110 129.5
1901120 129.5
1901130 129.5
1901140 129.5
1901150 129.4
1901160 129.4
1901170 129.4
1901180 129.5
1901190 129.6
1901200 129.6
1901210 129.6
1901220 129.4
1901230 129.4
1901240 129.3
1901250 129.1
1901260 129.1
1901270 129.2
1901280 129.3
1901290 129.3
1901300 129.2
1901310 129.2
1901320 129.3
1901330 129.3
1901340 129.3
1901350 129.3
1901360 129.3
1901370 129.3
1901380 129.3
1901390 129.2
1901400 129.2
1901410 129.2
1901420 129.2
1901430 129.1
1901440 129.1
1901450 129.1
1901460 129.1
1901470 129.1
1901480 129.1
1901490 129.1
1901500 129.1
1901510 129.0
1901520 128.9
1901530 128.9
1901540 129.0
1901550 129.0
1901560 129.0
1901570 128.9
1901580 129.1
1901590 129.2
1901600 129.2
1901610 129.2
1901620 129.2
1901630 129.2
1901640 129.2
1901650 129.2
1901660 129.2
1901670 129.1
1901680 129.0
1901690 129.0
1901700 128.9
1901710 128.7
1901720 128.7
1901730 128.6
1901740 128.6
1901750 128.6
1901760 128.5
1901770 128.5
1901780 128.5
1901790 128.5
1901800 128.4
1901810 128.4
1901820 128.5
1901830 128.6
1901840 128.6
1901850 128.8
1901860 128.8
1901870 128.8
1901880 128.8
1901890 129.0
1901900 129.0
1901910 129.1
1901920 129.2
1901930 129.2
1901940 129.2
1901950 129.2
1901960 129.2
1901970 129.2
1901980 129.2
1901990 129.2
1902000 129.3
1902010 129.3
1902020 129.3
1902030 129.3
1902040 129.3
1902050 129.3
1902060 129.3
1902070 129.3
1902080 129.3
1902090 129.2
1902100 129.2
1902110 129.2
1902120 129.2
1902130 129.2
1902140 129.2
1902150 129.2
1902160 129.1
1902170 129.1
1902180 129.1
1902190 129.1
1902200 129.1
1902210 129.1
1902220 129.0
1902230 129.0
1902240 129.0
1902250 129.1
1902260 129.1
1902270 129.1
1902280 129.1
1902290 129.1
1902300 129.0
1902310 129.0
1902320 129.0
1902330 129.0
1902340 128.9
1902350 128.9
1902360 128.9
1902370 129.0
1902380 129.0
1902390 128.9
1902400 128.9
1902410 128.9
1902420 128.9
1902430 128.9
1902440 128.9
1902450 128.9
1902460 128.9
1902470 128.9
1902480 128.9
1902490 129.0
1902500 129.0
1902510 129.0
1902520 129.1
1902530 129.1
1902540 129.1
1902550 129.1
1902560 129.1
1902570 129.1
1902580 129.1
1902590 129.1
1902600 129.1
1902610 129.0
1902620 129.0
1902630 129.0
1902640 129.0
1902650 128.9
1902660 128.9
1902670 128.9
1902680 129.0
1902690 129.0
1902700 129.0
1902710 129.0
1902720 129.0
1902730 129.0
1902740 129.1
1902750 129.1
1902760 129.1
1902770 129.0
1902780 129.0
1902790 128.8
1902800 128.6
1902810 128.6
1902820 128.5
1902830 128.9
1902840 128.9
1902850 129.1
1902860 128.9
1902870 128.9
1902880 128.5
1902890 128.4
1902900 128.4
1902910 128.4
1902920 128.4
1902930 128.4
1902940 128.4
1902950 128.4
1902960 128.4
1902970 128.4
1902980 128.4
1902990 128.4
1903000 128.3
1903010 128.3
1903020 128.3
1903030 128.3
1903040 128.5
1903050 128.5
1903060 128.9
1903070 129.3
1903080 129.3
1903090 128.7
1903100 128.7
1903110 128.7
1903120 130.4
1903130 129.5
1903140 129.5
1903150 128.6
1903160 128.2
1903170 128.3
1903180 128.1
1903190 124.9
1903200 124.9
1903210 124.4
1903220 125.9
1903230 125.9
1903240 127.7
1903250 128.2
1903260 128.2
1903270 128.2
1903280 128.2
1903290 128.2
1903300 128.2
1903310 128.2
1903320 128.2
1903330 128.2
1903340 128.3
1903350 128.3
1903360 128.4
1903370 128.6
1903380 128.6
1903390 128.9
1903400 128.7
1903410 128.7
1903420 128.4
1903430 128.0
1903440 128.0
1903450 128.0
1903460 128.0
1903470 127.9
1903480 127.9
1903490 127.9
1903500 127.9
1903510 127.9
1903520 127.9
1903530 127.9
1903540 127.9
1903550 128.0
1903560 128.1
1903570 128.1
1903580 128.1
1903590 128.1
1903600 128.1
1903610 128.2
1903620 128.2
1903630 128.2
1903640 128.2
1903650 128.3
1903660 128.3
1903670 128.3
1903680 128.3
1903690 128.3
1903700 128.3
1903710 128.2
1903720 128.2
1903730 128.2
1903740 128.1
1903750 128.1
1903760 128.1
1903770 128.1
1903780 128.1
1903790 128.2
1903800 128.3
1903810 128.3
1903820 128.4
1903830 128.7
1903840 128.7
1903850 128.9
1903860 128.9
1903870 128.9
1903880 128.9
1903890 128.7
1903900 128.7
1903910 128.5
1903920 128.3
1903930 128.3
1903940 128.2
1903950 128.2
1903960 128.2
1903970 128.2
1903980 128.1
1903990 128.1
1904000 128.1
1904010 128.2
1904020 128.2
1904030 128.2
1904040 128.2
1904050 128.2
1904060 128.1
1904070 128.1
1904080 128.1
1904090 128.2
1904100 128.2
1904110 128.2
1904120 128.2
1904130 128.2
1904140 128.2
1904150 128.2
1904160 128.2
1904170 128.2
1904180 128.2
1904190 128.1
1904200 128.1
1904210 128.1
1904220 128.2
1904230 128.2
1904240 128.1
1904250 128.1
1904260 128.1
1904270 128.1
1904280 128.1
1904290 128.1
1904300 128.0
1904310 128.0
1904320 128.0
1904330 128.0
1904340 128.0
1904350 128.0
1904360 128.0
1904370 128.1
1904380 128.1
1904390 128.1
1904400 128.1
1904410 128.1
1904420 128.1
1904430 128.1
1904440 128.2
1904450 128.2
1904460 128.2
1904470 128.1
1904480 128.1
1904490 128.1
1904500 128.1
1904510 128.1
1904520 128.1
1904530 128.1
1904540 128.1
1904550 128.1
1904560 128.1
1904570 128.1
1904580 128.2
1904590 128.2
1904600 128.2
1904610 128.1
1904620 128.1
1904630 128.1
1904640 128.1
1904650 128.1
1904660 128.1
1904670 128.1
1904680 128.0
1904690 128.0
1904700 128.0
1904710 127.9
1904720 127.9
1904730 127.9
1904740 128.0
1904750 128.0
1904760 127.9
1904770 127.6
1904780 127.6
1904790 128.4
1904800 129.2
1904810 129.2
1904820 129.2
1904830 127.9
1904840 127.9
1904850 127.8
1904860 128.0
1904870 128.0
1904880 127.9
1904890 127.8
1904900 127.8
1904910 127.7
1904920 127.7
1904930 127.7
1904940 127.6
1904950 127.5
1904960 127.5
1904970 127.4
1904980 127.4
1904990 127.4
1905000 127.4
1905010 127.5
1905020 127.4
1905030 127.5
1905040 127.7
1905050 127.7
1905060 127.6
1905070 127.6
1905080 127.6
1905090 127.5
1905100 127.5
1905110 127.5
1905120 127.5
1905130 127.5
1905140 127.5
1905150 127.6
1905160 127.6
1905170 127.6
1905180 127.6
1905190 127.7
1905200 127.7
1905210 127.8
1905220 127.8
1905230 127.8
1905240 127.8
1905250 127.7
1905260 127.7
1905270 127.8
1905280 127.7
1905290 127.6
1905300 127.6
1905310 127.5
1905320 127.5
1905330 127.5
1905340 127.4
1905350 127.5
1905360 127.5
1905370 127.6
1905380 127.5
1905390 127.5
1905400 127.5
1905410 127.6
1905420 127.6
1905430 127.6
1905440 127.7
1905450 127.7
1905460 127.8
1905470 127.8
1905480 127.8
1905490 127.8
1905500 127.8
1905510 127.8
1905520 127.8
1905530 127.8
1905540 127.8
1905550 127.8
1905560 127.8
1905570 127.8
1905580 127.8
1905590 127.7
1905600 127.7
1905610 127.7
1905620 127.7
1905630 127.7
1905640 127.7
1905650 127.6
1905660 127.6
1905670 127.5
1905680 127.4
1905690 127.4
1905700 127.3
1905710 127.3
1905720 127.3
1905730 127.3
1905740 127.3
1905750 127.3
1905760 127.4
1905770 127.4
1905780 127.4
1905790 127.4
1905800 127.5
1905810 127.5
1905820 127.5
1905830 127.5
1905840 127.5
1905850 127.4
1905860 127.4
1905870 127.4
1905880 127.4
1905890 127.4
1905900 127.4
1905910 127.4
1905920 127.5
1905930 127.5
1905940 127.5
1905950 127.6
1905960 127.6
1905970 127.6
1905980 127.7
1905990 127.7
1906000 127.6
1906010 127.5
1906020 127.5
1906030 127.5
1906040 127.5
1906050 127.5
1906060 127.5
1906070 127.5
1906080 127.5
1906090 127.4
1906100 127.4
1906110 127.4
1906120 127.4
1906130 127.5
1906140 127.5
1906150 127.6
1906160 127.7
1906170 127.7
1906180 127.7
1906190 127.7
1906200 127.8
1906210 127.8
1906220 127.7
1906230 127.8
1906240 127.8
1906250 127.8
1906260 127.7
1906270 127.7
1906280 127.6
1906290 127.6
1906300 127.6
1906310 127.7
