1900000 138.0
1900010 137.5
1900020 137.5
1900030 137.0
1900040 136.2
1900050 136.2
1900060 135.7
1900070 135.1
1900080 135.1
1900090 134.4
1900100 133.9
1900110 133.9
1900120 133.4
1900130 132.9
1900140 132.9
1900150 132.4
1900160 132.1
1900170 131.9
1900180 131.6
1900190 131.2
1900200 131.2
1900210 130.9
1900220 130.7
1900230 130.7
1900240 130.5
1900250 130.2
1900260 130.2
1900270 129.9
1900280 129.8
1900290 129.8
1900300 129.7
1900310 129.6
1900320 129.6
1900330 129.5
1900340 129.4
1900350 129.4
1900360 129.3
1900370 129.3
1900380 129.3
1900390 129.2
1900400 129.2
1900410 129.2
1900420 129.1
1900430 129.0
1900440 129.0
1900450 129.0
1900460 129.0
1900470 129.0
1900480 129.0
1900490 129.1
1900500 129.1
1900510 129.3
1900520 129.3
1900530 129.3
1900540 129.4
1900550 129.5
1900560 129.5
1900570 129.4
1900580 129.4
1900590 129.4
1900600 129.4
1900610 129.3
1900620 129.3
1900630 129.4
1900640 129.5
1900650 129.8
1900660 129.8
1900670 129.9
1900680 129.9
1900690 129.9
1900700 130.0
1900710 130.1
1900720 130.1
1900730 130.0
1900740 130.1
1900750 130.1
1900760 130.4
1900770 130.5
1900780 130.5
1900790 130.3
1900800 130.2
1900810 130.2
1900820 130.2
1900830 130.0
1900840 130.0
1900850 129.8
1900860 129.8
1900870 129.8
1900880 129.8
1900890 129.9
1900900 129.9
1900910 130.1
1900920 130.1
1900930 130.1
1900940 130.3
1900950 130.2
1900960 130.2
1900970 130.1
1900980 130.2
1900990 130.2
1901000 130.1
1901010 130.3
1901020 130.3
1901030 130.0
1901040 129.8
1901050 129.8
1901060 129.8
1901070 129.7
1901080 129.7
1901090 129.7
1901100 129.6
1901110 129.6
1901120 129.6
1901130 129.6
1901140 129.6
1901150 129.4
1901160 129.4
1901170 129.4
1901180 129.4
1901190 129.3
1901200 129.3
1901210 129.3
1901220 129.3
1901230 129.3
1901240 129.3
1901250 129.2
1901260 129.2
1901270 129.2
1901280 129.1
1901290 129.1
1901300 129.1
1901310 129.0
1901320 129.0
1901330 128.9
1901340 128.9
1901350 128.9
1901360 128.8
1901370 128.7
1901380 128.7
1901390 128.7
1901400 128.6
1901410 128.6
1901420 128.6
1901430 128.5
1901440 128.5
1901450 128.6
1901460 128.6
1901470 128.6
1901480 128.5
1901490 128.5
1901500 128.5
1901510 128.6
1901520 128.6
1901530 128.6
1901540 128.6
1901550 128.6
1901560 128.6
1901570 128.6
1901580 128.7
1901590 128.7
1901600 128.7
1901610 128.7
1901620 128.7
1901630 128.7
1901640 128.7
1901650 128.8
1901660 128.8
1901670 128.9
1901680 128.8
1901690 128.8
1901700 128.9
1901710 129.0
1901720 128.9
1901730 128.9
1901740 128.8
1901750 128.8
1901760 128.9
1901770 128.9
1901780 128.9
1901790 129.0
1901800 129.0
1901810 129.0
1901820 129.0
1901830 129.1
1901840 129.1
1901850 129.2
1901860 129.3
1901870 129.3
1901880 129.4
1901890 129.4
1901900 129.4
1901910 129.6
1901920 129.7
1901930 129.7
1901940 129.6
1901950 129.7
1901960 129.7
1901970 129.7
1901980 129.7
1901990 129.7
1902000 129.7
1902010 129.7
1902020 129.7
1902030 129.7
1902040 129.7
1902050 129.7
1902060 129.6
1902070 129.6
1902080 129.6
1902090 129.6
1902100 129.6
1902110 129.6
1902120 129.7
1902130 129.6
1902140 129.6
1902150 129.5
1902160 129.5
1902170 129.5
1902180 129.5
1902190 129.5
1902200 129.5
1902210 129.5
1902220 129.4
1902230 129.4
1902240 129.4
1902250 129.4
1902260 129.4
1902270 129.4
1902280 129.3
1902290 129.3
1902300 129.4
1902310 129.5
1902320 129.5
1902330 129.5
1902340 129.5
1902350 129.5
1902360 129.4
1902370 129.4
1902380 129.4
1902390 129.4
1902400 129.3
1902410 129.3
1902420 129.3
1902430 129.3
1902440 129.3
1902450 129.3
1902460 129.3
1902470 129.3
1902480 129.3
1902490 129.3
1902500 129.4
1902510 129.4
1902520 129.3
1902530 129.3
1902540 129.3
1902550 129.2
1902560 129.1
1902570 129.1
1902580 129.0
1902590 129.0
1902600 129.0
1902610 128.8
1902620 128.7
1902630 128.7
1902640 128.6
1902650 128.7
1902660 128.7
1902670 128.6
1902680 128.7
1902690 128.7
1902700 128.7
1902710 128.7
1902720 128.7
1902730 128.8
1902740 128.8
1902750 128.8
1902760 128.8
1902770 128.7
1902780 128.7
1902790 128.7
1902800 128.8
1902810 128.8
1902820 128.6
1902830 128.5
1902840 128.5
1902850 128.5
1902860 128.4
1902870 128.4
1902880 128.3
1902890 128.2
1902900 128.2
1902910 128.5
1902920 129.2
1902930 129.2
1902940 129.5
1902950 128.4
1902960 128.4
1902970 128.3
1902980 128.3
1902990 128.3
1903000 128.3
1903010 128.2
1903020 128.2
1903030 128.2
1903040 128.2
1903050 128.2
1903060 128.1
1903070 128.1
1903080 128.1
1903090 128.2
1903100 128.2
1903110 128.2
1903120 128.3
1903130 128.5
1903140 128.5
1903150 128.7
1903160 128.8
1903170 128.8
1903180 128.8
1903190 128.8
1903200 128.8
1903210 128.7
1903220 128.6
1903230 128.6
1903240 128.5
1903250 128.3
1903260 128.3
1903270 128.3
1903280 128.4
1903290 128.4
1903300 128.4
1903310 128.4
1903320 128.4
1903330 128.4
1903340 128.4
1903350 128.4
1903360 128.3
1903370 128.3
1903380 128.3
1903390 128.3
1903400 128.2
1903410 128.2
1903420 128.2
1903430 128.2
1903440 128.2
1903450 128.2
1903460 128.2
1903470 128.1
1903480 128.1
1903490 128.1
1903500 128.1
1903510 128.1
1903520 128.1
1903530 128.1
1903540 128.1
1903550 128.2
1903560 128.2
1903570 128.3
1903580 128.3
1903590 128.2
1903600 128.2
1903610 128.2
1903620 128.3
1903630 128.3
1903640 128.3
1903650 128.3
1903660 128.3
1903670 128.2
1903680 128.1
1903690 128.1
1903700 128.2
1903710 128.2
1903720 128.2
1903730 128.2
1903740 128.3
1903750 128.3
1903760 128.3
1903770 128.3
1903780 128.3
1903790 128.3
1903800 128.3
1903810 128.3
1903820 128.3
1903830 128.3
1903840 128.3
1903850 128.3
1903860 128.3
1903870 128.3
1903880 128.3
1903890 128.3
1903900 128.3
1903910 128.2
1903920 128.2
1903930 128.2
1903940 128.2
1903950 128.1
1903960 128.1
1903970 128.1
1903980 128.1
1903990 128.1
1904000 128.2
1904010 128.2
1904020 128.2
1904030 128.2
1904040 128.2
1904050 128.2
1904060 128.2
1904070 128.2
1904080 128.2
1904090 128.2
1904100 128.3
1904110 128.3
1904120 128.4
1904130 128.4
1904140 128.4
1904150 128.3
1904160 128.3
1904170 128.3
1904180 128.3
1904190 128.2
1904200 128.2
1904210 128.2
1904220 128.1
1904230 128.1
1904240 128.1
1904250 128.1
1904260 128.1
1904270 128.0
1904280 127.9
1904290 127.9
1904300 128.0
1904310 128.1
1904320 128.1
1904330 128.1
1904340 127.6
1904350 127.6
1904360 128.0
1904370 129.1
1904380 129.4
1904390 129.4
1904400 128.4
1904410 127.7
1904420 127.7
1904430 128.0
1904440 128.2
1904450 128.2
1904460 128.1
1904470 128.0
1904480 128.0
1904490 127.8
1904500 127.8
1904510 127.8
1904520 127.9
1904530 127.9
1904540 127.9
1904550 127.9
1904560 127.9
1904570 127.9
1904580 127.9
1904590 127.9
1904600 127.9
1904610 127.9
1904620 127.9
1904630 127.9
1904640 127.9
1904650 127.9
1904660 127.9
1904670 127.8
1904680 127.8
1904690 127.8
1904700 127.7
1904710 127.7
1904720 127.7
1904730 127.7
1904740 127.7
1904750 127.7
1904760 127.7
1904770 127.7
1904780 127.7
1904790 127.7
1904800 127.7
1904810 127.7
1904820 127.8
1904830 127.8
1904840 127.8
1904850 127.8
1904860 127.8
1904870 127.8
1904880 127.8
1904890 127.8
1904900 127.8
1904910 127.8
1904920 127.8
1904930 127.8
1904940 127.8
1904950 127.8
1904960 127.8
1904970 127.8
1904980 127.8
1904990 127.8
1905000 127.8
1905010 127.8
1905020 127.8
1905030 127.9
1905040 127.9
1905050 127.9
1905060 127.9
1905070 127.9
1905080 127.9
1905090 127.9
1905100 127.8
1905110 127.8
1905120 127.8
1905130 127.8
1905140 127.8
1905150 127.8
1905160 127.8
1905170 127.8
1905180 127.7
1905190 127.7
1905200 127.7
1905210 127.6
1905220 127.7
1905230 127.7
1905240 127.9
1905250 127.9
1905260 127.9
1905270 127.8
1905280 127.8
1905290 127.8
1905300 127.8
1905310 127.8
1905320 127.7
1905330 127.7
1905340 127.8
1905350 127.9
1905360 127.9
1905370 127.9
1905380 128.0
1905390 128.0
1905400 128.0
1905410 128.0
1905420 128.0
1905430 128.0
1905440 127.9
1905450 127.9
1905460 127.9
1905470 127.8
1905480 127.8
1905490 127.8
1905500 127.7
1905510 127.7
1905520 127.6
1905530 127.6
1905540 127.6
1905550 127.5
1905560 127.6
1905570 127.6
1905580 127.7
1905590 127.6
1905600 127.6
1905610 127.6
1905620 127.6
1905630 127.6
1905640 127.7
1905650 127.8
1905660 127.8
1905670 127.8
1905680 127.7
1905690 127.7
1905700 127.7
1905710 127.7
1905720 127.7
1905730 127.7
1905740 127.7
1905750 127.7
1905760 127.7
1905770 127.8
1905780 127.8
1905790 127.8
1905800 127.8
1905810 127.8
1905820 127.7
1905830 127.8
1905840 127.8
1905850 127.8
1905860 127.9
1905870 127.9
1905880 128.0
1905890 128.0
1905900 128.0
1905910 128.1
1905920 128.1
1905930 128.1
1905940 128.2
1905950 128.2
1905960 128.2
1905970 128.1
1905980 128.2
1905990 128.2
1906000 128.2
1906010 128.2
1906020 128.1
1906030 128.1
1906040 128.1
1906050 128.1
1906060 128.0
1906070 128.0
1906080 128.0
1906090 128.0
1906100 128.0
1906110 128.0
1906120 127.9
1906130 127.9
1906140 127.9
