1900000 138.5
1900010 138.5
1900020 137.9
1900030 137.5
1900040 137.5
1900050 137.0
1900060 136.4
1900070 136.4
1900080 136.0
1900090 135.5
1900100 135.5
1900110 135.1
1900120 134.5
1900130 134.5
1900140 134.1
1900150 133.7
1900160 133.7
1900170 133.2
1900180 132.9
1900190 132.9
1900200 132.4
1900210 132.1
1900220 132.1
1900230 131.8
1900240 131.4
1900250 131.4
1900260 131.2
1900270 130.9
1900280 130.9
1900290 130.7
1900300 130.5
1900310 130.5
1900320 130.2
1900330 130.0
1900340 130.0
1900350 129.8
1900360 129.7
1900370 129.7
1900380 129.5
1900390 129.4
1900400 129.4
1900410 129.2
1900420 129.2
1900430 129.2
1900440 129.2
1900450 129.1
1900460 129.1
1900470 129.1
1900480 129.0
1900490 129.0
1900500 128.9
1900510 128.9
1900520 128.9
1900530 128.8
1900540 128.7
1900550 128.7
1900560 128.7
1900570 128.7
1900580 128.7
1900590 128.6
1900600 128.6
1900610 128.6
1900620 128.7
1900630 128.7
1900640 128.7
1900650 128.8
1900660 128.9
1900670 128.9
1900680 129.0
1900690 129.1
1900700 129.1
1900710 129.1
1900720 129.1
1900730 129.1
1900740 129.1
1900750 129.1
1900760 129.1
1900770 129.2
1900780 129.2
1900790 129.1
1900800 129.1
1900810 129.1
1900820 129.2
1900830 129.2
1900840 129.2
1900850 129.2
1900860 129.2
1900870 129.1
1900880 129.1
1900890 129.1
1900900 129.1
1900910 129.1
1900920 129.1
1900930 129.1
1900940 129.1
1900950 129.1
1900960 129.0
1900970 129.1
1900980 129.1
1900990 129.2
1901000 129.2
1901010 129.2
1901020 129.2
1901030 129.2
1901040 129.2
1901050 129.2
1901060 129.2
1901070 129.2
1901080 129.2
1901090 129.2
1901100 129.2
1901110 129.2
1901120 129.1
1901130 129.1
1901140 129.0
1901150 129.0
1901160 129.0
1901170 129.0
1901180 129.0
1901190 129.0
1901200 129.0
1901210 129.0
1901220 129.0
1901230 129.0
1901240 129.0
1901250 129.0
1901260 129.0
1901270 128.9
1901280 128.9
1901290 128.9
1901300 128.9
1901310 128.9
1901320 128.9
1901330 128.9
1901340 128.9
1901350 128.8
1901360 128.7
1901370 128.7
1901380 128.7
1901390 128.6
1901400 128.6
1901410 128.6
1901420 128.6
1901430 128.6
1901440 128.6
1901450 128.6
1901460 128.6
1901470 128.6
1901480 128.8
1901490 128.8
1901500 129.1
1901510 129.0
1901520 129.0
1901530 128.8
1901540 128.8
1901550 128.8
1901560 128.8
1901570 128.9
1901580 128.9
1901590 128.9
1901600 128.9
1901610 128.9
1901620 128.9
1901630 128.9
1901640 128.9
1901650 129.0
1901660 128.9
1901670 128.9
1901680 128.8
1901690 128.8
1901700 128.8
1901710 128.7
1901720 128.6
1901730 128.6
1901740 128.6
1901750 128.6
1901760 128.5
1901770 128.5
1901780 128.4
1901790 128.3
1901800 128.3
1901810 128.3
1901820 128.3
1901830 128.3
1901840 128.4
1901850 128.5
1901860 128.5
1901870 128.6
1901880 128.7
1901890 128.7
1901900 128.8
1901910 128.9
1901920 128.9
1901930 129.0
1901940 129.0
1901950 129.0
1901960 129.1
1901970 129.1
1901980 129.1
1901990 129.1
1902000 129.2
1902010 129.2
1902020 129.2
1902030 129.2
1902040 129.2
1902050 129.2
1902060 129.2
1902070 129.2
1902080 129.2
1902090 129.2
1902100 129.2
1902110 129.2
1902120 129.2
1902130 129.2
1902140 129.2
1902150 129.2
1902160 129.2
1902170 129.2
1902180 129.2
1902190 129.2
1902200 129.2
1902210 129.1
1902220 129.1
1902230 129.1
1902240 129.1
1902250 129.1
1902260 129.0
1902270 129.0
1902280 129.0
1902290 128.9
1902300 128.9
1902310 128.9
1902320 128.9
1902330 128.8
1902340 128.8
1902350 128.7
1902360 128.7
1902370 128.7
1902380 128.7
1902390 128.7
1902400 128.7
1902410 128.7
1902420 128.7
1902430 128.7
1902440 128.6
1902450 128.6
1902460 128.6
1902470 128.7
1902480 128.7
1902490 128.7
1902500 128.6
1902510 128.6
1902520 128.6
1902530 128.7
1902540 128.7
1902550 128.7
1902560 128.6
1902570 128.7
1902580 128.7
1902590 128.7
1902600 128.8
1902610 128.8
1902620 128.7
1902630 128.7
1902640 128.7
1902650 128.7
1902660 128.7
1902670 128.5
1902680 128.5
1902690 128.6
1902700 128.6
1902710 128.6
1902720 128.6
1902730 128.7
1902740 128.7
1902750 128.7
1902760 128.7
1902770 128.7
1902780 128.7
1902790 128.7
1902800 128.7
1902810 128.7
1902820 128.8
1902830 128.8
1902840 128.8
1902850 128.9
1902860 128.9
1902870 129.0
1902880 129.0
1902890 129.0
1902900 129.0
1902910 129.0
1902920 129.0
1902930 129.1
1902940 129.1
1902950 129.1
1902960 129.1
1902970 129.1
1902980 129.1
1902990 129.0
1903000 130.6
1903010 130.6
1903020 132.6
1903030 132.1
1903040 132.1
1903050 128.5
1903060 128.3
1903070 128.3
1903080 128.4
1903090 128.3
1903100 128.3
1903110 128.3
1903120 128.5
1903130 128.5
1903140 128.6
1903150 128.6
1903160 128.6
1903170 128.4
1903180 128.5
1903190 128.5
1903200 128.8
1903210 128.9
1903220 128.9
1903230 130.2
1903240 132.1
1903250 132.1
1903260 132.8
1903270 132.4
1903280 132.4
1903290 130.4
1903300 129.0
1903310 129.0
1903320 128.4
1903330 128.1
1903340 128.1
1903350 127.9
1903360 127.8
1903370 127.8
1903380 127.7
1903390 128.4
1903400 128.4
1903410 128.4
1903420 128.2
1903430 128.2
1903440 128.2
1903450 128.2
1903460 128.2
1903470 128.2
1903480 128.0
1903490 128.0
1903500 128.1
1903510 128.1
1903520 128.1
1903530 127.9
1903540 127.9
1903550 127.9
1903560 127.8
1903570 127.7
1903580 127.6
1903590 127.6
1903600 127.5
1903610 127.5
1903620 127.5
1903630 127.7
1903640 128.3
1903650 128.3
1903660 128.7
1903670 128.7
1903680 128.7
1903690 128.0
1903700 128.1
1903710 128.1
1903720 128.2
1903730 128.2
1903740 128.2
1903750 128.2
1903760 128.2
1903770 128.2
1903780 128.2
1903790 128.2
1903800 128.2
1903810 128.2
1903820 128.2
1903830 128.2
1903840 128.3
1903850 128.3
1903860 128.3
1903870 128.3
1903880 128.3
1903890 128.3
1903900 128.3
1903910 128.3
1903920 128.3
1903930 128.3
1903940 128.3
1903950 128.3
1903960 128.2
1903970 128.2
1903980 128.2
1903990 128.1
1904000 128.1
1904010 128.1
1904020 128.0
1904030 128.0
1904040 128.0
1904050 128.0
1904060 127.9
1904070 127.9
1904080 127.9
1904090 127.8
1904100 127.8
1904110 128.3
1904120 128.1
1904130 128.1
1904140 128.1
1904150 128.1
1904160 128.1
1904170 128.1
1904180 128.1
1904190 128.1
1904200 128.1
1904210 128.4
1904220 128.4
1904230 128.7
1904240 128.8
1904250 128.8
1904260 128.7
1904270 128.4
1904280 128.4
1904290 128.2
1904300 128.0
1904310 127.8
1904320 127.8
1904330 127.8
1904340 127.8
1904350 127.7
1904360 127.8
1904370 127.8
1904380 127.9
1904390 127.9
1904400 127.9
1904410 128.0
1904420 128.2
1904430 128.2
1904440 128.2
1904450 128.2
1904460 128.2
1904470 128.2
1904480 128.1
1904490 128.0
1904500 128.0
1904510 128.0
1904520 128.0
1904530 128.0
1904540 128.0
1904550 128.1
1904560 128.1
1904570 128.1
1904580 128.2
1904590 128.2
1904600 128.2
1904610 128.2
1904620 128.1
1904630 128.1
1904640 128.0
1904650 128.0
1904660 128.0
1904670 128.0
1904680 128.0
1904690 127.9
1904700 127.9
1904710 127.9
1904720 127.8
1904730 127.7
1904740 127.7
1904750 127.7
1904760 127.7
1904770 127.7
1904780 127.8
1904790 127.8
1904800 127.8
1904810 127.8
1904820 127.8
1904830 127.8
1904840 127.9
1904850 128.0
1904860 128.0
1904870 128.1
1904880 128.1
1904890 128.1
1904900 128.1
1904910 128.1
1904920 128.1
1904930 128.1
1904940 128.1
1904950 128.1
1904960 128.0
1904970 127.9
1904980 127.9
1904990 127.8
1905000 127.8
1905010 127.8
1905020 127.8
1905030 127.4
1905040 127.4
1905050 126.9
1905060 127.9
1905070 127.9
1905080 129.1
1905090 128.9
1905100 128.9
1905110 127.5
1905120 127.2
1905130 127.2
1905140 127.6
1905150 127.8
1905160 127.8
1905170 127.7
1905180 127.7
1905190 127.7
1905200 127.7
1905210 127.7
1905220 127.7
1905230 127.6
1905240 127.6
1905250 127.6
1905260 127.5
1905270 127.4
1905280 127.4
1905290 127.4
1905300 127.5
1905310 127.5
1905320 127.6
1905330 127.6
1905340 127.6
1905350 127.6
1905360 127.6
1905370 127.6
1905380 127.6
1905390 127.6
1905400 127.6
1905410 127.6
1905420 127.7
1905430 127.6
1905440 127.6
1905450 127.6
1905460 127.5
1905470 127.5
1905480 127.5
1905490 127.4
1905500 127.4
1905510 127.5
1905520 127.5
1905530 127.5
1905540 127.5
1905550 127.5
1905560 127.5
1905570 127.5
1905580 127.5
1905590 127.5
1905600 127.6
1905610 127.6
1905620 127.6
1905630 127.6
1905640 127.7
1905650 127.7
1905660 127.8
1905670 127.8
1905680 127.8
1905690 127.9
1905700 127.9
1905710 127.9
1905720 127.8
1905730 127.8
1905740 127.8
1905750 127.8
1905760 127.7
1905770 127.7
1905780 127.7
1905790 127.6
1905800 127.6
1905810 127.6
1905820 127.5
1905830 127.5
1905840 127.4
1905850 127.4
1905860 127.4
1905870 127.3
1905880 127.3
1905890 127.3
1905900 127.2
1905910 127.3
1905920 127.3
1905930 127.4
1905940 127.4
1905950 127.4
1905960 127.4
1905970 127.4
1905980 127.4
1905990 127.4
1906000 127.4
1906010 127.4
1906020 127.5
1906030 127.4
1906040 127.4
1906050 127.4
1906060 127.3
1906070 127.3
1906080 127.3
1906090 127.2
1906100 127.2
1906110 127.1
1906120 127.0
1906130 127.0
1906140 127.0
1906150 126.9
1906160 126.9
1906170 126.9
1906180 126.8
1906190 126.8
1906200 126.9
1906210 126.9
1906220 126.9
1906230 126.9
1906240 126.9
1906250 126.9
1906260 127.0
1906270 127.1
1906280 127.1
1906290 127.1
