1900000 138.7
1900010 138.7
1900020 138.2
1900030 137.7
1900040 137.7
1900050 137.2
1900060 136.7
1900070 136.7
1900080 136.1
1900090 135.6
1900100 135.6
1900110 135.0
1900120 134.6
1900130 134.6
1900140 134.2
1900150 133.7
1900160 133.7
1900170 133.3
1900180 133.0
1900190 133.0
1900200 132.7
1900210 132.3
1900220 132.3
1900230 132.0
1900240 131.6
1900250 131.6
1900260 131.5
1900270 131.1
1900280 131.1
1900290 130.8
1900300 130.6
1900310 130.6
1900320 130.4
1900330 130.2
1900340 130.2
1900350 130.0
1900360 129.8
1900370 129.6
1900380 129.6
1900390 129.6
1900400 129.5
1900410 129.5
1900420 129.3
1900430 129.2
1900440 129.2
1900450 129.1
1900460 129.1
1900470 129.1
1900480 129.0
1900490 128.9
1900500 128.9
1900510 128.8
1900520 128.8
1900530 128.8
1900540 128.7
1900550 128.6
1900560 128.6
1900570 128.7
1900580 128.6
1900590 128.6
1900600 128.7
1900610 128.8
1900620 128.8
1900630 128.6
1900640 128.5
1900650 128.5
1900660 128.6
1900670 128.6
1900680 128.6
1900690 128.6
1900700 128.6
1900710 128.7
1900720 128.7
1900730 128.7
1900740 128.7
1900750 128.7
1900760 128.8
1900770 128.8
1900780 129.1
1900790 129.0
1900800 129.0
1900810 128.9
1900820 128.9
1900830 128.9
1900840 128.9
1900850 129.0
1900860 129.0
1900870 129.0
1900880 128.9
1900890 128.9
1900900 128.9
1900910 128.9
1900920 128.9
1900930 128.9
1900940 128.7
1900950 128.7
1900960 128.7
1900970 128.8
1900980 128.8
1900990 129.0
1901000 129.0
1901010 129.0
1901020 129.1
1901030 129.1
1901040 129.1
1901050 129.1
1901060 129.1
1901070 129.1
1901080 129.1
1901090 129.1
1901100 129.1
1901110 129.0
1901120 129.0
1901130 129.0
1901140 129.0
1901150 129.0
1901160 129.0
1901170 129.0
1901180 129.0
1901190 129.0
1901200 129.0
1901210 128.9
1901220 128.9
1901230 128.9
1901240 128.9
1901250 128.9
1901260 128.9
1901270 128.9
1901280 128.9
1901290 128.9
1901300 128.9
1901310 128.8
1901320 128.8
1901330 128.7
1901340 128.7
1901350 128.7
1901360 128.7
1901370 128.7
1901380 128.7
1901390 128.6
1901400 128.5
1901410 128.5
1901420 128.5
1901430 128.4
1901440 128.4
1901450 128.4
1901460 128.5
1901470 128.5
1901480 128.6
1901490 128.6
1901500 128.6
1901510 128.7
1901520 128.7
1901530 128.7
1901540 128.7
1901550 128.9
1901560 128.9
1901570 129.0
1901580 128.9
1901590 128.9
1901600 128.8
1901610 128.9
1901620 128.9
1901630 128.9
1901640 128.8
1901650 128.8
1901660 128.9
1901670 128.8
1901680 128.8
1901690 128.8
1901700 128.7
1901710 128.7
1901720 128.7
1901730 128.6
1901740 128.6
1901750 128.4
1901760 128.4
1901770 128.4
1901780 128.3
1901790 128.3
1901800 128.3
1901810 128.3
1901820 128.3
1901830 128.3
1901840 128.3
1901850 128.4
1901860 128.4
1901870 128.5
1901880 128.6
1901890 128.6
1901900 128.7
1901910 128.8
1901920 128.8
1901930 128.8
1901940 128.9
1901950 128.9
1901960 128.9
1901970 129.0
1901980 129.0
1901990 129.0
1902000 129.1
1902010 129.1
1902020 129.1
1902030 129.1
1902040 129.1
1902050 129.1
1902060 129.1
1902070 129.1
1902080 129.1
1902090 129.1
1902100 129.1
1902110 129.1
1902120 129.1
1902130 129.1
1902140 129.1
1902150 129.1
1902160 129.1
1902170 129.1
1902180 129.0
1902190 129.0
1902200 129.0
1902210 129.0
1902220 129.0
1902230 129.0
1902240 128.9
1902250 128.9
1902260 128.9
1902270 128.9
1902280 128.9
1902290 128.9
1902300 128.9
1902310 128.8
1902320 128.8
1902330 128.7
1902340 128.7
1902350 128.7
1902360 128.7
1902370 128.6
1902380 128.6
1902390 128.6
1902400 128.6
1902410 128.6
1902420 128.6
1902430 128.6
1902440 128.6
1902450 128.6
1902460 128.6
1902470 128.6
1902480 128.6
1902490 128.7
1902500 128.7
1902510 128.7
1902520 128.5
1902530 128.5
1902540 128.6
1902550 128.6
1902560 128.6
1902570 128.7
1902580 128.6
1902590 128.6
1902600 128.6
1902610 128.6
1902620 128.6
1902630 128.7
1902640 128.6
1902650 128.6
1902660 128.5
1902670 128.6
1902680 128.6
1902690 128.6
1902700 128.6
1902710 128.6
1902720 128.6
1902730 128.6
1902740 128.6
1902750 128.6
1902760 128.6
1902770 128.6
1902780 128.7
1902790 128.8
1902800 128.8
1902810 128.8
1902820 128.9
1902830 128.9
1902840 128.9
1902850 128.9
1902860 128.9
1902870 129.0
1902880 129.0
1902890 129.0
1902900 129.0
1902910 129.0
1902920 129.0
1902930 129.0
1902940 129.0
1902950 129.0
1902960 129.0
1902970 128.7
1902980 128.7
1902990 131.3
1903000 133.2
1903010 133.2
1903020 131.3
1903030 128.2
1903040 128.2
1903050 128.9
1903060 128.8
1903070 128.8
1903080 128.8
1903090 128.8
1903100 128.8
1903110 129.0
1903120 129.2
1903130 130.0
1903140 130.0
1903150 130.1
1903160 129.0
1903170 129.0
1903180 128.4
1903190 128.3
1903200 128.3
1903210 128.5
1903220 128.6
1903230 128.6
1903240 128.5
1903250 128.4
1903260 128.4
1903270 128.4
1903280 128.9
1903290 128.9
1903300 131.2
1903310 130.9
1903320 130.9
1903330 128.8
1903340 128.2
1903350 128.2
1903360 127.8
1903370 127.9
1903380 127.9
1903390 128.1
1903400 128.0
1903410 128.0
1903420 127.9
1903430 127.7
1903440 127.7
1903450 127.8
1903460 127.6
1903470 127.6
1903480 127.3
1903490 127.7
1903500 127.7
1903510 127.7
1903520 127.8
1903530 127.8
1903540 128.0
1903550 128.1
1903560 128.1
1903570 128.1
1903580 128.1
1903590 128.1
1903600 128.3
1903610 128.4
1903620 128.4
1903630 128.8
1903640 129.0
1903650 129.0
1903660 129.0
1903670 128.9
1903680 128.9
1903690 129.0
1903700 129.1
1903710 129.1
1903720 129.2
1903730 129.1
1903740 129.1
1903750 129.0
1903760 128.8
1903770 128.8
1903780 128.5
1903790 128.2
1903800 128.1
1903810 128.1
1903820 128.2
1903830 128.2
1903840 128.2
1903850 128.3
1903860 128.3
1903870 128.3
1903880 128.3
1903890 128.3
1903900 128.3
1903910 128.3
1903920 128.3
1903930 128.3
1903940 128.3
1903950 128.3
1903960 128.2
1903970 128.2
1903980 128.2
1903990 128.2
1904000 128.2
1904010 128.2
1904020 128.1
1904030 128.1
1904040 128.0
1904050 128.0
1904060 128.0
1904070 128.0
1904080 128.0
1904090 128.3
1904100 128.0
1904110 128.1
1904120 128.0
1904130 128.0
1904140 128.0
1904150 128.0
1904160 128.1
1904170 128.1
1904180 128.1
1904190 128.0
1904200 128.0
1904210 128.0
1904220 128.0
1904230 128.0
1904240 127.9
1904250 127.9
1904260 127.9
1904270 127.9
1904280 128.0
1904290 128.0
1904300 128.1
1904310 128.5
1904320 128.5
1904330 128.8
1904340 128.8
1904350 128.8
1904360 128.5
1904370 128.2
1904380 128.2
1904390 128.1
1904400 128.1
1904410 127.9
1904420 127.9
1904430 127.9
1904440 127.9
1904450 127.9
1904460 128.0
1904470 128.0
1904480 128.0
1904490 128.0
1904500 128.0
1904510 128.1
1904520 128.1
1904530 128.1
1904540 128.1
1904550 128.1
1904560 128.1
1904570 128.1
1904580 128.1
1904590 128.1
1904600 128.1
1904610 128.1
1904620 128.1
1904630 128.1
1904640 128.1
1904650 128.1
1904660 128.1
1904670 128.1
1904680 128.1
1904690 128.0
1904700 128.0
1904710 128.0
1904720 127.9
1904730 127.9
1904740 127.9
1904750 127.9
1904760 127.9
1904770 127.9
1904780 127.8
1904790 127.8
1904800 127.8
1904810 127.7
1904820 127.7
1904830 127.7
1904840 127.7
1904850 127.8
1904860 127.8
1904870 127.8
1904880 127.8
1904890 127.8
1904900 127.9
1904910 128.0
1904920 128.0
1904930 128.1
1904940 128.1
1904950 128.1
1904960 128.1
1904970 128.0
1904980 128.0
1904990 128.0
1905000 128.0
1905010 127.9
1905020 127.9
1905030 127.8
1905040 127.7
1905050 127.7
1905060 127.6
1905070 127.6
1905080 127.6
1905090 127.6
1905100 127.1
1905110 127.1
1905120 127.0
1905130 128.2
1905140 128.2
1905150 129.2
1905160 128.4
1905170 128.4
1905180 127.2
1905190 127.4
1905200 127.4
1905210 127.8
1905220 127.8
1905230 127.8
1905240 127.6
1905250 127.5
1905260 127.5
1905270 127.5
1905280 127.6
1905290 127.6
1905300 127.6
1905310 127.5
1905320 127.5
1905330 127.5
1905340 127.5
1905350 127.5
1905360 127.5
1905370 127.6
1905380 127.6
1905390 127.6
1905400 127.6
1905410 127.6
1905420 127.6
1905430 127.6
1905440 127.6
1905450 127.6
1905460 127.5
1905470 127.5
1905480 127.6
1905490 127.6
1905500 127.6
1905510 127.5
1905520 127.4
1905530 127.4
1905540 127.4
1905550 127.4
1905560 127.4
1905570 127.4
1905580 127.4
1905590 127.4
1905600 127.4
1905610 127.5
1905620 127.5
1905630 127.6
1905640 127.7
1905650 127.7
1905660 127.8
1905670 127.8
1905680 127.8
1905690 127.8
1905700 127.8
1905710 127.8
1905720 127.8
1905730 127.8
1905740 127.8
1905750 127.8
1905760 127.9
1905770 127.9
1905780 127.9
1905790 127.8
1905800 127.8
1905810 127.8
1905820 127.7
1905830 127.7
1905840 127.5
1905850 127.4
1905860 127.4
1905870 127.3
1905880 127.4
1905890 127.5
1905900 127.5
1905910 127.4
1905920 127.4
1905930 127.4
1905940 127.4
1905950 127.4
1905960 127.4
1905970 127.4
1905980 127.5
1905990 127.5
1906000 127.5
1906010 127.4
1906020 127.4
1906030 127.4
1906040 127.3
1906050 127.3
1906060 127.3
1906070 127.3
1906080 127.3
1906090 127.3
1906100 127.3
1906110 127.3
1906120 127.3
1906130 127.2
1906140 127.2
1906150 127.3
1906160 127.2
1906170 127.2
1906180 127.2
1906190 127.1
1906200 127.1
1906210 127.1
1906220 127.1
1906230 127.1
1906240 127.1
1906250 127.0
1906260 127.0
