1900000 142.4
1900010 141.7
1900020 141.1
1900030 141.1
1900040 140.6
1900050 140.1
1900060 140.1
1900070 138.9
1900080 138.3
1900090 138.3
1900100 137.7
1900110 137.1
1900120 137.1
1900130 136.8
1900140 136.7
1900150 136.7
1900160 136.5
1900170 136.2
1900180 135.9
1900190 135.9
1900200 135.5
1900210 135.4
1900220 135.4
1900230 135.2
1900240 135.1
1900250 135.1
1900260 135.1
1900270 134.9
1900280 134.9
1900290 135.0
1900300 135.0
1900310 135.0
1900320 134.6
1900330 134.4
1900340 134.4
1900350 134.5
1900360 134.2
1900370 134.2
1900380 134.0
1900390 133.9
1900400 133.9
1900410 133.8
1900420 133.5
1900430 133.5
1900440 133.2
1900450 133.0
1900460 133.0
1900470 132.9
1900480 132.6
1900490 132.6
1900500 132.4
1900510 132.3
1900520 132.3
1900530 132.3
1900540 132.3
1900550 132.3
1900560 132.2
1900570 131.7
1900580 131.7
1900590 131.6
1900600 131.6
1900610 131.6
1900620 131.4
1900630 131.1
1900640 131.1
1900650 130.9
1900660 130.8
1900670 130.8
1900680 130.7
1900690 130.8
1900700 130.8
1900710 130.6
1900720 130.6
1900730 130.6
1900740 130.6
1900750 130.6
1900760 130.6
1900770 130.6
1900780 130.6
1900790 130.6
1900800 130.5
1900810 130.3
1900820 130.3
1900830 130.4
1900840 130.5
1900850 130.5
1900860 130.2
1900870 130.0
1900880 130.0
1900890 130.1
1900900 130.1
1900910 130.1
1900920 130.0
1900930 129.9
1900940 129.9
1900950 129.8
1900960 129.9
1900970 129.9
1900980 129.8
1900990 129.6
1901000 129.6
1901010 129.7
1901020 129.8
1901030 129.8
1901040 129.7
1901050 129.7
1901060 129.7
1901070 129.8
1901080 129.9
1901090 129.9
1901100 129.9
1901110 129.9
1901120 129.8
1901130 129.8
1901140 129.6
1901150 129.5
1901160 129.5
1901170 129.5
1901180 129.3
1901190 129.3
1901200 129.2
1901210 129.1
1901220 129.1
1901230 129.1
1901240 129.0
1901250 129.0
1901260 129.1
1901270 129.2
1901280 129.2
1901290 129.1
1901300 129.0
1901310 129.0
1901320 129.0
1901330 129.1
1901340 129.1
1901350 129.0
1901360 129.0
1901370 129.0
1901380 129.0
1901390 129.0
1901400 129.0
1901410 129.0
1901420 128.9
1901430 128.9
1901440 129.1
1901450 129.3
1901460 129.1
1901470 129.0
1901480 129.0
1901490 129.0
1901500 129.1
1901510 129.1
1901520 129.1
1901530 129.2
1901540 129.3
1901550 129.3
1901560 129.4
1901570 129.5
1901580 129.5
1901590 129.7
1901600 129.7
1901610 129.7
1901620 129.6
1901630 129.7
1901640 129.7
1901650 129.8
1901660 130.0
1901670 130.0
1901680 130.1
1901690 130.1
1901700 130.1
1901710 130.0
1901720 129.9
1901730 129.9
1901740 129.8
1901750 129.7
1901760 129.7
1901770 129.9
1901780 130.0
1901790 130.0
1901800 130.0
1901810 130.0
1901820 130.0
1901830 130.0
1901840 129.9
1901850 129.9
1901860 129.6
1901870 129.4
1901880 129.4
1901890 129.4
1901900 129.3
1901910 129.3
1901920 129.4
1901930 129.3
1901940 129.3
1901950 129.3
1901960 129.3
1901970 129.3
1901980 129.4
1901990 129.6
1902000 129.6
1902010 129.6
1902020 129.4
1902030 129.4
1902040 129.3
1902050 129.3
1902060 129.3
1902070 129.3
1902080 129.3
1902090 129.4
1902100 129.4
1902110 129.4
1902120 129.4
1902130 129.4
1902140 129.3
1902150 129.4
1902160 129.4
1902170 129.3
1902180 129.3
1902190 129.3
1902200 129.3
1902210 129.3
1902220 129.3
1902230 129.2
1902240 129.0
1902250 129.0
1902260 129.0
1902270 129.0
1902280 129.0
1902290 128.9
1902300 128.9
1902310 128.9
1902320 128.8
1902330 128.7
1902340 128.7
1902350 128.7
1902360 128.7
1902370 128.7
1902380 128.8
1902390 128.8
1902400 128.8
1902410 128.8
1902420 128.8
1902430 128.8
1902440 128.7
1902450 128.7
1902460 128.7
1902470 128.7
1902480 128.8
1902490 128.8
1902500 128.8
1902510 128.8
1902520 128.8
1902530 128.8
1902540 128.8
1902550 128.8
1902560 128.9
1902570 128.9
1902580 128.9
1902590 129.0
1902600 129.0
1902610 129.0
1902620 129.1
1902630 129.2
1902640 129.2
1902650 129.2
1902660 129.3
1902670 129.3
1902680 129.3
1902690 129.4
1902700 129.4
1902710 129.5
1902720 129.6
1902730 129.6
1902740 129.7
1902750 129.8
1902760 129.8
1902770 129.9
1902780 129.9
1902790 129.9
1902800 130.0
1902810 130.1
1902820 130.1
1902830 130.3
1902840 130.3
1902850 130.3
1902860 130.3
1902870 130.2
1902880 130.2
1902890 129.8
1902900 129.5
1902910 129.5
1902920 129.2
1902930 129.1
1902940 129.1
1902950 128.9
1902960 128.8
1902970 128.8
1902980 128.8
1902990 128.9
1903000 128.9
1903010 129.1
1903020 129.3
1903030 129.4
1903040 129.4
1903050 129.6
1903060 129.7
1903070 129.7
1903080 129.8
1903090 129.7
1903100 129.7
1903110 129.7
1903120 129.7
1903130 129.7
1903140 129.7
1903150 129.8
1903160 129.8
1903170 129.8
1903180 129.5
1903190 129.5
1903200 129.4
1903210 129.2
1903220 129.2
1903230 129.0
1903240 129.0
1903250 129.0
1903260 129.0
1903270 128.9
1903280 128.9
1903290 128.9
1903300 129.0
1903310 129.0
1903320 129.2
1903330 129.1
1903340 129.1
1903350 129.1
1903360 129.2
1903370 129.2
1903380 129.3
1903390 129.3
1903400 129.3
1903410 129.3
1903420 129.3
1903430 129.3
1903440 129.2
1903450 129.1
1903460 129.1
1903470 129.0
1903480 129.0
1903490 129.0
1903500 129.0
1903510 129.0
1903520 129.0
1903530 128.9
1903540 128.8
1903550 128.8
1903560 128.8
1903570 128.8
1903580 128.8
1903590 128.8
1903600 128.8
1903610 128.8
1903620 128.9
1903630 128.9
1903640 128.9
1903650 128.9
1903660 128.8
1903670 128.8
1903680 128.8
1903690 128.9
1903700 128.9
1903710 129.0
1903720 129.0
1903730 129.0
1903740 129.0
1903750 128.9
1903760 128.9
1903770 128.8
1903780 128.7
1903790 128.7
1903800 128.5
1903810 128.4
1903820 128.4
1903830 128.5
1903840 128.6
1903850 128.6
1903860 128.7
1903870 128.8
1903880 128.8
1903890 129.1
1903900 129.1
1903910 129.1
1903920 129.0
1903930 128.6
1903940 128.6
1903950 128.0
1903960 128.1
1903970 128.1
1903980 128.3
1903990 128.3
1904000 128.4
1904010 128.4
1904020 128.5
1904030 128.4
1904040 128.4
1904050 128.7
1904060 128.8
1904070 128.8
1904080 128.9
1904090 128.9
1904100 128.9
1904110 128.9
1904120 128.9
1904130 128.9
1904140 128.8
1904150 128.7
1904160 128.7
1904170 128.5
1904180 128.5
1904190 128.5
1904200 128.4
1904210 128.4
1904220 128.4
1904230 128.4
1904240 128.4
1904250 128.4
1904260 128.3
1904270 128.2
1904280 128.2
1904290 128.2
1904300 128.1
1904310 128.1
1904320 128.1
1904330 128.0
1904340 128.0
1904350 128.0
1904360 128.1
1904370 128.1
1904380 128.0
1904390 128.0
1904400 128.0
1904410 127.8
1904420 127.9
1904430 127.9
1904440 128.0
1904450 128.2
1904460 128.2
1904470 128.2
1904480 128.1
1904490 128.1
1904500 128.3
1904510 128.5
1904520 128.5
1904530 128.5
1904540 128.6
1904550 128.6
1904560 128.7
1904570 128.7
1904580 128.7
1904590 128.5
1904600 128.3
1904610 128.3
1904620 128.0
1904630 128.0
1904640 128.0
1904650 128.2
1904660 128.5
1904670 128.5
1904680 128.7
1904690 128.6
1904700 128.6
1904710 128.7
1904720 128.7
1904730 128.7
1904740 128.6
1904750 128.6
1904760 128.6
1904770 128.6
1904780 128.5
1904790 128.5
1904800 128.6
1904810 128.7
1904820 128.7
1904830 128.7
1904840 128.7
1904850 128.7
1904860 128.6
1904870 128.6
1904880 128.6
1904890 128.5
1904900 128.2
1904910 128.2
1904920 128.1
1904930 128.1
1904940 128.2
1904950 128.2
1904960 128.3
1904970 128.4
1904980 128.4
1904990 128.6
1905000 128.5
1905010 128.5
1905020 128.4
1905030 128.5
1905040 128.5
1905050 128.5
1905060 128.3
1905070 128.3
1905080 128.1
