1900000 137.6
1900010 136.8
1900020 136.8
1900030 136.8
1900040 136.8
1900050 136.8
1900060 136.3
1900070 135.8
1900080 135.8
1900090 135.4
1900100 135.1
1900110 135.1
1900120 134.8
1900130 134.1
1900140 134.3
1900150 132.0
1900160 131.7
1900170 131.7
1900180 132.1
1900190 132.2
1900200 132.2
1900210 132.0
1900220 132.3
1900230 132.3
1900240 132.0
1900250 131.7
1900260 131.7
1900270 131.8
1900280 131.6
1900290 131.6
1900300 131.4
1900310 131.4
1900320 131.4
1900330 131.4
1900340 131.3
1900350 131.3
1900360 131.1
1900370 131.0
1900380 131.0
1900390 130.7
1900400 130.7
1900410 130.7
1900420 130.8
1900430 130.6
1900440 130.6
1900450 130.5
1900460 130.6
1900470 130.6
1900480 130.6
1900490 130.5
1900500 130.4
1900510 130.4
1900520 130.3
1900530 130.3
1900540 130.3
1900550 130.4
1900560 130.3
1900570 130.3
1900580 130.3
1900590 130.4
1900600 130.4
1900610 130.6
1900620 130.7
1900630 130.7
1900640 130.7
1900650 130.7
1900660 130.7
1900670 130.8
1900680 130.8
1900690 130.8
1900700 130.9
1900710 131.0
1900720 131.0
1900730 130.8
1900740 130.7
1900750 130.7
1900760 130.7
1900770 130.5
1900780 130.5
1900790 130.4
1900800 130.6
1900810 130.6
1900820 130.4
1900830 130.3
1900840 130.3
1900850 130.2
1900860 130.1
1900870 130.1
1900880 130.0
1900890 129.9
1900900 129.9
1900910 130.0
1900920 130.2
1900930 130.2
1900940 130.3
1900950 130.2
1900960 130.2
1900970 130.1
1900980 130.1
1900990 130.1
1901000 130.0
1901010 130.0
1901020 130.0
1901030 130.0
1901040 130.1
1901050 130.1
1901060 129.8
1901070 130.0
1901080 130.0
1901090 130.1
1901100 130.0
1901110 130.0
1901120 130.2
1901130 130.1
1901140 130.1
1901150 130.1
1901160 130.1
1901170 130.1
1901180 130.2
1901190 130.1
1901200 130.1
1901210 130.2
1901220 130.2
1901230 130.2
1901240 130.1
1901250 129.9
1901260 129.9
1901270 129.9
1901280 130.0
1901290 130.0
1901300 130.2
1901310 130.1
1901320 130.1
1901330 130.1
1901340 130.1
1901350 130.1
1901360 130.0
1901370 129.9
1901380 129.8
1901390 129.8
1901400 129.6
1901410 129.4
1901420 129.4
1901430 129.3
1901440 129.3
1901450 129.3
1901460 129.8
1901470 129.5
1901480 129.5
1901490 129.5
1901500 129.8
1901510 129.8
1901520 129.3
1901530 129.2
1901540 129.2
1901550 129.5
1901560 129.2
1901570 129.2
1901580 129.1
1901590 129.2
1901600 129.2
1901610 129.3
1901620 129.4
1901630 129.4
1901640 129.4
1901650 129.2
1901660 129.2
1901670 129.1
1901680 129.3
1901690 129.2
1901700 129.2
1901710 129.3
1901720 129.3
1901730 129.3
1901740 129.2
1901750 129.2
1901760 129.2
1901770 129.2
1901780 129.2
1901790 129.3
1901800 129.4
1901810 129.4
1901820 129.2
1901830 129.3
1901840 129.3
1901850 129.6
1901860 130.0
1901870 130.0
1901880 130.0
1901890 130.1
1901900 130.1
1901910 130.2
1901920 130.2
1901930 130.2
1901940 130.2
1901950 130.1
1901960 130.1
1901970 130.1
1901980 130.0
1901990 130.0
1902000 129.8
1902010 129.7
1902020 129.7
1902030 129.8
1902040 129.6
1902050 129.6
1902060 129.5
1902070 129.4
1902080 129.4
1902090 129.4
1902100 129.2
1902110 129.2
1902120 129.2
1902130 129.3
1902140 129.3
1902150 129.2
1902160 129.3
1902170 129.3
1902180 129.2
1902190 129.2
1902200 129.2
1902210 129.2
1902220 129.1
1902230 129.1
1902240 129.1
1902250 129.0
1902260 129.0
1902270 129.1
1902280 129.0
1902290 129.0
1902300 129.0
1902310 129.0
1902320 128.9
1902330 128.9
1902340 128.9
1902350 128.9
1902360 128.9
1902370 128.9
1902380 128.8
1902390 128.8
1902400 128.8
1902410 128.8
1902420 128.8
1902430 128.8
1902440 128.7
1902450 128.7
1902460 128.7
1902470 128.7
1902480 128.7
1902490 128.7
1902500 128.7
1902510 128.7
1902520 128.7
1902530 128.7
1902540 128.7
1902550 128.7
1902560 128.7
1902570 128.7
1902580 128.7
1902590 128.7
1902600 128.7
1902610 128.7
1902620 128.7
1902630 128.7
1902640 128.8
1902650 128.8
1902660 128.8
1902670 128.9
1902680 128.9
1902690 128.9
1902700 129.1
1902710 129.0
1902720 129.0
1902730 128.8
1902740 128.8
1902750 128.8
1902760 128.8
1902770 128.8
1902780 128.8
1902790 128.8
1902800 128.7
1902810 128.7
1902820 128.6
1902830 128.5
1902840 128.5
1902850 128.5
1902860 128.4
1902870 128.4
1902880 128.4
1902890 128.4
1902900 128.4
1902910 128.5
1902920 128.7
1902930 128.7
1902940 128.8
1902950 128.9
1902960 128.9
1902970 128.9
1902980 128.9
1902990 128.9
1903000 128.9
1903010 129.0
1903020 129.0
1903030 129.0
1903040 128.9
1903050 128.9
1903060 128.8
1903070 128.8
1903080 128.8
1903090 128.7
1903100 128.7
1903110 128.7
1903120 128.6
1903130 128.6
1903140 128.6
1903150 128.6
1903160 128.6
1903170 128.6
1903180 128.6
1903190 128.7
1903200 128.7
1903210 128.7
1903220 128.7
1903230 128.8
1903240 128.8
1903250 128.8
1903260 128.7
1903270 128.7
1903280 128.7
1903290 128.7
1903300 128.7
1903310 128.7
1903320 128.7
1903330 128.7
1903340 128.6
1903350 128.5
1903360 128.5
1903370 128.5
1903380 128.4
1903390 128.4
1903400 128.3
1903410 128.2
1903420 128.2
1903430 128.2
1903440 128.2
1903450 128.2
1903460 128.4
1903470 128.6
1903480 128.6
1903490 128.8
1903500 128.6
1903510 128.6
1903520 129.0
1903530 129.7
1903540 129.4
1903550 128.7
1903560 128.9
1903570 128.9
1903580 128.9
1903590 128.8
1903600 128.8
1903610 128.7
1903620 128.6
1903630 128.6
1903640 128.5
1903650 128.5
1903660 128.5
1903670 128.5
1903680 128.6
1903690 128.6
1903700 128.6
1903710 128.5
1903720 128.5
1903730 128.5
1903740 128.5
1903750 128.5
1903760 128.4
1903770 128.4
1903780 128.4
1903790 128.3
1903800 128.3
1903810 128.3
1903820 128.3
1903830 128.3
1903840 128.3
1903850 128.2
1903860 128.2
1903870 128.2
1903880 128.2
1903890 128.2
1903900 128.2
1903910 128.3
1903920 128.2
1903930 128.2
1903940 128.2
1903950 128.3
1903960 128.3
1903970 128.5
1903980 128.6
1903990 128.6
1904000 128.8
1904010 128.9
1904020 128.9
1904030 129.0
1904040 129.0
1904050 129.0
1904060 128.9
1904070 128.9
1904080 128.9
1904090 128.8
1904100 128.8
1904110 128.8
1904120 128.8
1904130 128.8
1904140 128.8
1904150 128.8
1904160 128.8
1904170 128.8
1904180 128.7
1904190 128.7
1904200 128.7
1904210 128.6
1904220 128.5
1904230 128.5
1904240 128.5
1904250 128.4
1904260 128.4
1904270 128.4
1904280 128.3
1904290 128.3
1904300 128.3
1904310 128.2
1904320 128.1
1904330 128.1
1904340 128.1
1904350 128.2
1904360 128.2
1904370 128.2
1904380 128.3
1904390 128.3
1904400 128.4
1904410 128.4
1904420 128.4
1904430 128.5
1904440 128.5
1904450 128.5
1904460 128.4
1904470 128.4
1904480 128.4
1904490 128.3
1904500 128.2
1904510 128.2
1904520 128.2
1904530 128.2
1904540 128.2
1904550 128.1
1904560 128.1
1904570 128.1
1904580 128.0
1904590 128.1
1904600 128.1
1904610 128.1
1904620 128.1
1904630 128.1
1904640 128.1
1904650 128.0
1904660 128.0
1904670 128.1
1904680 128.2
1904690 128.2
1904700 128.2
1904710 128.2
1904720 128.2
1904730 128.2
1904740 128.3
1904750 128.3
1904760 128.3
1904770 128.3
1904780 128.3
1904790 128.3
1904800 128.3
1904810 128.3
1904820 128.3
1904830 128.4
1904840 128.4
1904850 128.4
1904860 128.3
1904870 128.3
1904880 128.2
1904890 128.1
1904900 128.1
1904910 128.1
1904920 128.1
1904930 128.1
1904940 128.1
1904950 128.2
1904960 128.2
1904970 128.2
1904980 128.3
1904990 128.3
1905000 128.3
1905010 128.3
1905020 128.3
1905030 128.2
1905040 128.2
1905050 128.2
1905060 128.2
1905070 128.2
1905080 128.4
1905090 128.3
1905100 128.3
1905110 128.3
1905120 128.2
1905130 128.3
1905140 128.3
1905150 128.3
1905160 128.2
1905170 128.1
1905180 128.1
1905190 128.1
1905200 128.1
1905210 128.1
1905220 128.2
1905230 128.3
1905240 128.3
1905250 128.3
1905260 128.4
1905270 128.4
