1900000 143.2
1900010 143.2
1900020 143.5
1900030 142.2
1900040 142.2
1900050 141.4
1900060 141.2
1900070 141.2
1900080 140.9
1900090 140.4
1900100 140.4
1900110 140.0
1900120 139.6
1900130 139.6
1900140 139.2
1900150 138.6
1900160 138.6
1900170 138.1
1900180 137.9
1900190 137.9
1900200 137.8
1900210 137.6
1900220 137.6
1900230 137.3
1900240 137.1
1900250 137.1
1900260 136.8
1900270 136.6
1900280 136.3
1900290 136.3
1900300 135.9
1900310 135.3
1900320 135.3
1900330 134.7
1900340 133.8
1900350 133.8
1900360 133.8
1900370 133.7
1900380 133.7
1900390 133.4
1900400 132.9
1900410 132.9
1900420 132.9
1900430 132.8
1900440 132.8
1900450 132.6
1900460 132.2
1900470 132.2
1900480 132.2
1900490 132.1
1900500 132.1
1900510 132.0
1900520 131.9
1900530 131.9
1900540 131.9
1900550 131.9
1900560 131.9
1900570 131.7
1900580 131.5
1900590 131.5
1900600 131.5
1900610 131.4
1900620 131.3
1900630 131.3
1900640 130.6
1900650 130.6
1900660 130.0
1900670 129.7
1900680 129.7
1900690 129.6
1900700 129.6
1900710 129.6
1900720 129.4
1900730 129.2
1900740 129.2
1900750 129.1
1900760 129.1
1900770 129.1
1900780 129.1
1900790 129.3
1900800 129.3
1900810 129.6
1900820 129.7
1900830 129.7
1900840 129.6
1900850 129.6
1900860 129.6
1900870 129.8
1900880 129.7
1900890 129.7
1900900 129.6
1900910 129.5
1900920 129.5
1900930 129.4
1900940 129.4
1900950 129.4
1900960 129.3
1900970 129.4
1900980 129.4
1900990 129.3
1901000 129.2
1901010 129.2
1901020 129.3
1901030 129.3
1901040 129.3
1901050 129.3
1901060 129.4
1901070 129.4
1901080 129.4
1901090 129.4
1901100 129.4
1901110 129.4
1901120 129.4
1901130 129.4
1901140 129.4
1901150 129.3
1901160 129.3
1901170 129.3
1901180 129.2
1901190 129.2
1901200 129.2
1901210 129.2
1901220 129.2
1901230 129.2
1901240 129.2
1901250 129.3
1901260 129.3
1901270 129.2
1901280 129.3
1901290 129.3
1901300 129.3
1901310 129.2
1901320 129.2
1901330 129.3
1901340 129.3
1901350 129.3
1901360 129.3
1901370 129.4
1901380 129.4
1901390 129.4
1901400 129.5
1901410 129.5
1901420 129.6
1901430 129.7
1901440 129.7
1901450 129.8
1901460 129.7
1901470 129.7
1901480 129.6
1901490 129.7
1901500 129.7
1901510 129.8
1901520 129.9
1901530 129.9
1901540 130.2
1901550 130.3
1901560 130.3
1901570 130.3
1901580 130.2
1901590 130.2
1901600 130.1
1901610 130.1
1901620 130.1
1901630 130.1
1901640 130.0
1901650 130.0
1901660 129.9
1901670 129.9
1901680 129.9
1901690 130.0
1901700 130.0
1901710 130.0
1901720 130.0
1901730 130.0
1901740 130.0
1901750 130.0
1901760 129.8
1901770 129.8
1901780 129.7
1901790 129.7
1901800 129.7
1901810 130.0
1901820 130.0
1901830 130.0
1901840 130.0
1901850 130.1
1901860 130.1
1901870 130.0
1901880 129.8
1901890 129.8
1901900 129.9
1901910 129.7
1901920 129.7
1901930 129.6
1901940 129.6
1901950 129.6
1901960 129.5
1901970 129.5
1901980 129.5
1901990 129.5
1902000 129.5
1902010 129.5
1902020 129.4
1902030 129.4
1902040 129.4
1902050 129.4
1902060 129.3
1902070 129.3
1902080 129.4
1902090 129.3
1902100 129.3
1902110 129.3
1902120 129.2
1902130 129.2
1902140 129.2
1902150 129.3
1902160 129.3
1902170 129.2
1902180 129.2
1902190 129.2
1902200 129.2
1902210 129.1
1902220 129.1
1902230 129.1
1902240 129.1
1902250 129.1
1902260 129.1
1902270 129.1
1902280 129.1
1902290 129.1
1902300 129.2
1902310 129.2
1902320 129.2
1902330 129.1
1902340 129.1
1902350 129.1
1902360 129.1
1902370 129.1
1902380 129.1
1902390 129.2
1902400 129.1
1902410 129.1
1902420 129.1
1902430 129.2
1902440 129.2
1902450 129.2
1902460 129.3
1902470 129.3
1902480 129.6
1902490 129.8
1902500 129.8
1902510 130.2
1902520 130.4
1902530 130.4
1902540 130.3
1902550 130.4
1902560 130.4
1902570 130.3
1902580 130.2
1902590 130.2
1902600 130.2
1902610 130.1
1902620 130.1
1902630 130.1
1902640 130.1
1902650 130.1
1902660 130.1
1902670 130.1
1902680 130.1
1902690 129.9
1902700 129.6
1902710 129.6
1902720 129.3
1902730 129.0
1902740 129.0
1902750 128.8
1902760 128.8
1902770 128.8
1902780 128.7
1902790 128.7
1902800 128.7
1902810 128.7
1902820 128.7
1902830 128.7
1902840 128.7
1902850 128.8
1902860 128.8
1902870 128.8
1902880 129.1
1902890 129.1
1902900 129.4
1902910 129.6
1902920 129.6
1902930 129.7
1902940 129.8
1902950 129.8
1902960 129.8
1902970 129.8
1902980 129.8
1902990 129.9
1903000 130.0
1903010 130.0
1903020 129.9
1903030 130.0
1903040 130.0
1903050 130.1
1903060 130.3
1903070 130.3
1903080 130.2
1903090 129.8
1903100 128.6
1903110 128.6
1903120 128.6
1903130 128.6
1903140 128.6
1903150 128.6
1903160 128.5
1903170 128.5
1903180 128.3
1903190 128.3
1903200 128.3
1903210 128.4
1903220 128.4
1903230 128.4
1903240 128.5
1903250 128.6
1903260 128.6
1903270 128.6
1903280 128.6
1903290 128.6
1903300 128.6
1903310 128.6
1903320 128.6
1903330 128.5
1903340 128.5
1903350 128.5
1903360 128.6
1903370 128.6
1903380 128.6
1903390 128.6
1903400 128.6
1903410 128.6
1903420 128.6
1903430 128.7
1903440 128.7
1903450 128.4
1903460 128.6
1903470 128.6
1903480 128.8
1903490 128.6
1903500 128.6
1903510 128.5
1903520 128.5
1903530 128.5
1903540 128.5
1903550 128.6
1903560 128.6
1903570 128.7
1903580 128.8
1903590 128.8
1903600 129.0
1903610 129.1
1903620 129.1
1903630 129.2
1903640 129.2
1903650 129.2
1903660 129.0
1903670 129.0
1903680 129.0
1903690 128.9
1903700 128.9
1903710 128.9
1903720 128.9
1903730 129.0
1903740 129.0
1903750 129.0
1903760 128.9
1903770 128.9
1903780 128.9
1903790 128.8
1903800 128.8
1903810 128.8
1903820 128.7
1903830 128.7
1903840 128.7
1903850 128.6
1903860 128.6
1903870 128.7
1903880 128.7
1903890 128.7
1903900 128.7
1903910 128.7
1903920 128.7
1903930 128.6
1903940 128.6
1903950 128.6
1903960 128.7
1903970 128.6
1903980 128.6
1903990 128.6
1904000 128.6
1904010 128.6
1904020 128.5
1904030 128.6
1904040 128.6
1904050 128.7
1904060 128.6
1904070 128.6
1904080 128.5
1904090 128.6
1904100 128.6
1904110 128.6
1904120 128.6
1904130 128.7
1904140 128.7
1904150 128.6
1904160 128.6
1904170 128.6
1904180 128.8
1904190 128.6
1904200 128.6
1904210 128.6
1904220 128.7
1904230 128.7
1904240 128.6
1904250 128.5
1904260 128.5
1904270 128.4
1904280 128.2
1904290 128.2
1904300 128.4
1904310 128.4
1904320 128.4
1904330 128.6
1904340 128.7
1904350 128.7
1904360 128.7
1904370 128.6
1904380 128.6
1904390 128.5
1904400 128.5
1904410 128.5
1904420 128.5
1904430 128.5
1904440 128.5
1904450 128.5
1904460 128.4
1904470 128.4
1904480 128.4
1904490 128.6
1904500 128.6
1904510 128.5
1904520 128.5
1904530 128.5
1904540 128.4
1904550 128.4
1904560 128.4
1904570 128.5
1904580 128.5
1904590 128.5
1904600 128.5
1904610 128.3
1904620 128.3
1904630 128.2
1904640 128.2
1904650 128.2
1904660 128.4
1904670 128.5
1904680 128.5
1904690 128.8
1904700 128.8
1904710 128.8
1904720 128.5
1904730 128.1
1904740 128.1
1904750 127.9
1904760 128.1
1904770 128.1
1904780 128.4
1904790 128.6
1904800 128.6
1904810 128.7
1904820 128.6
1904830 128.6
1904840 128.6
1904850 128.6
1904860 128.6
1904870 128.4
1904880 128.1
1904890 128.1
1904900 127.8
1904910 127.9
1904920 127.9
1904930 128.2
1904940 128.4
1904950 128.4
1904960 128.4
1904970 128.4
1904980 128.4
1904990 128.3
1905000 128.2
1905010 128.2
1905020 128.2
1905030 128.2
1905040 128.2
1905050 128.2
1905060 128.3
1905070 128.3
1905080 128.2
1905090 128.0
1905100 127.9
1905110 127.9
1905120 128.0
1905130 128.2
1905140 128.2
1905150 128.3
1905160 128.3
1905170 128.3
1905180 128.2
1905190 128.1
1905200 128.1
