1900000 138.7
1900010 138.7
1900020 138.1
1900030 137.6
1900040 137.6
1900050 136.9
1900060 136.3
1900070 135.9
1900080 135.9
1900090 135.4
1900100 134.9
1900110 134.9
1900120 134.3
1900130 133.8
1900140 133.8
1900150 133.3
1900160 132.9
1900170 132.9
1900180 132.5
1900190 132.2
1900200 132.2
1900210 132.0
1900220 131.7
1900230 131.7
1900240 131.5
1900250 131.4
1900260 131.4
1900270 131.3
1900280 131.3
1900290 131.3
1900300 131.4
1900310 131.2
1900320 131.2
1900330 131.0
1900340 130.8
1900350 130.8
1900360 130.6
1900370 130.4
1900380 130.4
1900390 130.2
1900400 130.1
1900410 130.1
1900420 129.9
1900430 129.9
1900440 129.9
1900450 129.9
1900460 130.0
1900470 130.0
1900480 130.1
1900490 130.0
1900500 130.0
1900510 129.8
1900520 129.8
1900530 129.8
1900540 129.8
1900550 129.9
1900560 129.9
1900570 130.0
1900580 129.9
1900590 129.9
1900600 129.8
1900610 129.9
1900620 129.9
1900630 129.9
1900640 129.9
1900650 129.9
1900660 130.1
1900670 130.0
1900680 130.0
1900690 130.3
1900700 130.4
1900710 130.4
1900720 130.5
1900730 130.5
1900740 130.5
1900750 130.5
1900760 130.5
1900770 130.5
1900780 130.4
1900790 130.4
1900800 130.4
1900810 130.3
1900820 130.4
1900830 130.4
1900840 130.3
1900850 130.3
1900860 130.3
1900870 130.2
1900880 130.1
1900890 130.1
1900900 130.1
1900910 130.0
1900920 130.0
1900930 129.7
1900940 129.7
1900950 129.7
1900960 129.6
1900970 129.6
1900980 129.7
1900990 129.7
1901000 129.6
1901010 129.7
1901020 129.7
1901030 129.7
1901040 129.6
1901050 129.6
1901060 129.6
1901070 129.6
1901080 129.6
1901090 129.5
1901100 129.4
1901110 129.4
1901120 129.4
1901130 129.3
1901140 129.3
1901150 129.3
1901160 129.3
1901170 129.3
1901180 129.3
1901190 129.3
1901200 129.3
1901210 129.3
1901220 129.3
1901230 129.3
1901240 129.3
1901250 129.3
1901260 129.3
1901270 129.4
1901280 129.4
1901290 129.5
1901300 129.5
1901310 129.6
1901320 129.6
1901330 129.7
1901340 129.7
1901350 129.7
1901360 129.8
1901370 129.9
1901380 129.9
1901390 129.9
1901400 130.0
1901410 130.0
1901420 130.0
1901430 130.0
1901440 130.0
1901450 130.0
1901460 130.1
1901470 130.1
1901480 129.9
1901490 129.8
1901500 129.8
1901510 129.8
1901520 129.6
1901530 129.6
1901540 129.3
1901550 129.1
1901560 129.1
1901570 128.9
1901580 128.7
1901590 128.7
1901600 128.6
1901610 128.5
1901620 128.5
1901630 128.5
1901640 128.5
1901650 128.5
1901660 128.5
1901670 128.5
1901680 128.5
1901690 128.5
1901700 128.4
1901710 128.4
1901720 128.4
1901730 128.4
1901740 128.4
1901750 128.3
1901760 128.3
1901770 128.3
1901780 128.3
1901790 128.3
1901800 128.3
1901810 128.4
1901820 128.4
1901830 128.4
1901840 128.4
1901850 128.5
1901860 128.5
1901870 128.6
1901880 128.6
1901890 128.6
1901900 128.9
1901910 129.2
1901920 129.5
1901930 129.5
1901940 129.8
1901950 129.9
1901960 129.9
1901970 129.9
1901980 129.9
1901990 129.9
1902000 129.9
1902010 129.9
1902020 129.9
1902030 129.9
1902040 129.9
1902050 129.9
1902060 129.9
1902070 129.9
1902080 129.9
1902090 129.9
1902100 130.0
1902110 130.0
1902120 130.0
1902130 130.0
1902140 130.0
1902150 130.1
1902160 130.1
1902170 130.1
1902180 130.1
1902190 130.1
1902200 130.1
1902210 129.7
1902220 129.5
1902230 129.5
1902240 129.3
1902250 129.1
1902260 129.1
1902270 129.1
1902280 129.1
1902290 129.1
1902300 129.3
1902310 129.7
1902320 129.7
1902330 130.1
1902340 130.2
1902350 130.2
1902360 130.0
1902370 129.8
1902380 129.8
1902390 129.6
1902400 129.4
1902410 129.4
1902420 129.3
1902430 129.3
1902440 129.3
1902450 129.3
1902460 129.2
1902470 129.2
1902480 129.1
1902490 129.1
1902500 129.1
1902510 129.0
1902520 128.9
1902530 128.9
1902540 128.8
1902550 128.8
1902560 128.8
1902570 128.8
1902580 128.8
1902590 128.8
1902600 128.8
1902610 128.8
1902620 128.8
1902630 128.8
1902640 128.6
1902650 128.6
1902660 128.6
1902670 128.6
1902680 128.6
1902690 128.5
1902700 128.4
1902710 128.4
1902720 128.4
1902730 128.4
1902740 128.4
1902750 128.4
1902760 128.4
1902770 128.4
1902780 128.4
1902790 128.4
1902800 128.4
1902810 128.4
1902820 128.4
1902830 128.4
1902840 128.5
1902850 128.5
1902860 128.5
1902870 128.5
1902880 128.5
1902890 128.5
1902900 128.5
1902910 128.5
1902920 128.5
1902930 128.5
1902940 128.5
1902950 128.5
1902960 128.5
1902970 128.6
1902980 128.6
1902990 128.6
1903000 128.6
1903010 128.6
1903020 128.6
1903030 128.7
1903040 128.7
1903050 128.7
1903060 128.8
1903070 128.8
1903080 128.8
1903090 128.7
1903100 128.7
1903110 128.7
1903120 128.7
1903130 128.6
1903140 128.6
1903150 128.6
1903160 128.5
1903170 128.5
1903180 128.5
1903190 128.4
1903200 128.4
1903210 128.4
1903220 128.3
1903230 128.3
1903240 128.3
1903250 128.3
1903260 128.3
1903270 128.2
1903280 128.2
1903290 128.2
1903300 128.3
1903310 128.3
1903320 128.3
1903330 128.3
1903340 128.4
1903350 128.4
1903360 128.4
1903370 128.5
1903380 128.5
1903390 128.6
1903400 128.6
1903410 128.6
1903420 128.6
1903430 128.5
1903440 128.5
1903450 128.5
1903460 128.4
1903470 128.4
1903480 128.3
1903490 128.3
1903500 128.3
1903510 128.4
1903520 128.4
1903530 128.4
1903540 128.4
1903550 128.3
1903560 128.3
1903570 128.4
1903580 128.4
1903590 128.4
1903600 128.4
1903610 128.4
1903620 128.4
1903630 128.5
1903640 128.5
1903650 128.5
1903660 128.5
1903670 128.5
1903680 128.5
1903690 128.5
1903700 128.5
1903710 128.5
1903720 128.5
1903730 128.5
1903740 128.5
1903750 128.4
1903760 128.3
1903770 128.3
1903780 128.2
1903790 128.2
1903800 128.3
1903810 128.3
1903820 128.3
1903830 127.5
1903840 127.5
1903850 127.3
1903860 128.9
1903870 128.9
1903880 129.7
1903890 128.7
1903900 128.7
1903910 127.7
1903920 127.4
1903930 127.4
1903940 128.1
1903950 128.1
1903960 128.1
1903970 128.2
1903980 128.2
1903990 128.2
1904000 128.0
1904010 128.0
1904020 128.0
1904030 128.0
1904040 128.1
1904050 128.1
1904060 128.2
1904070 128.1
1904080 128.1
1904090 128.2
1904100 128.2
1904110 128.2
1904120 128.2
1904130 128.2
1904140 128.2
1904150 128.2
1904160 128.2
1904170 128.2
1904180 128.2
1904190 128.3
1904200 128.3
1904210 128.3
1904220 128.3
1904230 128.3
1904240 128.3
1904250 128.3
1904260 128.3
1904270 128.3
1904280 128.2
1904290 128.2
1904300 128.1
1904310 128.1
1904320 128.1
1904330 128.1
1904340 128.1
1904350 128.1
1904360 128.2
1904370 128.2
1904380 128.2
1904390 128.2
1904400 128.2
1904410 128.2
1904420 128.3
1904430 128.4
1904440 128.4
1904450 128.4
1904460 128.3
1904470 128.3
1904480 128.3
1904490 128.3
1904500 128.3
1904510 128.3
1904520 128.4
1904530 128.4
1904540 128.3
1904550 128.3
1904560 128.3
1904570 128.3
1904580 128.3
1904590 128.3
1904600 128.3
1904610 128.4
1904620 128.4
1904630 128.4
1904640 128.3
1904650 128.3
1904660 128.3
1904670 128.3
1904680 128.3
1904690 128.2
1904700 128.1
1904710 128.1
1904720 128.0
1904730 127.9
1904740 127.9
1904750 127.9
1904760 127.9
1904770 127.9
1904780 127.9
1904790 128.0
1904800 127.9
1904810 127.9
1904820 127.9
1904830 128.0
1904840 128.0
1904850 128.0
1904860 128.0
1904870 128.0
1904880 128.1
1904890 128.2
1904900 128.2
1904910 128.2
1904920 128.3
1904930 128.3
1904940 128.3
1904950 128.2
1904960 128.2
1904970 128.1
1904980 128.1
1904990 128.1
1905000 128.0
1905010 127.9
1905020 127.9
1905030 127.8
1905040 127.9
1905050 127.9
1905060 128.0
1905070 128.0
1905080 128.0
1905090 128.0
1905100 128.0
1905110 128.0
1905120 127.9
1905130 127.8
1905140 127.8
1905150 127.9
1905160 127.9
1905170 127.9
1905180 127.9
1905190 127.9
1905200 127.9
1905210 127.9
1905220 127.8
1905230 127.8
1905240 127.8
1905250 127.8
1905260 127.8
1905270 127.8
1905280 127.8
1905290 127.8
1905300 127.8
1905310 127.8
1905320 127.8
1905330 127.8
1905340 127.8
1905350 127.8
1905360 127.8
1905370 127.8
1905380 127.8
1905390 127.9
1905400 127.9
1905410 127.9
1905420 127.8
1905430 127.9
1905440 127.9
1905450 128.0
1905460 128.1
1905470 128.1
1905480 128.2
1905490 128.2
1905500 128.2
1905510 128.2
1905520 128.1
1905530 128.1
1905540 128.2
1905550 128.2
1905560 128.2
1905570 128.2
1905580 128.2
1905590 128.2
1905600 128.3
1905610 128.4
1905620 128.4
1905630 128.4
1905640 128.5
1905650 128.5
1905660 128.6
1905670 128.6
1905680 128.6
1905690 128.6
1905700 128.6
1905710 128.7
1905720 128.7
1905730 128.6
