1900000 137.6
1900010 136.9
1900020 136.4
1900030 135.9
1900040 135.9
1900050 135.5
1900060 135.0
1900070 135.0
1900080 134.6
1900090 134.3
1900100 134.3
1900110 134.0
1900120 133.7
1900130 133.7
1900140 133.4
1900150 133.4
1900160 133.4
1900170 133.1
1900180 133.0
1900190 133.0
1900200 132.7
1900210 132.5
1900220 132.5
1900230 132.4
1900240 132.4
1900250 132.4
1900260 132.2
1900270 132.0
1900280 132.0
1900290 131.7
1900300 131.4
1900310 131.4
1900320 131.3
1900330 131.0
1900340 131.0
1900350 130.9
1900360 130.9
1900370 130.9
1900380 131.0
1900390 130.8
1900400 130.8
1900410 130.7
1900420 130.6
1900430 130.6
1900440 130.5
1900450 130.3
1900460 130.4
1900470 130.2
1900480 130.2
1900490 130.2
1900500 130.2
1900510 130.2
1900520 130.2
1900530 130.1
1900540 130.1
1900550 130.1
1900560 129.9
1900570 130.0
1900580 130.0
1900590 130.0
1900600 130.1
1900610 130.1
1900620 130.1
1900630 130.5
1900640 130.5
1900650 130.8
1900660 130.3
1900670 130.3
1900680 130.2
1900690 130.3
1900700 130.3
1900710 130.3
1900720 130.1
1900730 130.1
1900740 130.0
1900750 130.0
1900760 130.0
1900770 129.9
1900780 129.9
1900790 129.9
1900800 129.9
1900810 129.9
1900820 129.9
1900830 129.9
1900840 129.9
1900850 129.9
1900860 130.0
1900870 130.1
1900880 130.1
1900890 130.2
1900900 130.3
1900910 130.3
1900920 130.3
1900930 130.0
1900940 130.0
1900950 129.9
1900960 129.9
1900970 129.8
1900980 129.8
1900990 129.8
1901000 129.8
1901010 129.8
1901020 129.7
1901030 129.6
1901040 129.6
1901050 129.6
1901060 129.6
1901070 129.6
1901080 129.6
1901090 129.5
1901100 129.5
1901110 129.5
1901120 129.5
1901130 129.5
1901140 129.5
1901150 129.5
1901160 129.5
1901170 129.5
1901180 129.6
1901190 129.6
1901200 129.5
1901210 129.6
1901220 129.6
1901230 129.7
1901240 129.7
1901250 129.7
1901260 129.7
1901270 129.7
1901280 129.7
1901290 129.8
1901300 130.0
1901310 130.0
1901320 130.2
1901330 130.2
1901340 130.2
1901350 130.1
1901360 130.2
1901370 130.2
1901380 130.2
1901390 130.3
1901400 130.3
1901410 130.0
1901420 129.8
1901430 129.8
1901440 129.8
1901450 129.9
1901460 129.9
1901470 129.7
1901480 129.5
1901490 129.5
1901500 129.3
1901510 129.2
1901520 129.2
1901530 129.0
1901540 128.8
1901550 128.8
1901560 128.7
1901570 128.6
1901580 128.6
1901590 128.6
1901600 128.6
1901610 128.6
1901620 128.5
1901630 128.5
1901640 128.5
1901650 128.5
1901660 128.5
1901670 128.5
1901680 128.4
1901690 128.5
1901700 128.5
1901710 128.5
1901720 128.4
1901730 128.4
1901740 128.4
1901750 128.4
1901760 128.4
1901770 128.4
1901780 128.5
1901790 128.5
1901800 128.5
1901810 128.5
1901820 128.5
1901830 128.5
1901840 128.6
1901850 128.6
1901860 128.7
1901870 128.9
1901880 128.9
1901890 129.1
1901900 129.5
1901910 129.9
1901920 129.9
1901930 130.0
1901940 130.2
1901950 130.2
1901960 130.3
1901970 130.3
1901980 130.3
1901990 130.1
1902000 129.9
1902010 129.9
1902020 129.9
1902030 129.9
1902040 129.9
1902050 129.8
1902060 129.9
1902070 129.9
1902080 130.1
1902090 130.3
1902100 130.3
1902110 130.5
1902120 130.5
1902130 130.5
1902140 130.4
1902150 130.0
1902160 130.0
1902170 129.6
1902180 129.6
1902190 129.6
1902200 129.5
1902210 129.4
1902220 129.4
1902230 129.3
1902240 129.3
1902250 129.3
1902260 129.3
1902270 129.2
1902280 129.2
1902290 129.1
1902300 129.1
1902310 129.1
1902320 129.1
1902330 129.0
1902340 129.0
1902350 129.0
1902360 129.0
1902370 129.0
1902380 129.0
1902390 129.0
1902400 129.0
1902410 129.0
1902420 129.0
1902430 129.0
1902440 128.9
1902450 128.9
1902460 128.9
1902470 128.9
1902480 128.9
1902490 128.9
1902500 128.8
1902510 128.8
1902520 128.8
1902530 128.9
1902540 128.8
1902550 128.8
1902560 128.7
1902570 128.7
1902580 128.7
1902590 128.7
1902600 128.6
1902610 128.6
1902620 128.6
1902630 128.6
1902640 128.6
1902650 128.6
1902660 128.6
1902670 128.6
1902680 128.6
1902690 128.6
1902700 128.6
1902710 128.6
1902720 128.5
1902730 128.5
1902740 128.5
1902750 128.6
1902760 128.6
1902770 128.6
1902780 128.5
1902790 128.5
1902800 128.5
1902810 128.5
1902820 128.5
1902830 128.6
1902840 128.6
1902850 128.7
1902860 128.7
1902870 128.7
1902880 128.6
1902890 128.6
1902900 128.6
1902910 128.6
1902920 128.6
1902930 128.6
1902940 128.7
1902950 128.7
1902960 128.7
1902970 128.7
1902980 128.7
1902990 128.7
1903000 128.8
1903010 128.8
1903020 128.9
1903030 128.8
1903040 128.8
1903050 128.8
1903060 128.7
1903070 128.7
1903080 128.7
1903090 128.7
1903100 128.7
1903110 128.7
1903120 128.6
1903130 128.6
1903140 128.6
1903150 128.5
1903160 128.5
1903170 128.5
1903180 128.4
1903190 128.4
1903200 128.4
1903210 128.4
1903220 128.4
1903230 128.4
1903240 128.5
1903250 128.5
1903260 128.4
1903270 128.4
1903280 128.4
1903290 128.4
1903300 128.4
1903310 128.4
1903320 128.3
1903330 128.4
1903340 128.4
1903350 128.4
1903360 128.5
1903370 128.5
1903380 128.5
1903390 128.5
1903400 128.5
1903410 128.5
1903420 128.4
1903430 128.4
1903440 128.4
1903450 128.4
1903460 128.4
1903470 128.4
1903480 128.4
1903490 128.4
1903500 128.5
1903510 128.5
1903520 128.5
1903530 128.5
1903540 128.5
1903550 128.5
1903560 128.5
1903570 128.5
1903580 128.5
1903590 128.5
1903600 128.5
1903610 128.5
1903620 128.4
1903630 128.4
1903640 128.4
1903650 128.4
1903660 128.4
1903670 128.4
1903680 128.6
1903690 128.6
1903700 128.6
1903710 128.1
1903720 128.3
1903730 128.3
1903740 129.6
1903750 129.6
1903760 129.6
1903770 128.9
1903780 128.4
1903790 128.5
1903800 128.5
1903810 128.5
1903820 128.4
1903830 128.4
1903840 128.3
1903850 128.1
1903860 128.1
1903870 128.2
1903880 128.3
1903890 128.3
1903900 128.4
1903910 128.4
1903920 128.4
1903930 128.4
1903940 128.3
1903950 128.3
1903960 128.4
1903970 128.3
1903980 128.3
1903990 128.3
1904000 128.2
1904010 128.2
1904020 128.3
1904030 128.4
1904040 128.4
1904050 128.4
1904060 128.4
1904070 128.4
1904080 128.5
1904090 128.6
1904100 128.6
1904110 128.5
1904120 128.5
1904130 128.5
1904140 128.5
1904150 128.4
1904160 128.5
1904170 128.5
1904180 128.5
1904190 128.5
1904200 128.5
1904210 128.5
1904220 128.5
1904230 128.4
1904240 128.3
1904250 128.3
1904260 128.3
1904270 128.3
1904280 128.3
1904290 128.2
1904300 128.3
1904310 128.3
1904320 128.3
1904330 128.3
1904340 128.3
1904350 128.3
1904360 128.3
1904370 128.3
1904380 128.3
1904390 128.3
1904400 128.3
1904410 128.4
1904420 128.4
1904430 128.4
1904440 128.4
1904450 128.4
1904460 128.4
1904470 128.5
1904480 128.4
1904490 128.4
1904500 128.4
1904510 128.4
1904520 128.4
1904530 128.4
1904540 128.3
1904550 128.3
1904560 128.3
1904570 128.3
1904580 128.3
1904590 128.3
1904600 128.2
1904610 128.2
1904620 128.1
1904630 128.0
1904640 128.0
1904650 128.0
1904660 127.9
1904670 127.9
1904680 127.9
1904690 128.0
1904700 128.0
1904710 128.0
1904720 128.1
1904730 128.2
1904740 128.2
1904750 128.2
1904760 128.2
1904770 128.2
1904780 128.1
1904790 128.0
1904800 128.0
1904810 128.0
1904820 128.0
1904830 128.0
1904840 128.1
1904850 128.2
1904860 128.2
1904870 128.2
1904880 128.2
1904890 128.2
1904900 128.3
1904910 128.2
1904920 128.2
1904930 128.1
1904940 128.1
1904950 128.1
1904960 128.1
1904970 128.0
1904980 128.0
1904990 128.0
1905000 127.9
1905010 127.9
1905020 127.9
1905030 127.9
1905040 127.9
1905050 128.0
1905060 127.9
1905070 127.9
1905080 127.9
1905090 127.9
1905100 127.9
1905110 128.0
1905120 128.0
1905130 128.0
1905140 128.0
1905150 128.0
1905160 128.0
1905170 128.0
1905180 128.0
1905190 128.0
1905200 128.0
1905210 128.0
1905220 128.0
1905230 128.0
1905240 127.9
1905250 127.9
1905260 127.9
1905270 127.9
1905280 127.9
1905290 127.9
1905300 127.9
1905310 127.9
1905320 127.9
1905330 128.0
1905340 128.0
1905350 128.0
1905360 128.1
1905370 128.1
1905380 128.2
1905390 128.3
1905400 128.3
1905410 128.3
1905420 128.4
1905430 128.4
1905440 128.6
1905450 128.5
1905460 128.5
1905470 128.5
1905480 128.6
1905490 128.6
1905500 128.6
1905510 128.7
1905520 128.7
1905530 128.7
1905540 128.8
1905550 128.8
1905560 128.8
