1900000 140.6
1900010 140.5
1900020 140.5
1900030 140.3
1900040 140.2
1900050 140.2
1900060 139.9
1900070 139.7
1900080 139.7
1900090 139.4
1900100 138.7
1900110 138.7
1900120 138.4
1900130 138.4
1900140 138.3
1900150 138.3
1900160 138.1
1900170 137.6
1900180 137.6
1900190 137.3
1900200 137.2
1900210 137.2
1900220 136.7
1900230 136.6
1900240 136.6
1900250 136.1
1900260 136.2
1900270 136.2
1900280 136.1
1900290 136.0
1900300 136.0
1900310 135.7
1900320 135.1
1900330 135.1
1900340 135.0
1900350 134.8
1900360 134.8
1900370 134.7
1900380 134.6
1900390 134.6
1900400 134.3
1900410 133.9
1900420 133.9
1900430 133.7
1900440 133.5
1900450 133.5
1900460 133.2
1900470 132.9
1900480 132.9
1900490 133.0
1900500 132.5
1900510 132.5
1900520 132.3
1900530 131.9
1900540 131.9
1900550 131.5
1900560 131.3
1900570 131.3
1900580 131.3
1900590 131.4
1900600 131.4
1900610 131.2
1900620 130.8
1900630 131.0
1900640 130.8
1900650 130.5
1900660 130.5
1900670 130.6
1900680 130.9
1900690 130.9
1900700 130.6
1900710 130.6
1900720 130.6
1900730 130.6
1900740 130.7
1900750 130.7
1900760 130.5
1900770 129.8
1900780 129.8
1900790 129.5
1900800 129.5
1900810 129.5
1900820 129.8
1900830 129.8
1900840 129.8
1900850 129.8
1900860 129.7
1900870 129.7
1900880 129.7
1900890 129.6
1900900 129.6
1900910 129.5
1900920 129.6
1900930 129.6
1900940 129.7
1900950 129.5
1900960 129.5
1900970 129.5
1900980 129.4
1900990 129.4
1901000 129.4
1901010 129.3
1901020 129.3
1901030 129.3
1901040 129.3
1901050 129.3
1901060 129.3
1901070 129.3
1901080 129.3
1901090 129.4
1901100 129.6
1901110 129.5
1901120 129.5
1901130 129.5
1901140 129.5
1901150 129.5
1901160 129.4
1901170 129.3
1901180 129.3
1901190 129.3
1901200 129.2
1901210 129.2
1901220 129.1
1901230 129.1
1901240 129.1
1901250 129.2
1901260 129.1
1901270 129.1
1901280 129.0
1901290 129.1
1901300 129.1
1901310 129.1
1901320 129.1
1901330 129.1
1901340 129.1
1901350 129.3
1901360 129.3
1901370 129.2
1901380 129.2
1901390 129.2
1901400 129.2
1901410 129.3
1901420 129.3
1901430 129.3
1901440 129.3
1901450 129.3
1901460 129.4
1901470 129.4
1901480 129.4
1901490 129.4
1901500 129.3
1901510 129.3
1901520 129.2
1901530 129.2
1901540 129.2
1901550 129.3
1901560 129.5
1901570 129.5
1901580 129.5
1901590 129.6
1901600 129.6
1901610 129.7
1901620 129.7
1901630 129.7
1901640 129.7
1901650 129.8
1901660 129.8
1901670 129.8
1901680 129.7
1901690 129.7
1901700 129.9
1901710 130.1
1901720 130.1
1901730 130.2
1901740 130.1
1901750 130.1
1901760 130.1
1901770 130.1
1901780 130.1
1901790 129.9
1901800 129.8
1901810 129.8
1901820 129.6
1901830 129.6
1901840 129.6
1901850 129.6
1901860 129.5
1901870 129.6
1901880 129.5
1901890 129.6
1901900 129.6
1901910 129.5
1901920 129.5
1901930 129.5
1901940 129.4
1901950 129.5
1901960 129.5
1901970 129.4
1901980 129.4
1901990 129.4
1902000 129.4
1902010 129.3
1902020 129.3
1902030 129.3
1902040 129.3
1902050 129.3
1902060 129.3
1902070 129.3
1902080 129.3
1902090 129.3
1902100 129.2
1902110 129.2
1902120 129.2
1902130 129.2
1902140 129.2
1902150 129.2
1902160 129.1
1902170 129.1
1902180 129.1
1902190 129.1
1902200 129.0
1902210 129.0
1902220 129.0
1902230 129.0
1902240 129.0
1902250 129.0
1902260 128.9
1902270 128.9
1902280 128.8
1902290 128.9
1902300 128.9
1902310 128.8
1902320 128.8
1902330 128.8
1902340 128.9
1902350 128.9
1902360 128.9
1902370 128.9
1902380 129.0
1902390 129.0
1902400 129.0
1902410 128.9
1902420 128.9
1902430 128.9
1902440 128.9
1902450 128.9
1902460 129.0
1902470 129.1
1902480 129.1
1902490 129.1
1902500 129.2
1902510 129.2
1902520 129.1
1902530 129.2
1902540 129.2
1902550 129.3
1902560 129.4
1902570 129.4
1902580 129.5
1902590 129.6
1902600 129.6
1902610 129.7
1902620 129.8
1902630 129.8
1902640 130.0
1902650 130.0
1902660 130.0
1902670 130.2
1902680 130.3
1902690 130.3
1902700 130.3
1902710 130.3
1902720 130.3
1902730 130.5
1902740 130.3
1902750 130.3
1902760 130.3
1902770 130.2
1902780 130.2
1902790 130.0
1902800 130.0
1902810 130.0
1902820 129.9
1902830 129.9
1902840 129.9
1902850 129.9
1902860 129.8
1902870 129.8
1902880 129.8
1902890 129.8
1902900 129.8
1902910 129.8
1902920 129.8
1902930 129.8
1902940 129.8
1902950 129.8
1902960 129.8
1902970 129.9
1902980 129.9
1902990 129.9
1903000 129.9
1903010 130.0
1903020 130.0
1903030 130.0
1903040 130.0
1903050 130.1
1903060 130.1
1903070 130.1
1903080 130.0
1903090 130.0
1903100 129.9
1903110 129.7
1903120 129.7
1903130 129.6
1903140 129.6
1903150 129.6
1903160 129.5
1903170 129.3
1903180 129.3
1903190 129.2
1903200 129.2
1903210 129.2
1903220 129.2
1903230 129.3
1903240 129.3
1903250 129.2
1903260 129.1
1903270 129.1
1903280 129.2
1903290 129.3
1903300 129.3
1903310 129.3
1903320 129.3
1903330 129.3
1903340 129.3
1903350 129.0
1903360 129.0
1903370 128.6
1903380 128.5
1903390 128.5
1903400 128.4
1903410 128.5
1903420 128.5
1903430 128.5
1903440 128.6
1903450 128.6
1903460 128.8
1903470 128.8
1903480 128.8
1903490 128.6
1903500 128.3
1903510 128.3
1903520 128.4
1903530 128.4
1903540 128.4
1903550 127.9
1903560 127.8
1903570 127.8
1903580 127.9
1903590 128.0
1903600 128.0
1903610 128.2
1903620 128.5
1903630 128.5
1903640 128.5
1903650 128.6
1903660 128.6
1903670 128.7
1903680 128.9
1903690 128.9
1903700 129.3
1903710 129.4
1903720 128.8
1903730 128.8
1903740 128.8
1903750 128.8
1903760 128.7
1903770 128.6
1903780 128.6
1903790 128.5
1903800 128.4
1903810 128.4
1903820 128.5
1903830 128.5
1903840 128.5
1903850 128.4
1903860 128.4
1903870 128.4
1903880 128.5
1903890 128.8
1903900 128.8
1903910 128.9
1903920 129.0
1903930 129.0
1903940 129.0
1903950 128.9
1903960 128.8
1903970 128.8
1903980 128.8
1903990 128.8
1904000 128.8
1904010 129.0
1904020 128.4
1904030 128.7
1904040 128.7
1904050 128.6
1904060 128.6
1904070 128.4
1904080 128.4
1904090 128.4
1904100 128.4
1904110 128.4
1904120 128.4
1904130 128.4
1904140 128.4
1904150 128.4
1904160 128.5
1904170 128.4
1904180 128.4
1904190 128.4
1904200 128.5
1904210 128.5
1904220 128.6
1904230 128.6
1904240 128.6
1904250 128.6
1904260 128.6
1904270 128.6
1904280 128.6
1904290 128.6
1904300 128.6
1904310 128.6
1904320 128.5
1904330 128.6
1904340 128.5
1904350 128.5
1904360 128.5
1904370 128.4
1904380 128.2
1904390 128.2
1904400 128.1
1904410 128.0
1904420 128.0
1904430 128.2
1904440 128.1
1904450 128.1
1904460 128.0
1904470 127.9
1904480 127.9
1904490 128.0
1904500 128.2
1904510 128.2
1904520 128.6
1904530 128.7
1904540 128.7
1904550 128.6
1904560 128.6
1904570 128.6
1904580 128.7
1904590 128.7
1904600 128.7
1904610 128.8
1904620 128.7
1904630 128.7
1904640 128.5
1904650 128.3
1904660 128.3
1904670 128.1
1904680 128.0
1904690 128.0
1904700 128.1
1904710 128.4
1904720 128.4
1904730 128.6
1904740 128.6
1904750 128.6
1904760 128.4
1904770 128.3
1904780 128.3
1904790 128.2
1904800 128.2
1904810 128.2
1904820 128.2
1904830 128.2
1904840 128.2
1904850 128.2
1904860 128.4
1904870 128.4
1904880 128.6
1904890 128.6
1904900 128.6
1904910 128.7
1904920 128.4
1904930 128.1
1904940 128.1
1904950 128.1
1904960 128.1
1904970 128.1
1904980 128.2
1904990 128.3
1905000 128.3
1905010 128.1
1905020 128.0
1905030 128.0
1905040 128.0
1905050 128.3
1905060 128.3
1905070 128.4
1905080 128.4
1905090 128.4
1905100 128.3
1905110 128.2
1905120 128.2
