1900000 136.6
1900010 136.3
1900020 136.0
1900030 136.0
1900040 135.9
1900050 135.4
1900060 135.4
1900070 135.0
1900080 134.8
1900090 134.8
1900100 134.4
1900110 134.1
1900120 134.1
1900130 133.9
1900140 133.4
1900150 133.4
1900160 133.0
1900170 133.0
1900180 133.0
1900190 132.9
1900200 132.7
1900210 132.7
1900220 132.4
1900230 132.1
1900240 132.1
1900250 131.8
1900260 131.6
1900270 131.6
1900280 131.3
1900290 131.1
1900300 131.1
1900310 131.0
1900320 130.8
1900330 130.8
1900340 130.7
1900350 130.7
1900360 130.7
1900370 130.7
1900380 130.7
1900390 130.7
1900400 130.7
1900410 130.7
1900420 130.7
1900430 130.6
1900440 130.6
1900450 130.6
1900460 130.6
1900470 130.6
1900480 130.6
1900490 130.6
1900500 130.2
1900510 130.2
1900520 130.1
1900530 130.1
1900540 130.1
1900550 130.1
1900560 130.2
1900570 130.2
1900580 130.3
1900590 130.3
1900600 130.3
1900610 130.3
1900620 130.5
1900630 130.5
1900640 130.6
1900650 130.5
1900660 130.5
1900670 130.7
1900680 130.7
1900690 130.7
1900700 130.7
1900710 130.9
1900720 130.9
1900730 130.8
1900740 130.5
1900750 130.4
1900760 130.4
1900770 130.3
1900780 130.2
1900790 130.2
1900800 130.2
1900810 130.0
1900820 130.0
1900830 130.0
1900840 130.0
1900850 130.0
1900860 130.0
1900870 130.1
1900880 130.1
1900890 130.2
1900900 130.3
1900910 130.3
1900920 130.2
1900930 130.2
1900940 130.2
1900950 130.1
1900960 130.0
1900970 130.3
1900980 130.0
1900990 129.9
1901000 129.9
1901010 129.8
1901020 129.9
1901030 129.9
1901040 129.9
1901050 129.7
1901060 129.7
1901070 129.6
1901080 129.7
1901090 129.7
1901100 129.7
1901110 129.7
1901120 129.7
1901130 129.8
1901140 129.8
1901150 129.8
1901160 129.8
1901170 129.8
1901180 129.8
1901190 129.8
1901200 129.8
1901210 129.8
1901220 129.9
1901230 129.8
1901240 129.8
1901250 129.9
1901260 130.0
1901270 130.0
1901280 130.1
1901290 130.1
1901300 130.1
1901310 130.2
1901320 130.2
1901330 130.2
1901340 130.2
1901350 130.2
1901360 130.2
1901370 130.0
1901380 129.9
1901390 129.9
1901400 129.9
1901410 130.0
1901420 130.0
1901430 130.2
1901440 129.9
1901450 129.9
1901460 129.6
1901470 129.6
1901480 129.6
1901490 129.4
1901500 129.3
1901510 129.3
1901520 129.2
1901530 129.1
1901540 129.1
1901550 128.9
1901560 128.9
1901570 128.9
1901580 128.9
1901590 129.1
1901600 129.1
1901610 129.1
1901620 129.0
1901630 129.0
1901640 128.8
1901650 128.7
1901660 128.7
1901670 128.6
1901680 128.3
1901690 127.6
1901700 127.6
1901710 127.3
1901720 127.2
1901730 127.2
1901740 127.1
1901750 127.1
1901760 127.1
1901770 127.1
1901780 127.1
1901790 127.1
1901800 127.2
1901810 127.9
1901820 127.9
1901830 128.3
1901840 128.6
1901850 128.6
1901860 128.7
1901870 128.9
1901880 128.9
1901890 129.4
1901900 129.7
1901910 129.7
1901920 129.8
1901930 129.9
1901940 129.9
1901950 130.2
1901960 130.2
1901970 130.2
1901980 130.1
1901990 130.1
1902000 130.1
1902010 130.0
1902020 129.9
1902030 129.9
1902040 129.9
1902050 129.8
1902060 129.8
1902070 129.8
1902080 129.6
1902090 129.6
1902100 129.4
1902110 129.4
1902120 129.4
1902130 129.3
1902140 129.3
1902150 129.3
1902160 129.3
1902170 129.2
1902180 129.2
1902190 129.1
1902200 129.1
1902210 129.1
1902220 129.2
1902230 129.1
1902240 129.1
1902250 129.0
1902260 129.0
1902270 129.0
1902280 129.0
1902290 129.0
1902300 129.0
1902310 129.0
1902320 129.0
1902330 129.0
1902340 129.0
1902350 129.0
1902360 129.0
1902370 129.1
1902380 129.0
1902390 129.0
1902400 129.0
1902410 128.9
1902420 128.9
1902430 128.9
1902440 128.9
1902450 128.9
1902460 128.8
1902470 128.8
1902480 128.8
1902490 128.8
1902500 128.7
1902510 128.7
1902520 128.7
1902530 128.7
1902540 128.7
1902550 128.7
1902560 128.6
1902570 128.6
1902580 128.7
1902590 128.7
1902600 128.7
1902610 128.7
1902620 128.6
1902630 128.6
1902640 128.6
1902650 128.6
1902660 128.6
1902670 128.6
1902680 128.6
1902690 128.6
1902700 128.6
1902710 128.7
1902720 128.7
1902730 128.7
1902740 128.7
1902750 128.8
1902760 128.8
1902770 128.8
1902780 128.8
1902790 128.8
1902800 128.8
1902810 128.8
1902820 128.8
1902830 128.8
1902840 128.7
1902850 128.7
1902860 128.7
1902870 128.7
1902880 128.7
1902890 128.7
1902900 128.7
1902910 128.7
1902920 128.7
1902930 128.7
1902940 128.7
1902950 128.7
1902960 128.8
1902970 128.8
1902980 128.9
1902990 128.9
1903000 128.9
1903010 128.8
1903020 128.8
1903030 128.8
1903040 128.8
1903050 128.8
1903060 128.8
1903070 128.8
1903080 128.7
1903090 128.7
1903100 128.7
1903110 128.7
1903120 128.7
1903130 128.7
1903140 128.6
1903150 128.6
1903160 128.6
1903170 128.6
1903180 128.6
1903190 128.6
1903200 128.6
1903210 128.6
1903220 128.6
1903230 128.5
1903240 128.5
1903250 128.5
1903260 128.5
1903270 128.5
1903280 128.5
1903290 128.5
1903300 128.5
1903310 128.5
1903320 128.5
1903330 128.5
1903340 128.5
1903350 128.5
1903360 128.5
1903370 128.5
1903380 128.4
1903390 128.4
1903400 128.4
1903410 128.4
1903420 128.4
1903430 128.4
1903440 128.4
1903450 128.4
1903460 128.4
1903470 128.3
1903480 128.3
1903490 128.4
1903500 128.4
1903510 128.4
1903520 128.4
1903530 128.5
1903540 128.5
1903550 128.6
1903560 128.8
1903570 128.9
1903580 128.9
1903590 128.6
1903600 129.0
1903610 129.0
1903620 129.5
1903630 129.8
1903640 129.8
1903650 129.2
1903660 128.7
1903670 128.7
1903680 128.8
1903690 128.7
1903700 128.7
1903710 128.5
1903720 128.5
1903730 128.5
1903740 128.4
1903750 128.4
1903760 128.4
1903770 128.4
1903780 128.5
1903790 128.5
1903800 128.5
1903810 128.5
1903820 128.5
1903830 128.4
1903840 128.4
1903850 128.4
1903860 128.4
1903870 128.4
1903880 128.4
1903890 128.4
1903900 128.4
1903910 128.4
1903920 128.4
1903930 128.4
1903940 128.4
1903950 128.4
1903960 128.3
1903970 128.3
1903980 128.4
1903990 128.4
1904000 128.4
1904010 128.5
1904020 128.6
1904030 128.6
1904040 128.6
1904050 128.7
1904060 128.7
1904070 128.8
1904080 128.8
1904090 128.8
1904100 128.9
1904110 128.8
1904120 128.8
1904130 128.7
1904140 128.7
1904150 128.7
1904160 128.6
1904170 128.6
1904180 128.6
1904190 128.6
1904200 128.6
1904210 128.6
1904220 128.5
1904230 128.4
1904240 128.4
1904250 128.4
1904260 128.3
1904270 128.3
1904280 128.3
1904290 128.3
1904300 128.3
1904310 128.3
1904320 128.2
1904330 128.2
1904340 128.2
1904350 128.2
1904360 128.2
1904370 128.2
1904380 128.3
1904390 128.3
1904400 128.3
1904410 128.3
1904420 128.3
1904430 128.4
1904440 128.4
1904450 128.4
1904460 128.4
1904470 128.4
1904480 128.4
1904490 128.4
1904500 128.3
1904510 128.3
1904520 128.3
1904530 128.2
1904540 128.2
1904550 128.2
1904560 128.2
1904570 128.0
1904580 128.0
1904590 128.0
1904600 128.0
1904610 128.0
1904620 128.0
1904630 128.0
1904640 128.0
1904650 128.0
1904660 128.1
1904670 128.1
1904680 128.1
1904690 128.1
1904700 128.1
1904710 128.1
1904720 128.1
1904730 128.1
1904740 128.1
1904750 128.1
1904760 128.1
1904770 128.1
1904780 128.2
1904790 128.2
1904800 128.2
1904810 128.2
1904820 128.2
1904830 128.2
1904840 128.0
1904850 128.0
1904860 128.1
1904870 128.1
1904880 128.1
1904890 128.1
1904900 128.2
1904910 128.2
1904920 128.1
1904930 128.1
1904940 128.1
1904950 128.1
1904960 128.1
1904970 128.1
1904980 128.1
1904990 128.0
1905000 128.0
1905010 128.0
1905020 128.0
1905030 128.0
1905040 128.0
1905050 128.0
1905060 128.0
1905070 128.0
1905080 128.0
1905090 128.0
1905100 128.0
1905110 128.1
1905120 128.1
1905130 128.0
1905140 127.9
1905150 127.9
1905160 128.0
1905170 128.0
1905180 128.0
1905190 128.0
1905200 128.0
1905210 128.0
1905220 128.0
1905230 128.0
1905240 128.0
1905250 127.9
1905260 128.0
1905270 128.0
1905280 128.1
1905290 128.2
1905300 128.2
1905310 128.2
1905320 128.3
1905330 128.3
1905340 128.5
1905350 128.7
1905360 128.7
1905370 128.7
1905380 128.8
1905390 128.8
1905400 128.9
