1900000 138.7
1900010 138.2
1900020 138.2
1900030 137.6
1900040 137.2
1900050 137.2
1900060 137.1
1900070 136.8
1900080 136.8
1900090 136.3
1900100 136.0
1900110 136.0
1900120 135.8
1900130 135.7
1900140 135.7
1900150 135.6
1900160 135.2
1900170 135.2
1900180 135.2
1900190 135.2
1900200 135.2
1900210 135.2
1900220 134.9
1900230 134.6
1900240 134.6
1900250 134.2
1900260 134.0
1900270 134.0
1900280 134.0
1900290 133.8
1900300 133.8
1900310 133.8
1900320 133.6
1900330 133.6
1900340 133.4
1900350 133.1
1900360 133.1
1900370 133.0
1900380 132.8
1900390 132.8
1900400 132.5
1900410 132.1
1900420 132.1
1900430 132.0
1900440 131.9
1900450 131.9
1900460 131.8
1900470 131.6
1900480 131.6
1900490 131.5
1900500 131.3
1900510 131.3
1900520 130.9
1900530 131.0
1900540 130.9
1900550 130.9
1900560 130.6
1900570 130.6
1900580 130.4
1900590 130.1
1900600 130.1
1900610 129.9
1900620 129.7
1900630 129.7
1900640 129.7
1900650 130.7
1900660 130.7
1900670 131.0
1900680 130.6
1900690 130.6
1900700 130.3
1900710 130.5
1900720 130.5
1900730 130.7
1900740 130.6
1900750 130.6
1900760 130.6
1900770 130.4
1900780 130.4
1900790 130.5
1900800 130.5
1900810 130.5
1900820 130.5
1900830 130.6
1900840 130.6
1900850 130.4
1900860 130.4
1900870 130.4
1900880 130.5
1900890 130.6
1900900 130.6
1900910 130.6
1900920 130.6
1900930 130.6
1900940 130.5
1900950 130.6
1900960 130.6
1900970 130.7
1900980 130.6
1900990 130.6
1901000 130.5
1901010 130.4
1901020 130.4
1901030 130.3
1901040 130.1
1901050 130.1
1901060 130.1
1901070 130.0
1901080 130.0
1901090 129.9
1901100 130.1
1901110 130.2
1901120 130.2
1901130 130.0
1901140 129.7
1901150 129.7
1901160 129.7
1901170 130.0
1901180 130.0
1901190 129.6
1901200 129.5
1901210 129.5
1901220 129.6
1901230 129.3
1901240 129.3
1901250 129.3
1901260 129.1
1901270 129.1
1901280 129.2
1901290 129.1
1901300 129.1
1901310 129.1
1901320 129.0
1901330 129.0
1901340 129.0
1901350 129.0
1901360 129.0
1901370 128.8
1901380 128.8
1901390 128.8
1901400 128.8
1901410 129.0
1901420 129.0
1901430 129.4
1901440 129.4
1901450 129.4
1901460 129.1
1901470 128.8
1901480 128.8
1901490 128.9
1901500 129.0
1901510 129.0
1901520 129.1
1901530 129.4
1901540 129.4
1901550 129.4
1901560 129.2
1901570 129.2
1901580 129.4
1901590 129.7
1901600 129.7
1901610 129.7
1901620 129.5
1901630 129.5
1901640 129.4
1901650 129.6
1901660 129.6
1901670 129.6
1901680 129.7
1901690 129.7
1901700 129.4
1901710 129.3
1901720 129.3
1901730 129.4
1901740 129.4
1901750 129.4
1901760 129.5
1901770 129.5
1901780 129.5
1901790 129.4
1901800 129.4
1901810 129.4
1901820 129.4
1901830 129.3
1901840 129.3
1901850 129.3
1901860 129.3
1901870 129.3
1901880 129.2
1901890 129.2
1901900 129.2
1901910 129.3
1901920 129.3
1901930 129.3
1901940 129.2
1901950 129.1
1901960 129.1
1901970 129.1
1901980 129.1
1901990 129.1
1902000 129.2
1902010 129.2
1902020 129.2
1902030 129.2
1902040 129.2
1902050 129.2
1902060 129.2
1902070 129.2
1902080 129.2
1902090 129.3
1902100 129.2
1902110 129.2
1902120 129.2
1902130 129.2
1902140 129.1
1902150 129.1
1902160 129.1
1902170 129.1
1902180 129.1
1902190 129.2
1902200 129.2
1902210 129.2
1902220 129.1
1902230 129.0
1902240 129.0
1902250 129.0
1902260 129.0
1902270 129.0
1902280 129.0
1902290 129.0
1902300 129.0
1902310 129.0
1902320 129.1
1902330 129.1
1902340 129.1
1902350 129.1
1902360 129.1
1902370 129.1
1902380 129.1
1902390 129.1
1902400 129.0
1902410 129.0
1902420 129.0
1902430 129.0
1902440 129.0
1902450 129.0
1902460 129.0
1902470 129.0
1902480 129.0
1902490 129.0
1902500 128.9
1902510 128.9
1902520 128.9
1902530 128.8
1902540 128.8
1902550 128.7
1902560 128.6
1902570 128.6
1902580 128.5
1902590 128.5
1902600 128.5
1902610 128.5
1902620 128.5
1902630 128.5
1902640 128.4
1902650 128.4
1902660 128.4
1902670 128.5
1902680 128.5
1902690 128.5
1902700 128.6
1902710 128.7
1902720 128.7
1902730 128.7
1902740 128.9
1902750 128.9
1902760 128.9
1902770 129.0
1902780 129.0
1902790 129.0
1902800 129.0
1902810 129.0
1902820 129.1
1902830 129.1
1902840 129.1
1902850 129.2
1902860 129.2
1902870 129.2
1902880 129.2
1902890 129.3
1902900 129.3
1902910 129.3
1902920 129.4
1902930 129.4
1902940 129.4
1902950 129.4
1902960 129.4
1902970 129.4
1902980 129.5
1902990 129.5
1903000 129.5
1903010 129.6
1903020 129.6
1903030 129.6
1903040 129.4
1903050 129.5
1903060 129.5
1903070 129.6
1903080 129.7
1903090 129.7
1903100 129.9
1903110 129.7
1903120 129.7
1903130 130.0
1903140 129.9
1903150 129.9
1903160 129.6
1903170 129.4
1903180 129.4
1903190 129.2
1903200 129.0
1903210 129.0
1903220 128.8
1903230 128.8
1903240 128.8
1903250 128.7
1903260 128.7
1903270 128.7
1903280 128.6
1903290 128.6
1903300 128.6
1903310 128.6
1903320 128.8
1903330 128.8
1903340 128.8
1903350 128.8
1903360 128.8
1903370 128.7
1903380 128.7
1903390 128.7
1903400 128.6
1903410 128.6
1903420 128.6
1903430 128.6
1903440 128.6
1903450 128.6
1903460 128.5
1903470 128.5
1903480 128.5
1903490 128.5
1903500 128.5
1903510 128.5
1903520 128.5
1903530 128.5
1903540 128.5
1903550 128.5
1903560 128.5
1903570 128.5
1903580 128.6
1903590 128.6
1903600 128.6
1903610 128.6
1903620 128.6
1903630 128.6
1903640 128.6
1903650 128.6
1903660 128.6
1903670 128.7
1903680 128.7
1903690 128.7
1903700 128.6
1903710 128.6
1903720 128.6
1903730 128.6
1903740 128.6
1903750 128.6
1903760 128.6
1903770 128.6
1903780 128.6
1903790 128.6
1903800 128.6
1903810 128.6
1903820 128.6
1903830 128.6
1903840 128.6
1903850 128.6
1903860 128.7
1903870 128.7
1903880 128.7
1903890 128.7
1903900 128.7
1903910 128.7
1903920 128.8
1903930 128.8
1903940 128.8
1903950 128.8
1903960 128.8
1903970 128.8
1903980 128.7
1903990 128.7
1904000 128.7
1904010 128.7
1904020 128.7
1904030 128.7
1904040 128.7
1904050 128.7
1904060 128.7
1904070 128.6
1904080 128.6
1904090 128.6
1904100 128.6
1904110 128.6
1904120 128.6
1904130 128.6
1904140 128.6
1904150 128.6
1904160 128.6
1904170 128.6
1904180 128.6
1904190 128.7
1904200 128.6
1904210 128.6
1904220 128.6
1904230 128.6
1904240 128.6
1904250 128.6
1904260 128.7
1904270 128.7
1904280 128.7
1904290 128.6
1904300 128.6
1904310 128.5
1904320 128.6
1904330 128.6
1904340 128.5
1904350 128.5
1904360 128.5
1904370 128.5
1904380 128.6
1904390 128.6
1904400 128.7
1904410 128.8
1904420 128.8
1904430 128.9
1904440 129.0
1904450 129.0
1904460 128.9
1904470 128.9
1904480 128.9
1904490 128.8
1904500 128.8
1904510 128.8
1904520 128.9
1904530 128.9
1904540 128.9
1904550 129.1
1904560 129.1
1904570 129.1
1904580 129.2
1904590 129.6
1904600 129.6
1904610 129.5
1904620 129.6
1904630 129.6
1904640 129.4
1904650 128.6
1904660 128.6
1904670 128.1
1904680 128.8
1904690 128.8
1904700 128.9
1904710 128.8
1904720 128.8
1904730 128.8
1904740 128.8
1904750 128.8
1904760 128.8
1904770 128.8
1904780 128.8
1904790 128.6
1904800 128.7
1904810 128.7
1904820 128.7
1904830 128.6
1904840 128.6
1904850 128.7
1904860 128.8
1904870 128.8
1904880 128.7
1904890 128.3
1904900 128.1
1904910 128.1
1904920 128.0
1904930 128.0
1904940 128.0
1904950 128.0
1904960 128.1
1904970 128.1
1904980 128.3
