1900000 144.2
1900010 144.2
1900020 143.4
1900030 142.5
1900040 142.5
1900050 141.7
1900060 141.3
1900070 141.3
1900080 140.9
1900090 140.5
1900100 140.5
1900110 139.5
1900120 139.0
1900130 139.0
1900140 138.5
1900150 137.5
1900160 137.5
1900170 136.8
1900180 136.4
1900190 136.4
1900200 136.0
1900210 135.3
1900220 135.3
1900230 134.4
1900240 134.4
1900250 134.4
1900260 134.9
1900270 134.7
1900280 134.7
1900290 134.1
1900300 133.9
1900310 133.9
1900320 133.7
1900330 133.4
1900340 133.4
1900350 133.3
1900360 132.9
1900370 132.9
1900380 132.6
1900390 132.1
1900400 132.1
1900410 131.8
1900420 131.4
1900430 131.4
1900440 130.9
1900450 130.6
1900460 130.2
1900470 130.2
1900480 130.0
1900490 129.8
1900500 129.8
1900510 129.6
1900520 129.5
1900530 129.5
1900540 129.4
1900550 129.5
1900560 129.5
1900570 129.6
1900580 129.6
1900590 129.6
1900600 129.5
1900610 129.6
1900620 129.6
1900630 129.7
1900640 129.8
1900650 129.8
1900660 129.9
1900670 130.1
1900680 130.1
1900690 130.2
1900700 130.3
1900710 130.3
1900720 130.3
1900730 130.2
1900740 130.2
1900750 130.0
1900760 129.9
1900770 129.9
1900780 129.8
1900790 129.7
1900800 129.7
1900810 129.6
1900820 129.6
1900830 129.6
1900840 129.6
1900850 129.7
1900860 129.7
1900870 129.7
1900880 129.7
1900890 129.7
1900900 129.7
1900910 129.9
1900920 129.9
1900930 130.0
1900940 130.1
1900950 130.1
1900960 130.2
1900970 130.4
1900980 130.4
1900990 130.5
1901000 130.7
1901010 130.6
1901020 130.6
1901030 130.6
1901040 130.6
1901050 130.4
1901060 130.4
1901070 130.4
1901080 130.0
1901090 129.7
1901100 129.7
1901110 129.6
1901120 129.3
1901130 129.3
1901140 129.2
1901150 129.0
1901160 129.0
1901170 128.8
1901180 128.8
1901190 128.8
1901200 128.8
1901210 128.7
1901220 128.7
1901230 128.8
1901240 128.9
1901250 128.9
1901260 128.8
1901270 128.7
1901280 128.7
1901290 128.8
1901300 128.8
1901310 128.8
1901320 128.8
1901330 128.8
1901340 128.8
1901350 128.8
1901360 128.9
1901370 128.9
1901380 128.9
1901390 129.0
1901400 129.0
1901410 129.0
1901420 129.1
1901430 129.0
1901440 129.0
1901450 129.0
1901460 129.0
1901470 129.0
1901480 129.0
1901490 129.1
1901500 129.1
1901510 129.3
1901520 130.1
1901530 130.1
1901540 130.5
1901550 130.6
1901560 130.6
1901570 130.7
1901580 130.7
1901590 130.7
1901600 130.6
1901610 130.5
1901620 130.5
1901630 130.4
1901640 130.1
1901650 130.1
1901660 129.9
1901670 129.4
1901680 129.4
1901690 129.1
1901700 129.1
1901710 129.1
1901720 129.4
1901730 129.7
1901740 129.7
1901750 129.8
1901760 129.8
1901770 129.8
1901780 129.8
1901790 129.7
1901800 129.7
1901810 129.7
1901820 129.7
1901830 129.7
1901840 129.7
1901850 129.6
1901860 129.6
1901870 129.5
1901880 129.3
1901890 129.3
1901900 129.2
1901910 129.1
1901920 129.1
1901930 129.1
1901940 129.0
1901950 129.0
1901960 129.0
1901970 129.0
1901980 129.0
1901990 129.0
1902000 129.0
1902010 129.0
1902020 129.0
1902030 129.0
1902040 129.0
1902050 128.9
1902060 128.8
1902070 128.8
1902080 128.9
1902090 128.9
1902100 128.9
1902110 129.1
1902120 129.0
1902130 129.0
1902140 128.9
1902150 128.9
1902160 128.9
1902170 128.8
1902180 128.8
1902190 128.8
1902200 128.9
1902210 129.1
1902220 129.1
1902230 129.4
1902240 129.7
1902250 129.8
1902260 129.8
1902270 129.6
1902280 129.6
1902290 129.6
1902300 129.9
1902310 129.9
1902320 130.4
1902330 130.5
1902340 130.5
1902350 130.5
1902360 130.5
1902370 130.5
1902380 130.5
1902390 130.4
1902400 130.2
1902410 130.2
1902420 129.8
1902430 129.5
1902440 129.5
1902450 129.3
1902460 129.4
1902470 129.4
1902480 129.5
1902490 129.5
1902500 129.5
1902510 129.4
1902520 129.3
1902530 129.3
1902540 129.3
1902550 129.3
1902560 129.3
1902570 129.3
1902580 129.3
1902590 129.3
1902600 129.4
1902610 129.4
1902620 129.4
1902630 129.3
1902640 129.2
1902650 129.2
1902660 129.1
1902670 129.1
1902680 129.1
1902690 128.9
1902700 128.9
1902710 128.9
1902720 128.8
1902730 128.7
1902740 128.7
1902750 128.7
1902760 128.8
1902770 128.8
1902780 129.0
1902790 129.1
1902800 129.1
1902810 129.3
1902820 129.3
1902830 129.3
1902840 129.4
1902850 129.2
1902860 129.3
1902870 129.1
1902880 128.9
1902890 128.9
1902900 128.8
1902910 128.8
1902920 128.8
1902930 128.9
1902940 129.1
1902950 129.1
1902960 129.2
1902970 129.2
1902980 129.2
1902990 129.2
1903000 129.1
1903010 129.1
1903020 129.0
1903030 128.8
1903040 128.8
1903050 128.8
1903060 128.6
1903070 128.6
1903080 128.6
1903090 128.6
1903100 128.6
1903110 128.6
1903120 128.6
1903130 128.6
1903140 128.6
1903150 128.6
1903160 128.6
1903170 128.7
1903180 129.0
1903190 129.0
1903200 129.1
1903210 129.2
1903220 129.2
1903230 129.4
1903240 129.8
1903250 129.8
1903260 129.7
1903270 129.9
1903280 129.9
1903290 129.9
1903300 129.8
1903310 129.8
1903320 129.5
1903330 129.5
1903340 129.5
1903350 129.2
1903360 129.0
1903370 128.9
1903380 128.9
1903390 129.1
1903400 128.9
1903410 128.9
1903420 128.8
1903430 128.7
1903440 128.7
1903450 128.7
1903460 128.7
1903470 128.7
1903480 128.7
1903490 128.7
1903500 128.7
1903510 128.7
1903520 128.7
1903530 128.7
1903540 128.6
1903550 128.6
1903560 128.6
1903570 128.6
1903580 128.7
1903590 128.7
1903600 128.6
1903610 128.7
1903620 128.7
1903630 128.9
1903640 128.9
1903650 128.9
1903660 129.3
1903670 129.5
1903680 129.5
1903690 129.7
1903700 129.7
1903710 129.7
1903720 129.5
1903730 129.3
1903740 129.3
1903750 129.2
1903760 129.3
1903770 129.3
1903780 129.2
1903790 129.4
1903800 129.4
1903810 129.3
1903820 129.2
1903830 129.2
1903840 129.0
1903850 128.8
1903860 128.8
1903870 128.5
1903880 128.7
1903890 128.7
1903900 128.7
1903910 128.7
1903920 128.7
1903930 128.7
1903940 128.7
1903950 128.7
1903960 128.7
1903970 128.6
1903980 128.6
1903990 128.6
1904000 128.7
1904010 128.7
1904020 128.8
1904030 128.8
1904040 128.8
1904050 128.8
1904060 129.0
1904070 129.0
1904080 129.1
1904090 129.3
1904100 129.3
1904110 129.2
1904120 129.2
1904130 129.2
1904140 128.9
1904150 128.9
1904160 128.9
1904170 129.0
1904180 128.9
1904190 128.9
1904200 128.8
1904210 128.8
1904220 128.8
1904230 128.7
1904240 128.6
1904250 128.6
1904260 128.5
1904270 128.9
1904280 128.9
1904290 129.4
1904300 129.4
1904310 129.4
1904320 129.8
1904330 129.9
1904340 129.1
1904350 129.1
1904360 128.6
1904370 128.6
1904380 128.6
1904390 128.5
1904400 129.3
1904410 129.3
1904420 129.4
1904430 129.5
1904440 129.5
1904450 129.0
1904460 128.6
1904470 128.6
1904480 128.4
1904490 128.5
1904500 128.5
1904510 128.4
1904520 128.4
1904530 128.4
1904540 128.4
1904550 128.3
1904560 128.3
1904570 128.3
1904580 128.4
1904590 128.4
1904600 128.3
1904610 128.2
1904620 128.2
1904630 128.2
1904640 128.1
1904650 128.1
1904660 128.4
1904670 128.7
1904680 128.7
1904690 129.4
1904700 129.1
1904710 128.1
1904720 128.5
1904730 128.6
1904740 128.6
1904750 129.0
1904760 129.2
1904770 129.2
1904780 129.4
1904790 129.3
1904800 129.3
1904810 129.1
1904820 129.0
1904830 129.0
1904840 129.2
1904850 129.5
1904860 129.5
1904870 129.4
1904880 129.5
1904890 129.5
1904900 129.9
1904910 129.2
1904920 129.2
1904930 129.2
1904940 128.8
1904950 128.8
1904960 128.7
1904970 128.6
1904980 128.6
1904990 128.5
1905000 128.5
1905010 128.5
1905020 128.4
1905030 128.4
1905040 128.4
1905050 128.2
1905060 128.2
1905070 128.2
1905080 128.2
1905090 128.1
1905100 128.1
1905110 128.2
1905120 128.2
1905130 128.2
1905140 128.2
1905150 128.1
1905160 128.1
1905170 128.1
1905180 128.1
1905190 128.1
1905200 128.2
1905210 128.2
1905220 128.2
1905230 128.4
1905240 128.2
1905250 128.2
1905260 128.0
1905270 128.1
1905280 128.1
1905290 128.2
1905300 128.3
1905310 128.3
1905320 128.3
1905330 128.3
1905340 128.3
1905350 128.3
1905360 128.2
1905370 128.0
1905380 128.0
1905390 127.9
1905400 127.9
1905410 127.9
1905420 127.9
1905430 127.8
1905440 127.8
1905450 127.8
1905460 127.7
1905470 127.7
1905480 127.7
1905490 127.7
1905500 127.7
1905510 127.8
1905520 127.8
1905530 127.8
1905540 127.7
1905550 127.7
1905560 127.7
1905570 127.8
1905580 127.9
1905590 127.9
1905600 127.9
1905610 127.8
1905620 127.8
1905630 127.8
1905640 128.0
1905650 128.0
1905660 128.2
1905670 128.2
1905680 128.2
1905690 128.2
