1900000 143.4
1900010 142.6
1900020 142.1
1900030 142.1
1900040 141.5
1900050 140.9
1900060 140.9
1900070 140.4
1900080 139.8
1900090 140.2
1900100 139.5
1900110 138.9
1900120 138.9
1900130 138.4
1900140 137.7
1900150 137.4
1900160 137.4
1900170 137.2
1900180 137.2
1900190 137.2
1900200 137.0
1900210 137.1
1900220 137.1
1900230 137.2
1900240 135.8
1900250 135.8
1900260 134.6
1900270 134.0
1900280 134.0
1900290 133.6
1900300 133.3
1900310 133.3
1900320 133.2
1900330 132.9
1900340 132.9
1900350 133.0
1900360 133.2
1900370 133.2
1900380 133.2
1900390 133.0
1900400 133.1
1900410 132.9
1900420 132.2
1900430 132.2
1900440 131.6
1900450 131.3
1900460 131.3
1900470 131.3
1900480 131.0
1900490 131.0
1900500 130.7
1900510 130.5
1900520 130.5
1900530 130.2
1900540 130.0
1900550 130.0
1900560 129.7
1900570 129.5
1900580 129.5
1900590 129.4
1900600 129.3
1900610 129.3
1900620 129.2
1900630 129.1
1900640 129.1
1900650 129.0
1900660 129.0
1900670 129.0
1900680 129.0
1900690 128.9
1900700 128.9
1900710 128.9
1900720 129.0
1900730 129.0
1900740 129.1
1900750 129.3
1900760 129.3
1900770 129.3
1900780 129.3
1900790 129.3
1900800 129.3
1900810 129.3
1900820 129.3
1900830 129.2
1900840 129.1
1900850 129.1
1900860 129.0
1900870 129.0
1900880 129.0
1900890 129.0
1900900 128.9
1900910 128.9
1900920 128.9
1900930 129.0
1900940 129.0
1900950 129.1
1900960 129.1
1900970 129.1
1900980 129.1
1900990 129.2
1901000 129.2
1901010 129.2
1901020 129.2
1901030 129.2
1901040 129.3
1901050 129.4
1901060 129.4
1901070 129.5
1901080 129.6
1901090 129.6
1901100 129.7
1901110 129.8
1901120 129.9
1901130 129.9
1901140 130.0
1901150 130.0
1901160 130.0
1901170 130.1
1901180 130.2
1901190 130.2
1901200 130.3
1901210 130.4
1901220 130.4
1901230 130.6
1901240 130.7
1901250 130.7
1901260 130.8
1901270 130.8
1901280 130.8
1901290 130.9
1901300 130.9
1901310 130.9
1901320 131.0
1901330 131.3
1901340 131.3
1901350 131.3
1901360 131.3
1901370 131.3
1901380 131.1
1901390 131.1
1901400 131.1
1901410 131.1
1901420 131.0
1901430 131.0
1901440 130.9
1901450 130.8
1901460 130.8
1901470 130.6
1901480 130.5
1901490 130.5
1901500 130.3
1901510 130.2
1901520 130.2
1901530 130.1
1901540 130.0
1901550 130.0
1901560 129.9
1901570 129.7
1901580 129.7
1901590 129.4
1901600 129.3
1901610 129.3
1901620 129.2
1901630 129.3
1901640 129.3
1901650 129.4
1901660 129.4
1901670 129.4
1901680 129.4
1901690 129.5
1901700 129.5
1901710 129.6
1901720 129.6
1901730 129.6
1901740 129.5
1901750 129.2
1901760 129.2
1901770 128.8
1901780 128.6
1901790 128.6
1901800 128.5
1901810 128.7
1901820 128.7
1901830 128.9
1901840 129.1
1901850 129.1
1901860 129.2
1901870 129.3
1901880 129.3
1901890 129.1
1901900 128.9
1901910 128.9
1901920 128.9
1901930 129.0
1901940 129.0
1901950 130.7
1901960 130.6
1901970 130.6
1901980 130.4
1901990 129.6
1902000 129.6
1902010 129.2
1902020 129.0
1902030 129.0
1902040 128.8
1902050 128.8
1902060 128.8
1902070 128.8
1902080 128.9
1902090 129.0
1902100 129.0
1902110 130.0
1902120 130.5
1902130 130.5
1902140 130.4
1902150 130.3
1902160 130.3
1902170 130.2
1902180 130.2
1902190 130.2
1902200 130.0
1902210 129.1
1902220 129.1
1902230 129.2
1902240 129.4
1902250 129.4
1902260 129.3
1902270 129.4
1902280 129.4
1902290 129.4
1902300 129.3
1902310 129.3
1902320 129.5
1902330 129.6
1902340 129.6
1902350 129.6
1902360 129.5
1902370 129.5
1902380 129.4
1902390 129.3
1902400 129.3
1902410 129.3
1902420 129.2
1902430 129.2
1902440 129.2
1902450 129.2
1902460 129.2
1902470 129.1
1902480 129.1
1902490 129.1
1902500 129.1
1902510 129.2
1902520 129.2
1902530 129.2
1902540 129.2
1902550 129.2
1902560 129.2
1902570 129.2
1902580 129.2
1902590 129.2
1902600 129.2
1902610 129.2
1902620 129.2
1902630 129.3
1902640 129.3
1902650 129.3
1902660 129.2
1902670 129.2
1902680 129.1
1902690 129.1
1902700 129.1
1902710 129.2
1902720 129.1
1902730 129.1
1902740 129.1
1902750 129.0
1902760 129.0
1902770 129.0
1902780 129.0
1902790 129.0
1902800 128.9
1902810 128.9
1902820 128.9
1902830 128.9
1902840 128.8
1902850 128.8
1902860 128.8
1902870 128.9
1902880 128.9
1902890 128.9
1902900 128.9
1902910 128.9
1902920 128.9
1902930 129.0
1902940 129.0
1902950 129.0
1902960 129.0
1902970 129.0
1902980 129.1
1902990 129.0
1903000 129.0
1903010 128.9
1903020 128.8
1903030 128.8
1903040 128.7
1903050 128.7
1903060 128.8
1903070 128.8
1903080 129.0
1903090 129.2
1903100 129.2
1903110 129.2
1903120 129.1
1903130 129.1
1903140 129.0
1903150 129.0
1903160 129.0
1903170 128.9
1903180 128.8
1903190 128.8
1903200 128.8
1903210 128.8
1903220 128.8
1903230 128.7
1903240 128.8
1903250 128.8
1903260 128.8
1903270 128.8
1903280 128.8
1903290 128.8
1903300 128.8
1903310 128.8
1903320 128.7
1903330 128.8
1903340 128.8
1903350 129.0
1903360 129.1
1903370 129.1
1903380 129.2
1903390 129.4
1903400 129.4
1903410 129.4
1903420 129.3
1903430 129.3
1903440 129.2
1903450 129.0
1903460 129.0
1903470 128.8
1903480 128.7
1903490 128.8
1903500 128.8
1903510 128.9
1903520 128.9
1903530 129.0
1903540 129.1
1903550 129.1
1903560 129.2
1903570 129.1
1903580 129.1
1903590 129.0
1903600 128.9
1903610 128.9
1903620 129.0
1903630 129.1
1903640 129.1
1903650 129.3
1903660 129.4
1903670 129.4
1903680 129.5
1903690 129.4
1903700 129.4
1903710 129.2
1903720 129.2
1903730 129.2
1903740 129.1
1903750 128.9
1903760 128.9
1903770 128.8
1903780 128.8
1903790 128.8
1903800 128.9
1903810 128.9
1903820 128.9
1903830 128.8
1903840 128.8
1903850 128.8
1903860 128.8
1903870 128.8
1903880 128.8
1903890 128.8
1903900 128.9
1903910 128.9
1903920 128.9
1903930 128.9
1903940 128.9
1903950 128.9
1903960 128.8
1903970 128.8
1903980 128.8
1903990 128.8
1904000 128.8
1904010 128.8
1904020 128.8
1904030 128.9
1904040 128.9
1904050 128.9
1904060 128.8
1904070 128.8
1904080 128.8
1904090 128.8
1904100 128.8
1904110 128.8
1904120 128.8
1904130 128.8
1904140 128.8
1904150 128.7
1904160 128.7
1904170 128.8
1904180 128.9
1904190 128.9
1904200 129.0
1904210 129.0
1904220 129.0
1904230 128.6
1904240 128.5
1904250 128.5
1904260 128.5
1904270 128.5
1904280 128.5
1904290 128.3
1904300 128.3
1904310 128.3
1904320 128.3
1904330 128.3
1904340 128.3
1904350 128.5
1904360 128.3
1904370 128.3
1904380 128.4
1904390 128.3
1904400 128.3
1904410 128.3
1904420 128.3
1904430 128.3
1904440 128.2
1904450 128.1
1904460 128.1
1904470 128.2
1904480 128.3
1904490 128.3
1904500 128.5
1904510 128.6
1904520 128.6
1904530 128.6
1904540 128.3
1904550 128.3
1904560 128.3
1904570 128.3
1904580 128.3
1904590 128.3
1904600 128.4
1904610 128.4
1904620 128.6
1904630 128.7
1904640 128.7
1904650 128.8
1904660 128.7
1904670 128.7
1904680 128.7
1904690 128.7
1904700 128.7
1904710 128.7
1904720 128.6
1904730 128.6
1904740 128.6
1904750 128.6
1904760 128.6
1904770 128.7
1904780 128.8
1904790 128.8
1904800 128.5
1904810 128.4
1904820 128.4
1904830 128.4
1904840 128.3
1904850 128.3
1904860 128.3
1904870 128.3
1904880 128.3
1904890 128.3
1904900 128.3
1904910 128.3
1904920 128.3
1904930 128.4
1904940 128.4
1904950 128.5
1904960 128.7
1904970 128.7
1904980 129.0
1904990 128.5
1905000 127.4
1905010 127.4
1905020 128.1
1905030 129.0
1905040 129.0
1905050 128.6
1905060 127.7
1905070 127.7
1905080 128.7
1905090 128.9
1905100 128.9
1905110 128.8
1905120 128.7
1905130 128.7
1905140 128.6
1905150 128.6
1905160 128.6
1905170 128.6
1905180 128.7
1905190 128.7
1905200 128.6
1905210 128.8
1905220 128.8
1905230 128.9
1905240 129.1
1905250 129.1
1905260 129.2
1905270 129.1
1905280 129.1
1905290 128.0
1905300 126.9
1905310 126.9
1905320 127.5
1905330 127.8
1905340 127.8
1905350 128.3
1905360 128.8
1905370 128.8
1905380 128.8
1905390 128.9
1905400 128.9
1905410 129.1
1905420 129.5
1905430 129.5
1905440 129.9
1905450 129.5
1905460 129.5
1905470 128.6
1905480 128.4
1905490 128.4
1905500 128.4
1905510 128.5
1905520 128.5
1905530 128.7
