1900000 143.6
1900010 142.7
1900020 142.4
1900030 142.4
1900040 142.1
1900050 141.7
1900060 141.7
1900070 141.5
1900080 140.9
1900090 140.9
1900100 140.3
1900110 139.9
1900120 139.9
1900130 139.0
1900140 138.3
1900150 138.3
1900160 137.9
1900170 136.8
1900180 136.8
1900190 136.8
1900200 136.5
1900210 136.5
1900220 136.3
1900230 135.9
1900240 135.9
1900250 135.4
1900260 135.5
1900270 135.5
1900280 135.1
1900290 135.0
1900300 135.0
1900310 134.6
1900320 134.4
1900330 134.4
1900340 134.4
1900350 134.3
1900360 134.3
1900370 133.9
1900380 133.6
1900390 133.6
1900400 133.5
1900410 133.3
1900420 133.3
1900430 133.1
1900440 132.8
1900450 132.8
1900460 132.6
1900470 132.6
1900480 132.6
1900490 132.3
1900500 131.9
1900510 131.9
1900520 131.8
1900530 131.7
1900540 131.3
1900550 131.3
1900560 131.1
1900570 130.7
1900580 130.7
1900590 130.4
1900600 130.2
1900610 130.2
1900620 130.0
1900630 129.8
1900640 129.8
1900650 129.7
1900660 129.6
1900670 129.6
1900680 129.6
1900690 129.2
1900700 129.2
1900710 129.0
1900720 128.9
1900730 128.9
1900740 129.0
1900750 129.0
1900760 129.0
1900770 129.1
1900780 129.2
1900790 129.2
1900800 129.4
1900810 129.5
1900820 129.5
1900830 129.5
1900840 129.6
1900850 129.6
1900860 129.6
1900870 129.5
1900880 129.5
1900890 129.5
1900900 129.4
1900910 129.4
1900920 129.4
1900930 129.3
1900940 129.3
1900950 129.3
1900960 129.3
1900970 129.3
1900980 129.3
1900990 129.3
1901000 129.3
1901010 129.3
1901020 129.5
1901030 129.5
1901040 129.6
1901050 129.6
1901060 129.6
1901070 129.7
1901080 129.8
1901090 129.8
1901100 129.6
1901110 129.6
1901120 129.6
1901130 129.6
1901140 129.5
1901150 129.5
1901160 129.5
1901170 129.5
1901180 129.5
1901190 129.5
1901200 129.5
1901210 129.5
1901220 129.5
1901230 129.5
1901240 129.5
1901250 129.5
1901260 129.5
1901270 129.5
1901280 129.5
1901290 129.5
1901300 129.5
1901310 129.4
1901320 129.4
1901330 129.4
1901340 129.5
1901350 129.5
1901360 129.5
1901370 129.5
1901380 129.6
1901390 129.6
1901400 129.7
1901410 129.8
1901420 129.8
1901430 130.0
1901440 130.1
1901450 130.1
1901460 130.0
1901470 129.9
1901480 129.8
1901490 129.8
1901500 129.8
1901510 129.9
1901520 129.9
1901530 130.1
1901540 130.3
1901550 130.3
1901560 130.2
1901570 130.1
1901580 130.1
1901590 130.0
1901600 130.0
1901610 130.0
1901620 129.9
1901630 130.0
1901640 130.0
1901650 130.0
1901660 130.0
1901670 130.0
1901680 130.0
1901690 130.0
1901700 130.0
1901710 130.1
1901720 130.1
1901730 130.1
1901740 130.1
1901750 130.1
1901760 130.1
1901770 130.1
1901780 130.2
1901790 130.2
1901800 130.2
1901810 130.3
1901820 130.3
1901830 130.1
1901840 129.8
1901850 129.8
1901860 129.6
1901870 129.5
1901880 129.5
1901890 129.6
1901900 129.7
1901910 129.7
1901920 129.9
1901930 130.0
1901940 130.0
1901950 130.0
1901960 129.9
1901970 129.9
1901980 129.7
1901990 129.6
1902000 129.6
1902010 129.5
1902020 129.5
1902030 129.5
1902040 129.5
1902050 129.3
1902060 129.3
1902070 129.3
1902080 129.4
1902090 129.4
1902100 129.4
1902110 129.4
1902120 129.4
1902130 129.4
1902140 129.4
1902150 129.4
1902160 129.3
1902170 129.4
1902180 129.4
1902190 129.4
1902200 129.4
1902210 129.4
1902220 129.4
1902230 129.4
1902240 129.4
1902250 129.4
1902260 129.8
1902270 130.0
1902280 130.2
1902290 130.3
1902300 130.3
1902310 130.3
1902320 130.4
1902330 130.4
1902340 130.4
1902350 130.2
1902360 130.2
1902370 130.0
1902380 129.9
1902390 129.9
1902400 129.9
1902410 129.8
1902420 129.8
1902430 129.7
1902440 129.6
1902450 129.5
1902460 129.5
1902470 129.4
1902480 129.3
1902490 129.3
1902500 129.1
1902510 128.9
1902520 128.9
1902530 128.8
1902540 128.8
1902550 128.8
1902560 128.8
1902570 128.7
1902580 128.6
1902590 128.6
1902600 128.7
1902610 128.7
1902620 128.6
1902630 128.6
1902640 128.6
1902650 128.6
1902660 128.7
1902670 128.7
1902680 128.8
1902690 128.9
1902700 128.9
1902710 128.9
1902720 128.8
1902730 128.8
1902740 128.7
1902750 128.7
1902760 128.7
1902770 128.6
1902780 128.6
1902790 128.6
1902800 128.6
1902810 128.6
1902820 128.6
1902830 128.6
1902840 128.6
1902850 128.6
1902860 128.6
1902870 128.6
1902880 128.6
1902890 128.7
1902900 128.7
1902910 128.7
1902920 128.7
1902930 128.6
1902940 128.6
1902950 128.6
1902960 128.6
1902970 128.6
1902980 128.5
1902990 128.6
1903000 128.6
1903010 128.5
1903020 128.6
1903030 128.6
1903040 128.5
1903050 128.5
1903060 128.5
1903070 128.5
1903080 128.6
1903090 128.6
1903100 128.5
1903110 128.6
1903120 128.6
1903130 128.6
1903140 128.6
1903150 128.6
1903160 128.7
1903170 128.7
1903180 128.7
1903190 128.6
1903200 128.6
1903210 128.6
1903220 128.6
1903230 128.6
1903240 128.6
1903250 128.6
1903260 128.6
1903270 128.6
1903280 128.5
1903290 128.5
1903300 128.5
1903310 128.5
1903320 128.4
1903330 128.4
1903340 128.5
1903350 128.6
1903360 128.6
1903370 128.6
1903380 128.6
1903390 128.6
1903400 128.7
1903410 128.7
1903420 128.7
1903430 128.7
1903440 128.6
1903450 128.5
1903460 128.5
1903470 128.3
1903480 128.3
1903490 128.3
1903500 128.3
1903510 128.4
1903520 128.4
1903530 128.5
1903540 128.5
1903550 128.5
1903560 128.6
1903570 128.8
1903580 128.8
1903590 129.0
1903600 129.1
1903610 129.1
1903620 128.8
1903630 128.7
1903640 128.7
1903650 128.6
1903660 128.6
1903670 128.6
1903680 128.7
1903690 128.8
1903700 128.8
1903710 128.8
1903720 128.8
1903730 128.8
1903740 128.7
1903750 128.7
1903760 128.7
1903770 128.7
1903780 128.7
1903790 128.7
1903800 128.7
1903810 128.6
1903820 128.6
1903830 128.5
1903840 128.4
1903850 128.4
1903860 128.4
1903870 128.3
1903880 128.3
1903890 128.3
1903900 128.3
1903910 128.3
1903920 128.4
1903930 128.4
1903940 128.4
1903950 128.3
1903960 128.3
1903970 128.3
1903980 128.3
1903990 128.3
1904000 128.3
1904010 128.3
1904020 128.3
1904030 128.3
1904040 128.3
1904050 128.2
1904060 128.2
1904070 128.2
1904080 128.3
1904090 128.3
1904100 128.5
1904110 128.4
1904120 128.4
1904130 128.4
1904140 128.3
1904150 128.3
1904160 128.4
1904170 128.5
1904180 128.5
1904190 128.5
1904200 128.4
1904210 128.4
1904220 128.5
1904230 128.3
1904240 128.3
1904250 128.2
1904260 128.3
1904270 128.3
1904280 128.6
1904290 128.8
1904300 128.8
1904310 128.9
1904320 128.8
1904330 128.8
1904340 128.6
1904350 128.5
1904360 128.5
1904370 128.6
1904380 128.4
1904390 128.4
1904400 128.4
1904410 128.5
1904420 128.5
1904430 128.5
1904440 128.5
1904450 128.4
1904460 128.4
1904470 128.4
1904480 128.4
1904490 128.4
1904500 128.3
1904510 128.3
1904520 128.3
1904530 128.3
1904540 128.2
1904550 128.2
1904560 128.3
1904570 128.4
1904580 128.4
1904590 128.4
1904600 128.5
1904610 128.5
1904620 128.3
1904630 128.2
1904640 128.2
1904650 128.4
1904660 128.7
1904670 128.7
1904680 128.9
1904690 128.8
1904700 128.8
1904710 128.6
1904720 128.3
1904730 128.1
1904740 128.1
1904750 128.4
1904760 128.4
1904770 128.7
1904780 128.6
1904790 128.6
1904800 128.5
1904810 128.4
1904820 128.4
1904830 128.3
1904840 128.3
1904850 128.3
1904860 128.3
1904870 128.3
1904880 128.3
1904890 128.3
1904900 128.3
1904910 128.3
1904920 128.2
1904930 128.2
1904940 128.2
1904950 128.2
1904960 128.1
1904970 128.1
1904980 128.1
1904990 128.2
1905000 128.2
1905010 128.2
1905020 128.2
1905030 128.2
1905040 128.3
1905050 128.3
1905060 128.3
1905070 128.4
1905080 128.4
1905090 128.4
1905100 128.3
1905110 128.2
1905120 128.2
1905130 128.2
1905140 128.2
1905150 128.2
1905160 128.2
1905170 128.2
1905180 128.2
1905190 128.3
1905200 128.4
1905210 128.4
1905220 128.3
1905230 128.4
1905240 128.4
1905250 128.2
1905260 128.1
1905270 128.1
1905280 128.2
1905290 128.1
1905300 128.1
1905310 128.1
1905320 128.1
1905330 128.1
1905340 128.0
