1900000 143.2
1900010 142.8
1900020 142.3
1900030 142.3
1900040 141.9
1900050 141.6
1900060 141.6
1900070 141.3
1900080 140.5
1900090 140.5
1900100 140.0
1900110 139.5
1900120 139.5
1900130 138.9
1900140 138.6
1900150 137.6
1900160 137.6
1900170 136.8
1900180 135.9
1900190 135.9
1900200 135.5
1900210 134.1
1900220 134.1
1900230 133.5
1900240 134.3
1900250 134.3
1900260 134.3
1900270 134.4
1900280 134.4
1900290 133.4
1900300 133.0
1900310 133.0
1900320 132.8
1900330 132.5
1900340 132.5
1900350 132.2
1900360 132.2
1900370 132.2
1900380 131.9
1900390 131.5
1900400 131.5
1900410 131.3
1900420 130.9
1900430 130.9
1900440 130.7
1900450 130.6
1900460 130.6
1900470 130.4
1900480 130.2
1900490 130.3
1900500 130.2
1900510 130.2
1900520 130.2
1900530 130.2
1900540 130.3
1900550 130.3
1900560 130.4
1900570 130.4
1900580 130.4
1900590 130.5
1900600 130.5
1900610 130.5
1900620 130.6
1900630 130.6
1900640 130.6
1900650 130.4
1900660 130.4
1900670 130.4
1900680 130.4
1900690 130.3
1900700 130.3
1900710 130.2
1900720 130.0
1900730 130.0
1900740 129.9
1900750 129.7
1900760 129.7
1900770 129.7
1900780 129.5
1900790 129.5
1900800 129.1
1900810 129.3
1900820 129.3
1900830 129.6
1900840 129.8
1900850 129.8
1900860 129.9
1900870 130.0
1900880 130.0
1900890 130.2
1900900 130.3
1900910 130.3
1900920 130.3
1900930 130.3
1900940 130.3
1900950 130.2
1900960 130.3
1900970 130.3
1900980 130.3
1900990 130.2
1901000 130.2
1901010 130.0
1901020 129.7
1901030 129.7
1901040 129.5
1901050 129.3
1901060 129.3
1901070 129.0
1901080 128.8
1901090 128.8
1901100 128.8
1901110 128.9
1901120 128.9
1901130 128.9
1901140 128.8
1901150 128.9
1901160 128.9
1901170 128.9
1901180 128.9
1901190 128.9
1901200 128.9
1901210 128.9
1901220 128.9
1901230 129.0
1901240 129.0
1901250 129.0
1901260 129.0
1901270 129.0
1901280 129.0
1901290 129.0
1901300 129.1
1901310 129.1
1901320 129.1
1901330 129.1
1901340 129.1
1901350 129.2
1901360 129.2
1901370 129.2
1901380 129.1
1901390 129.0
1901400 129.0
1901410 129.1
1901420 129.2
1901430 129.2
1901440 129.5
1901450 130.1
1901460 130.1
1901470 130.3
1901480 130.4
1901490 130.4
1901500 130.5
1901510 130.5
1901520 130.5
1901530 130.5
1901540 130.4
1901550 130.4
1901560 130.3
1901570 130.6
1901580 130.6
1901590 130.3
1901600 129.9
1901610 129.9
1901620 129.6
1901630 129.4
1901640 129.4
1901650 129.4
1901660 129.4
1901670 129.4
1901680 129.5
1901690 129.3
1901700 129.3
1901710 129.2
1901720 129.2
1901730 129.2
1901740 129.1
1901750 129.1
1901760 129.1
1901770 129.1
1901780 129.1
1901790 129.1
1901800 129.1
1901810 129.1
1901820 129.1
1901830 129.1
1901840 129.2
1901850 129.2
1901860 129.3
1901870 129.3
1901880 129.3
1901890 129.4
1901900 129.4
1901910 129.4
1901920 129.4
1901930 129.4
1901940 129.4
1901950 129.4
1901960 129.4
1901970 129.4
1901980 129.4
1901990 129.2
1902000 129.2
1902010 129.1
1902020 129.1
1902030 129.1
1902040 129.1
1902050 129.2
1902060 129.2
1902070 129.3
1902080 129.3
1902090 129.2
1902100 129.2
1902110 129.2
1902120 129.3
1902130 129.3
1902140 129.4
1902150 129.4
1902160 129.4
1902170 129.5
1902180 129.6
1902190 129.6
1902200 129.8
1902210 129.8
1902220 129.8
1902230 129.8
1902240 129.8
1902250 129.8
1902260 129.7
1902270 129.6
1902280 129.6
1902290 129.6
1902300 129.5
1902310 129.5
1902320 129.5
1902330 129.4
1902340 129.4
1902350 129.4
1902360 129.9
1902370 129.9
1902380 130.6
1902390 130.8
1902400 130.8
1902410 130.8
1902420 130.9
1902430 130.9
1902440 131.0
1902450 130.9
1902460 130.9
1902470 130.5
1902480 130.1
1902490 130.1
1902500 129.7
1902510 129.3
1902520 129.3
1902530 129.3
1902540 129.4
1902550 129.4
1902560 129.4
1902570 129.3
1902580 129.3
1902590 129.3
1902600 129.3
1902610 129.3
1902620 129.2
1902630 129.2
1902640 129.2
1902650 129.2
1902660 129.2
1902670 129.2
1902680 129.1
1902690 129.1
1902700 129.1
1902710 129.1
1902720 129.1
1902730 129.1
1902740 129.0
1902750 129.0
1902760 129.0
1902770 129.0
1902780 129.0
1902790 129.0
1902800 129.0
1902810 129.0
1902820 129.0
1902830 129.1
1902840 129.1
1902850 129.1
1902860 129.1
1902870 129.1
1902880 129.1
1902890 129.2
1902900 129.4
1902910 129.4
1902920 129.5
1902930 129.5
1902940 129.5
1902950 129.5
1902960 129.3
1902970 129.3
1902980 129.1
1902990 129.0
1903000 129.0
1903010 129.0
1903020 128.7
1903030 128.7
1903040 128.7
1903050 128.7
1903060 128.6
1903070 128.6
1903080 128.6
1903090 128.6
1903100 128.6
1903110 128.7
1903120 128.7
1903130 128.7
1903140 128.7
1903150 128.9
1903160 128.9
1903170 129.0
1903180 129.1
1903190 129.1
1903200 129.2
1903210 129.4
1903220 129.4
1903230 129.4
1903240 129.5
1903250 129.5
1903260 129.8
1903270 129.5
1903280 129.5
1903290 129.5
1903300 129.4
1903310 129.4
1903320 129.5
1903330 129.5
1903340 129.5
1903350 129.4
1903360 129.2
1903370 129.2
1903380 129.2
1903390 129.2
1903400 129.2
1903410 129.2
1903420 129.2
1903430 129.2
1903440 129.3
1903450 129.3
1903460 129.3
1903470 129.1
1903480 129.3
1903490 129.3
1903500 129.2
1903510 129.1
1903520 129.1
1903530 129.0
1903540 128.9
1903550 128.9
1903560 128.8
1903570 128.8
1903580 128.8
1903590 128.7
1903600 128.9
1903610 128.9
1903620 128.9
1903630 129.1
1903640 129.1
1903650 129.3
1903660 129.4
1903670 129.4
1903680 129.3
1903690 129.1
1903700 129.1
1903710 129.1
1903720 129.2
1903730 129.2
1903740 129.3
1903750 129.7
1903760 129.7
1903770 129.7
1903780 129.5
1903790 129.5
1903800 129.5
1903810 129.1
1903820 129.1
1903830 128.8
1903840 128.7
1903850 128.7
1903860 128.6
1903870 128.6
1903880 128.6
1903890 128.6
1903900 128.6
1903910 128.6
1903920 128.6
1903930 128.9
1903940 128.9
1903950 129.0
1903960 129.3
1903970 129.3
1903980 129.7
1903990 129.9
1904000 129.9
1904010 130.1
1904020 130.2
1904030 130.2
1904040 130.2
1904050 130.2
1904060 130.4
1904070 130.4
1904080 130.1
1904090 129.4
1904100 129.4
1904110 129.6
1904120 129.4
1904130 129.4
1904140 129.5
1904150 129.9
1904160 129.9
1904170 130.1
1904180 130.1
1904190 128.8
1904200 128.6
1904210 128.5
1904220 128.5
1904230 128.5
1904240 128.5
1904250 128.5
1904260 128.5
1904270 128.8
1904280 128.8
1904290 129.1
1904300 129.5
1904310 129.5
1904320 128.6
1904330 128.0
1904340 128.0
1904350 128.0
1904360 128.2
1904370 128.2
1904380 128.3
1904390 128.4
1904400 128.4
1904410 128.4
1904420 128.3
1904430 128.3
1904440 128.5
1904450 128.4
1904460 128.4
1904470 128.2
1904480 128.2
1904490 128.2
1904500 128.3
1904510 128.3
1904520 128.3
1904530 128.4
1904540 128.3
1904550 128.3
1904560 128.2
1904570 128.1
1904580 128.1
1904590 128.0
1904600 128.0
1904610 128.0
1904620 128.0
1904630 127.9
1904640 127.9
1904650 127.8
1904660 127.9
1904670 127.9
1904680 127.9
1904690 127.9
1904700 127.9
1904710 128.0
1904720 128.1
1904730 128.1
1904740 128.2
1904750 128.2
1904760 128.2
1904770 128.2
1904780 128.1
1904790 128.1
1904800 128.1
1904810 128.1
1904820 128.1
1904830 128.1
1904840 128.1
1904850 128.1
1904860 128.2
1904870 128.2
1904880 128.2
1904890 128.2
1904900 128.1
1904910 128.1
1904920 128.1
1904930 128.1
1904940 128.1
1904950 128.0
1904960 128.0
1904970 128.0
1904980 128.0
1904990 128.1
1905000 128.1
1905010 128.1
1905020 128.0
1905030 128.2
1905040 128.2
1905050 128.1
1905060 128.0
1905070 128.0
1905080 128.1
1905090 128.1
1905100 128.1
1905110 128.1
1905120 128.1
1905130 128.1
1905140 128.1
1905150 128.1
1905160 128.1
1905170 128.1
1905180 128.1
1905190 128.1
1905200 128.1
1905210 128.0
1905220 128.0
1905230 128.1
1905240 128.1
1905250 128.1
1905260 128.2
1905270 128.1
1905280 128.1
1905290 127.9
1905300 127.9
1905310 127.9
1905320 128.0
1905330 128.0
1905340 128.0
1905350 128.0
1905360 128.0
1905370 128.0
1905380 128.0
1905390 127.9
1905400 127.9
1905410 127.8
1905420 127.8
1905430 127.8
1905440 127.7
1905450 127.8
1905460 127.8
1905470 127.8
1905480 127.8
1905490 127.8
1905500 127.7
1905510 127.7
1905520 127.7
1905530 127.7
1905540 127.8
1905550 127.8
1905560 127.8
1905570 127.7
1905580 127.7
1905590 127.7
1905600 127.8
1905610 127.8
1905620 128.0
1905630 128.0
1905640 128.0
1905650 128.0
1905660 127.9
1905670 127.9
1905680 128.1
1905690 128.0
1905700 128.0
1905710 128.2
1905720 128.1
1905730 128.8
1905740 129.2
