1900000 141.1
1900010 141.1
1900020 141.0
1900030 140.3
1900040 140.3
1900050 139.4
1900060 138.9
1900070 138.9
1900080 138.7
1900090 138.4
1900100 138.4
1900110 138.4
1900120 138.0
1900130 138.0
1900140 137.1
1900150 136.9
1900160 136.9
1900170 137.0
1900180 137.0
1900190 137.0
1900200 136.8
1900210 136.7
1900220 136.7
1900230 136.4
1900240 136.0
1900250 136.0
1900260 135.5
1900270 135.1
1900280 134.8
1900290 134.8
1900300 134.5
1900310 134.2
1900320 134.2
1900330 133.9
1900340 133.6
1900350 133.6
1900360 133.4
1900370 132.9
1900380 132.9
1900390 132.5
1900400 132.2
1900410 132.2
1900420 132.0
1900430 132.2
1900440 132.2
1900450 132.1
1900460 132.0
1900470 132.0
1900480 131.7
1900490 131.1
1900500 131.1
1900510 130.9
1900520 130.6
1900530 130.6
1900540 130.3
1900550 130.1
1900560 130.1
1900570 130.0
1900580 129.9
1900590 129.9
1900600 129.5
1900610 129.5
1900620 129.5
1900630 129.3
1900640 129.1
1900650 129.1
1900660 129.2
1900670 129.1
1900680 129.1
1900690 129.1
1900700 129.1
1900710 129.0
1900720 129.0
1900730 129.0
1900740 129.0
1900750 129.1
1900760 129.2
1900770 129.2
1900780 129.3
1900790 129.3
1900800 129.3
1900810 129.4
1900820 129.3
1900830 129.3
1900840 129.2
1900850 129.2
1900860 129.2
1900870 129.1
1900880 129.1
1900890 129.1
1900900 129.0
1900910 129.0
1900920 129.0
1900930 129.0
1900940 129.0
1900950 129.0
1900960 129.0
1900970 129.1
1900980 129.1
1900990 129.2
1901000 129.2
1901010 129.2
1901020 129.3
1901030 129.4
1901040 129.4
1901050 129.5
1901060 129.5
1901070 129.5
1901080 129.5
1901090 129.6
1901100 129.6
1901110 129.6
1901120 129.7
1901130 129.7
1901140 129.7
1901150 129.7
1901160 129.7
1901170 129.8
1901180 129.8
1901190 129.8
1901200 129.9
1901210 130.1
1901220 130.1
1901230 129.8
1901240 129.8
1901250 129.9
1901260 129.9
1901270 129.9
1901280 130.0
1901290 130.0
1901300 130.0
1901310 130.1
1901320 130.1
1901330 130.3
1901340 130.3
1901350 130.3
1901360 130.4
1901370 130.5
1901380 130.5
1901390 130.5
1901400 130.5
1901410 130.5
1901420 130.6
1901430 130.6
1901440 130.6
1901450 130.7
1901460 130.8
1901470 130.8
1901480 130.9
1901490 130.8
1901500 130.8
1901510 130.7
1901520 130.5
1901530 130.5
1901540 130.2
1901550 130.1
1901560 130.1
1901570 129.9
1901580 129.7
1901590 129.7
1901600 129.6
1901610 129.7
1901620 129.7
1901630 129.7
1901640 129.4
1901650 129.4
1901660 129.5
1901670 129.6
1901680 129.6
1901690 129.7
1901700 129.8
1901710 129.8
1901720 129.9
1901730 129.9
1901740 129.9
1901750 130.0
1901760 130.0
1901770 130.0
1901780 130.1
1901790 130.0
1901800 130.0
1901810 129.9
1901820 130.1
1901830 130.1
1901840 130.1
1901850 130.1
1901860 130.1
1901870 130.2
1901880 130.2
1901890 130.2
1901900 130.3
1901910 130.3
1901920 130.3
1901930 129.8
1901940 129.2
1901950 128.3
1901960 128.1
1901970 128.7
1901980 128.7
1901990 129.6
1902000 129.8
1902010 129.8
1902020 130.0
1902030 130.4
1902040 130.4
1902050 131.1
1902060 131.2
1902070 131.2
1902080 130.9
1902090 130.6
1902100 130.6
1902110 130.7
1902120 130.5
1902130 130.5
1902140 130.0
1902150 129.5
1902160 129.5
1902170 129.4
1902180 128.9
1902190 128.9
1902200 128.1
1902210 129.0
1902220 129.1
1902230 129.1
1902240 129.2
1902250 129.3
1902260 129.2
1902270 129.3
1902280 129.3
1902290 129.3
1902300 129.3
1902310 129.2
1902320 129.2
1902330 129.2
1902340 129.2
1902350 129.2
1902360 129.1
1902370 129.1
1902380 129.1
1902390 129.1
1902400 129.1
1902410 129.1
1902420 129.0
1902430 129.1
1902440 129.1
1902450 129.0
1902460 128.9
1902470 128.9
1902480 128.9
1902490 128.8
1902500 128.8
1902510 128.8
1902520 128.8
1902530 128.8
1902540 128.8
1902550 128.8
1902560 128.8
1902570 129.0
1902580 129.0
1902590 129.0
1902600 129.1
1902610 129.1
1902620 129.1
1902630 129.1
1902640 129.0
1902650 129.0
1902660 128.9
1902670 128.9
1902680 128.9
1902690 128.9
1902700 128.9
1902710 128.9
1902720 128.9
1902730 128.9
1902740 128.9
1902750 128.8
1902760 128.8
1902770 128.8
1902780 128.8
1902790 128.8
1902800 128.8
1902810 128.8
1902820 128.8
1902830 128.8
1902840 128.8
1902850 128.7
1902860 128.7
1902870 128.8
1902880 128.8
1902890 128.8
1902900 128.8
1902910 128.8
1902920 128.8
1902930 128.8
1902940 128.7
1902950 128.7
1902960 128.7
1902970 128.7
1902980 128.7
1902990 128.6
1903000 128.6
1903010 128.6
1903020 128.7
1903030 128.8
1903040 128.8
1903050 128.9
1903060 129.0
1903070 129.0
1903080 129.0
1903090 128.9
1903100 128.9
1903110 128.9
1903120 128.8
1903130 128.8
1903140 129.0
1903150 129.2
1903160 129.2
1903170 129.4
1903180 129.5
1903190 129.4
1903200 129.4
1903210 129.3
1903220 129.4
1903230 129.4
1903240 129.4
1903250 129.4
1903260 129.4
1903270 129.3
1903280 129.3
1903290 129.3
1903300 129.2
1903310 129.0
1903320 129.0
1903330 128.8
1903340 128.8
1903350 128.8
1903360 128.9
1903370 128.9
1903380 128.9
1903390 129.0
1903400 129.2
1903410 129.2
1903420 129.1
1903430 129.1
1903440 129.1
1903450 129.1
1903460 129.0
1903470 129.0
1903480 128.9
1903490 129.0
1903500 129.0
1903510 128.9
1903520 128.8
1903530 128.8
1903540 128.8
1903550 128.8
1903560 128.8
1903570 128.9
1903580 129.0
1903590 129.0
1903600 129.2
1903610 129.2
1903620 129.2
1903630 129.0
1903640 128.8
1903650 128.8
1903660 128.8
1903670 129.0
1903680 129.0
1903690 129.2
1903700 129.1
1903710 129.1
1903720 129.0
1903730 129.0
1903740 129.0
1903750 129.0
1903760 128.9
1903770 128.9
1903780 128.8
1903790 128.8
1903800 128.8
1903810 128.7
1903820 128.8
1903830 128.8
1903840 128.8
1903850 128.8
1903860 128.8
1903870 128.9
1903880 128.9
1903890 128.9
1903900 128.9
1903910 128.9
1903920 128.9
1903930 128.8
1903940 128.7
1903950 128.7
1903960 128.8
1903970 128.9
1903980 128.9
1903990 128.9
1904000 128.9
1904010 128.9
1904020 128.9
1904030 128.9
1904040 128.9
1904050 128.9
1904060 128.9
1904070 128.9
1904080 129.0
1904090 128.9
1904100 128.9
1904110 128.8
1904120 128.7
1904130 128.7
1904140 128.7
1904150 128.9
1904160 128.9
1904170 128.9
1904180 128.9
1904190 128.7
1904200 128.7
1904210 128.7
1904220 128.8
1904230 128.8
1904240 128.8
1904250 128.8
1904260 128.8
1904270 128.8
1904280 128.9
1904290 128.9
1904300 128.8
1904310 128.6
1904320 128.6
1904330 128.6
1904340 128.6
1904350 128.6
1904360 128.5
1904370 128.4
1904380 128.4
1904390 128.4
1904400 128.2
1904410 128.2
1904420 128.4
1904430 128.5
1904440 128.5
1904450 128.4
1904460 128.5
1904470 128.5
1904480 128.6
1904490 128.6
1904500 128.6
1904510 128.6
1904520 128.6
1904530 128.6
1904540 128.6
1904550 128.7
1904560 128.7
1904570 128.7
1904580 128.8
1904590 128.8
1904600 128.9
1904610 129.0
1904620 129.0
1904630 129.0
1904640 128.9
1904650 128.9
1904660 128.9
1904670 128.8
1904680 128.8
1904690 128.8
1904700 128.7
1904710 128.7
1904720 128.7
1904730 128.8
1904740 128.8
1904750 128.7
1904760 128.5
1904770 128.5
1904780 128.6
1904790 128.5
1904800 128.5
1904810 128.4
1904820 128.4
1904830 128.4
1904840 128.3
1904850 128.4
1904860 128.4
1904870 128.4
1904880 128.2
1904890 128.2
1904900 128.3
1904910 128.4
1904920 128.4
1904930 128.6
1904940 128.6
1904950 128.6
1904960 128.6
1904970 128.4
1904980 128.4
1904990 128.5
1905000 128.4
1905010 128.4
1905020 128.4
1905030 128.4
1905040 128.4
1905050 128.4
1905060 128.3
1905070 128.3
1905080 128.1
1905090 128.1
1905100 128.2
1905110 128.2
1905120 128.3
1905130 128.2
1905140 128.2
1905150 128.3
1905160 128.4
1905170 128.4
1905180 128.6
1905190 128.6
1905200 128.6
1905210 128.4
1905220 128.2
1905230 128.2
1905240 128.2
1905250 128.1
1905260 128.1
1905270 128.0
1905280 128.1
1905290 128.1
1905300 128.2
1905310 128.4
1905320 128.4
1905330 128.4
1905340 128.4
1905350 128.4
1905360 128.3
1905370 128.4
1905380 128.4
1905390 128.6
1905400 128.8
1905410 128.8
1905420 128.6
1905430 128.7
1905440 128.7
1905450 128.8
1905460 128.7
1905470 128.7
