1900000 142.4
1900010 141.8
1900020 141.8
1900030 141.1
1900040 140.3
1900050 140.3
1900060 139.8
1900070 139.2
1900080 139.2
1900090 139.0
1900100 137.7
1900110 137.7
1900120 137.0
1900130 136.5
1900140 136.5
1900150 136.1
1900160 135.4
1900170 135.0
1900180 134.2
1900190 133.4
1900200 133.4
1900210 132.7
1900220 132.0
1900230 132.0
1900240 131.6
1900250 131.8
1900260 131.8
1900270 132.2
1900280 132.0
1900290 132.0
1900300 131.7
1900310 131.4
1900320 131.4
1900330 131.1
1900340 131.0
1900350 131.0
1900360 130.7
1900370 130.7
1900380 130.7
1900390 130.6
1900400 130.5
1900410 130.5
1900420 130.5
1900430 130.5
1900440 130.5
1900450 130.5
1900460 130.4
1900470 130.4
1900480 130.2
1900490 130.1
1900500 130.1
1900510 130.1
1900520 130.0
1900530 130.0
1900540 130.0
1900550 130.0
1900560 130.0
1900570 129.9
1900580 129.9
1900590 129.9
1900600 129.9
1900610 129.9
1900620 129.9
1900630 129.8
1900640 129.8
1900650 129.8
1900660 129.6
1900670 129.4
1900680 129.4
1900690 129.1
1900700 129.0
1900710 129.0
1900720 129.0
1900730 129.0
1900740 129.0
1900750 129.1
1900760 129.2
1900770 129.2
1900780 129.2
1900790 129.5
1900800 129.5
1900810 129.6
1900820 129.5
1900830 129.5
1900840 129.2
1900850 129.0
1900860 129.1
1900870 129.1
1900880 129.1
1900890 129.1
1900900 129.1
1900910 129.0
1900920 129.0
1900930 129.0
1900940 129.0
1900950 129.0
1900960 129.0
1900970 129.0
1900980 129.0
1900990 129.0
1901000 129.0
1901010 129.0
1901020 129.0
1901030 129.0
1901040 129.1
1901050 129.1
1901060 129.2
1901070 129.1
1901080 129.1
1901090 129.1
1901100 129.2
1901110 129.2
1901120 129.2
1901130 129.1
1901140 129.1
1901150 129.1
1901160 129.0
1901170 129.0
1901180 129.0
1901190 129.0
1901200 129.0
1901210 129.0
1901220 129.0
1901230 129.0
1901240 129.1
1901250 129.6
1901260 129.6
1901270 130.4
1901280 130.5
1901290 130.5
1901300 130.2
1901310 130.1
1901320 130.1
1901330 130.3
1901340 130.1
1901350 130.1
1901360 129.7
1901370 129.5
1901380 129.5
1901390 129.6
1901400 129.7
1901410 129.8
1901420 129.9
1901430 130.1
1901440 130.1
1901450 130.2
1901460 130.1
1901470 130.1
1901480 130.2
1901490 130.3
1901500 130.3
1901510 130.3
1901520 130.2
1901530 130.2
1901540 130.1
1901550 129.9
1901560 129.9
1901570 129.7
1901580 129.5
1901590 129.5
1901600 129.4
1901610 129.3
1901620 129.3
1901630 129.3
1901640 129.2
1901650 129.2
1901660 129.2
1901670 129.2
1901680 129.2
1901690 129.2
1901700 129.1
1901710 129.1
1901720 129.0
1901730 129.0
1901740 129.0
1901750 129.0
1901760 129.0
1901770 129.0
1901780 128.9
1901790 128.9
1901800 128.9
1901810 129.0
1901820 129.0
1901830 129.0
1901840 129.0
1901850 129.1
1901860 129.0
1901870 129.0
1901880 128.9
1901890 129.0
1901900 129.0
1901910 128.9
1901920 128.9
1901930 128.9
1901940 129.0
1901950 129.0
1901960 129.0
1901970 129.0
1901980 129.0
1901990 129.0
1902000 129.0
1902010 129.0
1902020 129.0
1902030 129.1
1902040 129.1
1902050 129.1
1902060 129.1
1902070 129.1
1902080 129.1
1902090 129.0
1902100 129.0
1902110 129.0
1902120 129.0
1902130 129.0
1902140 129.0
1902150 129.1
1902160 129.3
1902170 129.3
1902180 129.3
1902190 129.3
1902200 129.3
1902210 129.3
1902220 129.4
1902230 129.4
1902240 129.5
1902250 129.4
1902260 129.4
1902270 129.3
1902280 129.5
1902290 129.5
1902300 129.7
1902310 129.8
1902320 129.8
1902330 129.9
1902340 130.0
1902350 130.0
1902360 129.4
1902370 129.1
1902380 129.1
1902390 128.8
1902400 128.8
1902410 128.8
1902420 128.8
1902430 128.8
1902440 128.8
1902450 129.0
1902460 129.2
1902470 129.2
1902480 129.6
1902490 129.8
1902500 129.8
1902510 130.2
1902520 130.1
1902530 130.1
1902540 130.2
1902550 130.0
1902560 130.0
1902570 129.9
1902580 130.4
1902590 130.4
1902600 130.5
1902610 129.4
1902620 129.4
1902630 129.3
1902640 129.3
1902650 129.3
1902660 129.3
1902670 129.2
1902680 129.2
1902690 129.2
1902700 129.4
1902710 129.4
1902720 129.6
1902730 129.7
1902740 129.7
1902750 129.7
1902760 128.5
1902770 128.5
1902780 129.1
1902790 129.4
1902800 129.3
1902810 129.3
1902820 129.2
1902830 129.1
1902840 129.1
1902850 129.0
1902860 129.0
1902870 129.0
1902880 128.9
1902890 128.9
1902900 128.9
1902910 128.9
1902920 128.9
1902930 128.9
1902940 128.9
1902950 128.9
1902960 128.9
1902970 128.9
1902980 128.9
1902990 128.9
1903000 129.0
1903010 129.0
1903020 129.0
1903030 129.1
1903040 129.2
1903050 129.2
1903060 129.4
1903070 129.5
1903080 129.5
1903090 129.4
1903100 129.1
1903110 129.1
1903120 129.2
1903130 129.3
1903140 129.3
1903150 129.2
1903160 129.0
1903170 129.0
1903180 128.6
1903190 128.1
1903200 128.1
1903210 127.9
1903220 128.4
1903230 128.4
1903240 129.1
1903250 129.3
1903260 129.1
1903270 129.0
1903280 128.9
1903290 128.9
1903300 128.8
1903310 128.7
1903320 128.7
1903330 128.6
1903340 128.6
1903350 128.6
1903360 128.5
1903370 128.4
1903380 128.4
1903390 128.4
1903400 128.4
1903410 128.4
1903420 128.3
1903430 128.4
1903440 128.4
1903450 128.4
1903460 128.5
1903470 128.5
1903480 128.6
1903490 128.5
1903500 128.5
1903510 128.5
1903520 128.5
1903530 128.5
1903540 128.4
1903550 128.5
1903560 128.5
1903570 128.4
1903580 128.4
1903590 128.4
1903600 128.4
1903610 128.4
1903620 128.4
1903630 128.4
1903640 128.5
1903650 128.5
1903660 128.4
1903670 128.4
1903680 128.4
1903690 128.4
1903700 128.4
1903710 128.4
1903720 128.5
1903730 128.5
1903740 128.5
1903750 128.5
1903760 128.5
1903770 128.5
1903780 128.6
1903790 128.6
1903800 128.6
1903810 128.6
1903820 128.6
1903830 128.5
1903840 128.5
1903850 128.5
1903860 128.4
1903870 128.4
1903880 128.4
1903890 128.4
1903900 128.4
1903910 128.4
1903920 128.4
1903930 128.4
1903940 128.4
1903950 128.3
1903960 128.3
1903970 128.3
1903980 128.3
1903990 128.3
1904000 128.4
1904010 128.5
1904020 128.5
1904030 128.0
1904040 129.4
1904050 129.4
1904060 128.3
1904070 128.2
1904080 128.2
1904090 129.2
1904100 128.5
1904110 128.5
1904120 128.4
1904130 128.3
1904140 128.3
1904150 128.3
1904160 128.3
1904170 128.3
1904180 128.2
1904190 128.2
1904200 128.2
1904210 128.2
1904220 128.2
1904230 128.2
1904240 128.1
1904250 128.1
1904260 128.1
1904270 128.1
1904280 128.1
1904290 128.1
1904300 128.2
1904310 128.2
1904320 128.2
1904330 128.3
1904340 128.3
1904350 128.3
1904360 128.3
1904370 128.2
1904380 128.2
1904390 128.2
1904400 128.2
1904410 128.2
1904420 128.2
1904430 128.0
1904440 128.0
1904450 127.9
1904460 128.0
1904470 128.0
1904480 128.0
1904490 128.0
1904500 128.0
1904510 128.0
1904520 128.0
1904530 128.0
1904540 127.9
1904550 128.0
1904560 128.0
1904570 128.0
1904580 128.0
1904590 128.0
1904600 128.0
1904610 128.0
1904620 128.0
1904630 128.1
1904640 128.1
1904650 128.1
1904660 128.1
1904670 128.1
1904680 128.1
1904690 127.5
1904700 128.1
1904710 128.1
1904720 128.3
1904730 128.3
1904740 128.3
1904750 128.2
1904760 128.2
1904770 128.1
1904780 128.1
1904790 128.0
1904800 128.0
1904810 128.0
1904820 128.0
1904830 128.1
1904840 128.1
1904850 128.1
1904860 128.1
1904870 128.1
1904880 128.1
1904890 128.2
1904900 128.2
1904910 128.1
1904920 128.1
1904930 128.1
1904940 128.1
1904950 128.0
1904960 128.0
1904970 128.1
1904980 128.1
1904990 128.1
1905000 128.1
1905010 128.5
1905020 128.5
1905030 128.6
1905040 128.9
1905050 128.9
1905060 129.4
1905070 128.8
1905080 128.8
1905090 128.5
1905100 128.1
1905110 126.8
1905120 127.5
1905130 127.5
1905140 127.5
1905150 127.8
1905160 128.4
1905170 128.4
1905180 128.6
1905190 129.1
1905200 129.1
1905210 129.6
1905220 129.6
1905230 129.6
1905240 129.7
1905250 129.4
1905260 129.4
1905270 129.2
1905280 128.6
1905290 128.6
1905300 128.6
1905310 128.1
1905320 128.1
1905330 128.0
1905340 128.0
1905350 128.0
1905360 128.0
1905370 127.9
1905380 127.9
1905390 127.9
1905400 127.8
1905410 127.9
1905420 127.9
1905430 127.9
1905440 127.9
1905450 128.0
1905460 128.0
1905470 128.0
1905480 128.0
1905490 128.0
1905500 128.0
1905510 128.0
1905520 128.0
1905530 128.0
1905540 128.1
1905550 128.1
1905560 128.1
1905570 128.2
1905580 128.2
1905590 128.2
1905600 128.1
1905610 128.1
1905620 128.1
1905630 128.0
1905640 128.0
1905650 128.0
1905660 128.1
1905670 128.1
1905680 128.1
1905690 128.1
1905700 128.1
1905710 128.1
1905720 128.1
1905730 128.2
1905740 128.3
1905750 128.3
1905760 128.3
1905770 128.3
1905780 128.3
1905790 128.4
1905800 128.4
1905810 128.4
1905820 128.3
