1900000 145.2
1900010 144.6
1900020 144.6
1900030 144.0
1900040 143.3
1900050 143.3
1900060 142.5
1900070 141.7
1900080 141.7
1900090 141.3
1900100 140.8
1900110 140.8
1900120 140.1
1900130 139.6
1900140 139.6
1900150 139.1
1900160 138.7
1900170 138.7
1900180 137.8
1900190 137.7
1900200 137.7
1900210 137.3
1900220 136.2
1900230 136.2
1900240 136.0
1900250 136.1
1900260 136.1
1900270 135.7
1900280 135.1
1900290 135.3
1900300 134.5
1900310 134.2
1900320 134.2
1900330 134.1
1900340 133.9
1900350 133.9
1900360 133.6
1900370 132.9
1900380 132.9
1900390 132.5
1900400 132.3
1900410 132.3
1900420 131.9
1900430 131.4
1900440 131.4
1900450 131.0
1900460 130.6
1900470 130.6
1900480 130.3
1900490 130.1
1900500 129.9
1900510 129.9
1900520 129.6
1900530 129.4
1900540 129.4
1900550 129.3
1900560 129.2
1900570 129.2
1900580 129.0
1900590 129.0
1900600 129.0
1900610 129.0
1900620 129.0
1900630 129.0
1900640 129.0
1900650 129.0
1900660 129.0
1900670 129.0
1900680 129.2
1900690 129.2
1900700 129.4
1900710 129.5
1900720 129.5
1900730 129.6
1900740 129.6
1900750 129.6
1900760 129.6
1900770 129.6
1900780 129.6
1900790 129.5
1900800 129.4
1900810 129.4
1900820 129.4
1900830 129.4
1900840 129.4
1900850 129.4
1900860 129.4
1900870 129.4
1900880 129.3
1900890 129.4
1900900 129.4
1900910 129.4
1900920 129.5
1900930 129.5
1900940 129.6
1900950 129.6
1900960 129.6
1900970 129.6
1900980 129.8
1900990 129.8
1901000 129.8
1901010 129.8
1901020 129.8
1901030 130.0
1901040 130.2
1901050 130.2
1901060 130.5
1901070 130.7
1901080 130.7
1901090 130.8
1901100 131.0
1901110 131.0
1901120 131.1
1901130 131.1
1901140 131.1
1901150 131.1
1901160 131.0
1901170 131.0
1901180 130.9
1901190 130.8
1901200 130.8
1901210 130.7
1901220 130.5
1901230 130.5
1901240 130.4
1901250 130.1
1901260 130.1
1901270 129.8
1901280 129.5
1901290 129.5
1901300 129.4
1901310 129.3
1901320 129.3
1901330 129.1
1901340 129.0
1901350 129.0
1901360 129.1
1901370 129.2
1901380 129.2
1901390 129.7
1901400 129.6
1901410 129.6
1901420 129.4
1901430 129.2
1901440 129.2
1901450 129.0
1901460 129.0
1901470 128.9
1901480 128.9
1901490 128.9
1901500 128.9
1901510 128.9
1901520 128.8
1901530 128.9
1901540 128.9
1901550 129.1
1901560 129.0
1901570 129.0
1901580 129.0
1901590 129.0
1901600 129.0
1901610 128.9
1901620 129.0
1901630 129.0
1901640 129.0
1901650 129.0
1901660 129.0
1901670 128.9
1901680 128.9
1901690 128.9
1901700 129.0
1901710 128.9
1901720 128.9
1901730 128.8
1901740 129.1
1901750 129.1
1901760 129.8
1901770 130.4
1901780 130.4
1901790 130.4
1901800 129.8
1901810 129.8
1901820 129.4
1901830 129.1
1901840 129.1
1901850 129.0
1901860 129.1
1901870 129.1
1901880 129.1
1901890 129.0
1901900 129.0
1901910 129.0
1901920 128.9
1901930 128.9
1901940 128.9
1901950 129.0
1901960 129.0
1901970 129.1
1901980 129.2
1901990 129.2
1902000 129.3
1902010 129.5
1902020 129.5
1902030 129.7
1902040 129.5
1902050 129.5
1902060 129.4
1902070 129.1
1902080 129.1
1902090 129.0
1902100 128.9
1902110 128.9
1902120 128.8
1902130 128.8
1902140 128.8
1902150 128.8
1902160 128.8
1902170 128.8
1902180 128.8
1902190 129.3
1902200 129.3
1902210 129.5
1902220 130.0
1902230 130.0
1902240 130.0
1902250 130.0
1902260 130.0
1902270 130.0
1902280 130.3
1902290 130.3
1902300 130.4
1902310 130.5
1902320 130.5
1902330 129.9
1902340 129.8
1902350 129.8
1902360 129.6
1902370 129.7
1902380 129.7
1902390 129.6
1902400 129.6
1902410 129.6
1902420 129.5
1902430 129.4
1902440 129.4
1902450 129.4
1902460 129.5
1902470 129.4
1902480 129.4
1902490 129.5
1902500 129.6
1902510 129.6
1902520 129.6
1902530 129.7
1902540 129.7
1902550 129.7
1902560 129.4
1902570 129.4
1902580 129.3
1902590 129.2
1902600 129.2
1902610 129.3
1902620 129.3
1902630 129.3
1902640 129.4
1902650 129.4
1902660 129.4
1902670 129.5
1902680 129.5
1902690 129.5
1902700 129.5
1902710 129.7
1902720 129.7
1902730 129.8
1902740 129.7
1902750 129.7
1902760 129.7
1902770 129.7
1902780 129.7
1902790 129.6
1902800 129.4
1902810 129.4
1902820 129.3
1902830 129.0
1902840 129.0
1902850 128.9
1902860 128.9
1902870 128.9
1902880 129.1
1902890 129.3
1902900 129.3
1902910 129.4
1902920 129.4
1902930 129.4
1902940 129.1
1902950 128.9
1902960 128.9
1902970 128.8
1902980 128.9
1902990 128.9
1903000 129.1
1903010 129.3
1903020 129.3
1903030 129.3
1903040 129.2
1903050 129.2
1903060 129.0
1903070 128.7
1903080 128.7
1903090 128.6
1903100 128.6
1903110 128.6
1903120 128.6
1903130 128.6
1903140 128.6
1903150 128.6
1903160 128.6
1903170 128.6
1903180 128.6
1903190 128.6
1903200 128.6
1903210 128.6
1903220 128.6
1903230 128.6
1903240 128.7
1903250 128.7
1903260 128.7
1903270 128.7
1903280 128.7
1903290 128.7
1903300 128.6
1903310 128.6
1903320 128.6
1903330 128.6
1903340 128.6
1903350 128.6
1903360 128.6
1903370 128.7
1903380 128.7
1903390 128.8
1903400 128.7
1903410 128.8
1903420 128.8
1903430 128.9
1903440 128.9
1903450 128.9
1903460 129.0
1903470 129.1
1903480 129.1
1903490 129.2
1903500 129.2
1903510 129.2
1903520 129.1
1903530 129.1
1903540 129.1
1903550 129.1
1903560 129.2
1903570 129.2
1903580 129.3
1903590 129.3
1903600 129.3
1903610 129.2
1903620 129.2
1903630 129.2
1903640 129.1
1903650 129.1
1903660 129.1
1903670 129.0
1903680 128.9
1903690 128.9
1903700 128.9
1903710 128.9
1903720 128.9
1903730 129.0
1903740 129.1
1903750 129.1
1903760 129.0
1903770 129.0
1903780 129.0
1903790 129.0
1903800 128.9
1903810 128.9
1903820 128.8
1903830 128.7
1903840 128.7
1903850 128.6
1903860 128.7
1903870 128.7
1903880 128.8
1903890 128.8
1903900 128.8
1903910 128.7
1903920 128.8
1903930 128.8
1903940 128.7
1903950 128.7
1903960 128.7
1903970 128.7
1903980 128.7
1903990 128.7
1904000 128.6
1904010 128.5
1904020 128.5
1904030 128.5
1904040 128.6
1904050 128.6
1904060 128.7
1904070 128.9
1904080 128.9
1904090 128.9
1904100 128.8
1904110 128.8
1904120 128.9
1904130 128.8
1904140 128.8
1904150 128.6
1904160 128.6
1904170 128.6
1904180 128.7
1904190 128.9
1904200 128.9
1904210 129.0
1904220 129.2
1904230 129.2
1904240 129.0
1904250 129.0
1904260 129.0
1904270 129.1
1904280 128.9
1904290 128.9
1904300 129.0
1904310 128.9
1904320 128.9
1904330 128.8
1904340 128.7
1904350 128.7
1904360 128.7
1904370 128.6
1904380 128.6
1904390 128.6
1904400 128.6
1904410 128.6
1904420 128.6
1904430 128.6
1904440 128.7
1904450 128.7
1904460 128.8
1904470 129.0
1904480 129.0
1904490 128.9
1904500 128.9
1904510 128.9
1904520 128.8
1904530 128.8
1904540 128.8
1904550 128.8
1904560 128.8
1904570 128.8
1904580 128.8
1904590 128.7
1904600 128.7
1904610 128.8
1904620 128.8
1904630 128.8
1904640 128.8
1904650 128.8
1904660 128.8
1904670 128.8
1904680 128.8
1904690 128.8
1904700 128.8
1904710 128.7
1904720 128.7
1904730 128.7
1904740 128.7
1904750 128.7
1904760 128.6
1904770 128.6
1904780 128.6
1904790 128.6
1904800 128.5
1904810 128.5
1904820 128.4
1904830 128.6
1904840 128.6
1904850 128.8
1904860 128.7
1904870 128.7
1904880 128.6
1904890 128.5
1904900 128.5
1904910 128.5
1904920 128.6
1904930 128.6
1904940 128.8
1904950 128.9
1904960 128.9
1904970 128.9
1904980 129.0
1904990 129.0
1905000 129.3
1905010 129.9
1905020 129.9
1905030 130.2
1905040 129.6
1905050 129.6
1905060 129.2
1905070 128.7
1905080 128.7
1905090 128.5
1905100 128.5
1905110 128.5
1905120 128.5
1905130 128.5
1905140 128.5
1905150 128.6
1905160 129.0
1905170 129.0
1905180 129.3
1905190 129.7
1905200 129.7
1905210 129.5
1905220 128.4
1905230 128.4
1905240 128.4
1905250 128.5
1905260 128.5
1905270 128.5
1905280 128.5
1905290 128.5
1905300 128.5
1905310 128.4
1905320 128.4
1905330 128.3
1905340 128.3
1905350 128.5
1905360 128.5
1905370 128.5
1905380 128.4
1905390 128.4
1905400 128.3
1905410 128.2
1905420 128.2
1905430 128.1
1905440 128.1
1905450 128.1
1905460 128.1
1905470 128.0
1905480 128.0
1905490 127.9
1905500 128.1
1905510 128.1
1905520 128.0
1905530 128.0
1905540 128.0
1905550 128.0
1905560 127.9
1905570 127.9
1905580 128.1
1905590 128.2
1905600 128.2
1905610 128.2
1905620 128.1
1905630 128.1
