1900000 144.6
1900010 144.6
1900020 143.8
1900030 143.1
1900040 143.1
1900050 142.4
1900060 141.5
1900070 141.1
1900080 141.1
1900090 140.7
1900100 140.4
1900110 140.4
1900120 139.6
1900130 138.9
1900140 138.9
1900150 138.3
1900160 137.2
1900170 137.2
1900180 136.2
1900190 136.0
1900200 136.0
1900210 135.9
1900220 135.1
1900230 135.1
1900240 134.9
1900250 134.9
1900260 134.9
1900270 134.7
1900280 134.8
1900290 134.6
1900300 134.3
1900310 133.9
1900320 133.9
1900330 133.7
1900340 133.3
1900350 133.3
1900360 133.1
1900370 132.8
1900380 132.8
1900390 132.5
1900400 132.1
1900410 132.1
1900420 131.7
1900430 131.2
1900440 131.2
1900450 130.8
1900460 130.4
1900470 130.4
1900480 130.0
1900490 129.7
1900500 129.7
1900510 129.5
1900520 129.4
1900530 129.4
1900540 129.3
1900550 129.2
1900560 129.2
1900570 129.1
1900580 129.1
1900590 129.1
1900600 129.2
1900610 129.2
1900620 129.2
1900630 129.3
1900640 129.4
1900650 129.4
1900660 129.6
1900670 129.7
1900680 129.7
1900690 129.8
1900700 129.9
1900710 129.9
1900720 130.0
1900730 130.0
1900740 130.0
1900750 130.0
1900760 129.9
1900770 129.9
1900780 129.8
1900790 129.6
1900800 129.6
1900810 129.6
1900820 129.6
1900830 129.6
1900840 129.6
1900850 129.5
1900860 129.5
1900870 129.5
1900880 129.7
1900890 129.7
1900900 129.7
1900910 129.8
1900920 129.8
1900930 129.8
1900940 129.8
1900950 129.8
1900960 129.9
1900970 130.0
1900980 130.0
1900990 130.2
1901000 130.4
1901010 130.4
1901020 130.6
1901030 130.8
1901040 130.7
1901050 130.7
1901060 130.8
1901070 130.8
1901080 130.8
1901090 130.8
1901100 130.8
1901110 130.8
1901120 130.7
1901130 130.6
1901140 130.6
1901150 130.4
1901160 130.0
1901170 130.0
1901180 129.7
1901190 129.5
1901200 129.5
1901210 129.3
1901220 128.9
1901230 128.9
1901240 128.8
1901250 128.8
1901260 128.8
1901270 128.8
1901280 128.7
1901290 128.7
1901300 128.7
1901310 128.6
1901320 128.6
1901330 128.7
1901340 128.7
1901350 128.7
1901360 128.7
1901370 128.7
1901380 128.7
1901390 128.8
1901400 128.8
1901410 128.8
1901420 128.9
1901430 128.9
1901440 128.9
1901450 128.8
1901460 128.8
1901470 128.8
1901480 128.9
1901490 128.9
1901500 128.9
1901510 129.0
1901520 129.1
1901530 129.3
1901540 129.3
1901550 129.7
1901560 129.7
1901570 130.0
1901580 130.1
1901590 130.1
1901600 130.3
1901610 130.3
1901620 130.3
1901630 130.3
1901640 130.5
1901650 130.5
1901660 130.5
1901670 130.5
1901680 130.5
1901690 130.4
1901700 130.2
1901710 130.2
1901720 129.8
1901730 129.7
1901740 129.7
1901750 129.7
1901760 129.6
1901770 129.6
1901780 129.7
1901790 129.6
1901800 129.6
1901810 129.6
1901820 129.7
1901830 129.7
1901840 129.7
1901850 129.6
1901860 129.6
1901870 129.5
1901880 129.2
1901890 129.2
1901900 129.0
1901910 129.0
1901920 129.0
1901930 129.0
1901940 129.0
1901950 129.0
1901960 129.2
1901970 129.5
1901980 129.5
1901990 129.8
1902000 129.9
1902010 129.8
1902020 129.8
1902030 129.6
1902040 129.3
1902050 129.3
1902060 129.1
1902070 129.0
1902080 129.0
1902090 128.9
1902100 128.9
1902110 128.9
1902120 128.9
1902130 128.8
1902140 128.8
1902150 128.8
1902160 128.7
1902170 128.7
1902180 128.7
1902190 128.8
1902200 128.8
1902210 129.0
1902220 129.4
1902230 129.4
1902240 129.7
1902250 129.7
1902260 129.7
1902270 129.9
1902280 129.6
1902290 129.6
1902300 129.4
1902310 130.3
1902320 130.3
1902330 130.5
1902340 130.5
1902350 130.5
1902360 130.3
1902370 129.9
1902380 129.9
1902390 129.7
1902400 129.6
1902410 129.6
1902420 129.4
1902430 129.4
1902440 129.4
1902450 129.4
1902460 129.5
1902470 129.5
1902480 129.4
1902490 129.4
1902500 129.4
1902510 129.4
1902520 129.4
1902530 129.4
1902540 129.5
1902550 129.5
1902560 129.5
1902570 129.4
1902580 129.4
1902590 129.4
1902600 129.3
1902610 129.3
1902620 129.3
1902630 129.3
1902640 129.3
1902650 129.3
1902660 129.2
1902670 129.0
1902680 129.0
1902690 128.9
1902700 128.8
1902710 128.8
1902720 128.8
1902730 128.9
1902740 128.9
1902750 129.0
1902760 129.0
1902770 129.0
1902780 129.2
1902790 129.4
1902800 129.4
1902810 129.5
1902820 129.5
1902830 129.5
1902840 129.4
1902850 129.2
1902860 129.2
1902870 128.9
1902880 128.8
1902890 128.8
1902900 128.9
1902910 129.0
1902920 129.0
1902930 129.0
1902940 128.9
1902950 128.9
1902960 128.8
1902970 128.9
1902980 129.1
1902990 129.1
1903000 129.2
1903010 129.1
1903020 129.1
1903030 128.9
1903040 128.7
1903050 128.7
1903060 128.7
1903070 128.6
1903080 128.6
1903090 128.6
1903100 128.6
1903110 128.6
1903120 128.6
1903130 128.6
1903140 128.6
1903150 128.6
1903160 128.6
1903170 128.6
1903180 128.6
1903190 128.6
1903200 128.6
1903210 128.7
1903220 128.7
1903230 128.7
1903240 128.8
1903250 128.8
1903260 128.8
1903270 128.8
1903280 128.8
1903290 128.8
1903300 128.8
1903310 128.8
1903320 128.8
1903330 128.7
1903340 128.7
1903350 128.7
1903360 128.8
1903370 128.8
1903380 128.9
1903390 129.0
1903400 129.2
1903410 129.2
1903420 129.2
1903430 129.3
1903440 129.3
1903450 129.3
1903460 129.3
1903470 129.3
1903480 129.4
1903490 129.5
1903500 129.5
1903510 129.4
1903520 129.5
1903530 129.5
1903540 129.5
1903550 129.5
1903560 129.5
1903570 129.4
1903580 129.3
1903590 129.3
1903600 129.2
1903610 129.1
1903620 129.1
1903630 129.0
1903640 129.0
1903650 129.0
1903660 129.1
1903670 129.1
1903680 129.1
1903690 129.0
1903700 129.0
1903710 129.0
1903720 128.9
1903730 128.9
1903740 128.9
1903750 129.1
1903760 129.2
1903770 129.2
1903780 129.1
1903790 129.1
1903800 129.1
1903810 129.1
1903820 128.9
1903830 128.9
1903840 128.9
1903850 128.7
1903860 128.7
1903870 128.6
1903880 128.6
1903890 128.6
1903900 128.7
1903910 128.7
1903920 128.7
1903930 128.7
1903940 128.7
1903950 128.7
1903960 128.7
1903970 128.6
1903980 128.6
1903990 128.7
1904000 128.8
1904010 128.8
1904020 128.8
1904030 128.7
1904040 128.7
1904050 128.7
1904060 128.9
1904070 129.1
1904080 129.1
1904090 129.2
1904100 129.1
1904110 129.1
1904120 128.9
1904130 128.8
1904140 128.8
1904150 128.9
1904160 129.0
1904170 129.0
1904180 129.1
1904190 129.2
1904200 129.2
1904210 129.2
1904220 129.0
1904230 129.0
1904240 129.0
1904250 129.1
1904260 129.1
1904270 128.7
1904280 129.0
1904290 129.0
1904300 128.7
1904310 128.7
1904320 128.7
1904330 128.8
1904340 129.0
1904350 129.0
1904360 129.8
1904370 130.2
1904380 130.2
1904390 130.3
1904400 129.6
1904410 129.6
1904420 129.0
1904430 128.7
1904440 128.7
1904450 128.6
1904460 128.5
1904470 128.5
1904480 128.5
1904490 128.5
1904500 128.5
1904510 128.5
1904520 128.5
1904530 128.5
1904540 128.5
1904550 128.5
1904560 128.5
1904570 128.5
1904580 128.5
1904590 128.5
1904600 128.5
1904610 128.9
1904620 128.9
1904630 128.6
1904640 128.5
1904650 128.5
1904660 128.5
1904670 128.4
1904680 128.4
1904690 128.4
1904700 128.4
1904710 128.4
1904720 128.5
1904730 128.5
1904740 128.5
1904750 128.7
1904760 128.7
1904770 128.7
1904780 128.8
1904790 129.0
1904800 129.0
1904810 129.1
1904820 129.3
1904830 129.3
1904840 129.3
1904850 129.3
1904860 129.3
1904870 129.3
1904880 129.0
1904890 129.0
1904900 128.8
1904910 128.8
1904920 128.6
1904930 128.5
1904940 128.4
1904950 128.7
1904960 128.7
1904970 128.8
1904980 129.2
1904990 129.2
1905000 129.3
1905010 129.4
1905020 129.4
1905030 129.4
1905040 128.8
1905050 128.8
1905060 128.3
1905070 128.2
1905080 128.2
1905090 128.3
1905100 128.3
1905110 128.3
1905120 128.3
1905130 128.3
1905140 128.3
1905150 128.2
1905160 128.2
1905170 128.2
1905180 128.3
1905190 128.3
1905200 128.3
1905210 128.3
1905220 128.3
1905230 128.3
1905240 128.1
1905250 128.2
1905260 128.2
1905270 128.3
1905280 128.4
1905290 128.4
1905300 128.4
1905310 128.4
1905320 128.4
1905330 128.4
1905340 128.2
1905350 128.2
1905360 128.1
1905370 128.1
1905380 128.1
1905390 128.1
1905400 128.0
1905410 128.0
1905420 128.0
1905430 127.9
1905440 127.9
1905450 127.8
1905460 127.8
1905470 127.8
1905480 127.8
1905490 127.8
1905500 127.8
1905510 127.7
1905520 127.7
1905530 127.7
1905540 127.7
1905550 127.8
1905560 127.8
1905570 127.9
1905580 127.9
1905590 127.9
1905600 127.8
1905610 127.9
1905620 127.9
1905630 128.2
1905640 128.2
1905650 128.2
1905660 128.2
