1900000 141.2
1900010 141.2
1900020 140.2
1900030 139.2
1900040 139.2
1900050 138.6
1900060 137.8
1900070 137.8
1900080 137.0
1900090 136.2
1900100 136.2
1900110 135.7
1900120 135.4
1900130 135.4
1900140 135.1
1900150 134.3
1900160 134.3
1900170 133.8
1900180 133.6
1900190 133.6
1900200 133.4
1900210 132.8
1900220 132.8
1900230 131.8
1900240 131.3
1900250 131.3
1900260 131.2
1900270 131.1
1900280 131.1
1900290 131.0
1900300 130.7
1900310 130.7
1900320 130.7
1900330 130.8
1900340 130.8
1900350 130.7
1900360 130.5
1900370 130.5
1900380 130.1
1900390 129.9
1900400 129.9
1900410 130.0
1900420 130.0
1900430 130.0
1900440 129.9
1900450 129.8
1900460 129.8
1900470 129.8
1900480 129.9
1900490 129.9
1900500 129.9
1900510 130.0
1900520 130.0
1900530 130.1
1900540 130.0
1900550 130.0
1900560 129.8
1900570 129.7
1900580 129.5
1900590 129.5
1900600 129.4
1900610 129.4
1900620 129.3
1900630 129.2
1900640 129.2
1900650 129.2
1900660 129.3
1900670 129.3
1900680 129.4
1900690 129.6
1900700 129.6
1900710 129.7
1900720 129.4
1900730 129.4
1900740 129.3
1900750 129.3
1900760 129.3
1900770 129.2
1900780 129.1
1900790 129.1
1900800 129.1
1900810 129.1
1900820 129.2
1900830 129.2
1900840 129.2
1900850 129.1
1900860 129.1
1900870 129.0
1900880 129.1
1900890 129.1
1900900 129.1
1900910 129.2
1900920 129.2
1900930 129.2
1900940 129.2
1900950 129.2
1900960 129.2
1900970 129.2
1900980 129.2
1900990 129.2
1901000 129.1
1901010 129.1
1901020 129.2
1901030 129.2
1901040 129.2
1901050 129.2
1901060 129.2
1901070 129.2
1901080 129.3
1901090 129.4
1901100 129.4
1901110 129.5
1901120 130.1
1901130 130.1
1901140 130.6
1901150 130.4
1901160 130.4
1901170 129.8
1901180 129.5
1901190 129.5
1901200 129.2
1901210 129.2
1901220 129.2
1901230 129.3
1901240 129.5
1901250 129.5
1901260 129.7
1901270 130.0
1901280 130.0
1901290 130.2
1901300 130.2
1901310 130.2
1901320 130.3
1901330 130.4
1901340 130.4
1901350 130.5
1901360 130.5
1901370 130.5
1901380 130.3
1901390 130.1
1901400 130.1
1901410 130.0
1901420 129.8
1901430 129.8
1901440 129.6
1901450 129.4
1901460 129.4
1901470 129.4
1901480 129.4
1901490 129.4
1901500 129.5
1901510 129.4
1901520 129.4
1901530 129.4
1901540 129.4
1901550 129.4
1901560 129.4
1901570 129.3
1901580 129.3
1901590 129.4
1901600 129.5
1901610 129.5
1901620 129.5
1901630 129.4
1901640 129.4
1901650 129.4
1901660 129.3
1901670 129.3
1901680 129.3
1901690 129.2
1901700 129.2
1901710 129.2
1901720 129.2
1901730 129.2
1901740 129.1
1901750 129.1
1901760 129.1
1901770 129.1
1901780 129.1
1901790 129.1
1901800 129.1
1901810 129.1
1901820 129.2
1901830 129.2
1901840 129.1
1901850 129.2
1901860 129.2
1901870 129.1
1901880 129.2
1901890 129.2
1901900 129.2
1901910 129.2
1901920 129.2
1901930 129.1
1901940 129.3
1901950 129.3
1901960 129.2
1901970 129.2
1901980 129.2
1901990 129.2
1902000 129.3
1902010 129.3
1902020 129.4
1902030 129.5
1902040 129.5
1902050 129.7
1902060 129.8
1902070 129.8
1902080 130.3
1902090 130.3
1902100 130.3
1902110 129.8
1902120 129.6
1902130 128.9
1902140 128.8
1902150 128.8
1902160 128.8
1902170 129.0
1902180 129.4
1902190 129.4
1902200 129.8
1902210 130.1
1902220 130.1
1902230 129.9
1902240 129.7
1902250 129.7
1902260 129.5
1902270 129.3
1902280 129.3
1902290 129.3
1902300 129.3
1902310 129.3
1902320 129.3
1902330 129.4
1902340 129.4
1902350 129.6
1902360 129.7
1902370 129.7
1902380 129.6
1902390 129.6
1902400 129.6
1902410 129.7
1902420 129.6
1902430 129.6
1902440 129.8
1902450 129.8
1902460 129.8
1902470 129.8
1902480 129.6
1902490 129.6
1902500 129.4
1902510 129.3
1902520 129.3
1902530 129.5
1902540 129.4
1902550 129.4
1902560 129.3
1902570 129.2
1902580 129.2
1902590 129.2
1902600 129.2
1902610 129.2
1902620 129.2
1902630 129.3
1902640 129.3
1902650 129.5
1902660 129.6
1902670 129.6
1902680 129.4
1902690 129.3
1902700 129.3
1902710 129.2
1902720 129.2
1902730 129.2
1902740 129.2
1902750 129.1
1902760 129.1
1902770 129.2
1902780 129.2
1902790 129.4
1902800 129.4
1902810 129.4
1902820 128.2
1902830 128.2
1902840 128.8
1902850 129.5
1902860 129.5
1902870 129.5
1902880 129.3
1902890 129.3
1902900 129.2
1902910 129.1
1902920 129.1
1902930 129.0
1902940 129.0
1902950 129.0
1902960 129.0
1902970 128.9
1902980 128.9
1902990 128.8
1903000 129.0
1903010 129.0
1903020 129.2
1903030 129.3
1903040 129.3
1903050 128.6
1903060 128.8
1903070 128.8
1903080 129.4
1903090 129.1
1903100 129.1
1903110 129.0
1903120 128.8
1903130 128.8
1903140 128.7
1903150 128.6
1903160 128.6
1903170 128.6
1903180 128.8
1903190 128.8
1903200 128.7
1903210 128.7
1903220 128.7
1903230 128.7
1903240 128.7
1903250 128.7
1903260 128.5
1903270 128.5
1903280 128.5
1903290 128.5
1903300 128.5
1903310 128.5
1903320 128.5
1903330 128.4
1903340 128.4
1903350 128.3
1903360 128.3
1903370 128.3
1903380 128.3
1903390 128.3
1903400 128.3
1903410 128.4
1903420 128.5
1903430 128.5
1903440 128.5
1903450 128.5
1903460 128.5
1903470 128.5
1903480 128.5
1903490 128.5
1903500 128.5
1903510 128.4
1903520 128.4
1903530 128.5
1903540 128.4
1903550 128.4
1903560 128.4
1903570 128.4
1903580 128.4
1903590 128.4
1903600 128.3
1903610 128.3
1903620 128.3
1903630 128.3
1903640 128.3
1903650 128.3
1903660 128.3
1903670 128.3
1903680 128.4
1903690 128.4
1903700 128.4
1903710 128.4
1903720 128.4
1903730 128.4
1903740 128.4
1903750 128.4
1903760 128.3
1903770 128.3
1903780 128.4
1903790 128.3
1903800 128.3
1903810 128.4
1903820 128.4
1903830 128.4
1903840 128.4
1903850 128.4
1903860 128.4
1903870 128.4
1903880 128.4
1903890 128.4
1903900 128.4
1903910 128.3
1903920 128.3
1903930 128.3
1903940 128.3
1903950 128.3
1903960 128.3
1903970 128.3
1903980 128.3
1903990 128.2
1904000 128.3
1904010 128.3
1904020 128.3
1904030 128.2
1904040 128.2
1904050 128.3
1904060 128.2
1904070 128.2
1904080 128.3
1904090 128.4
1904100 128.4
1904110 128.2
1904120 129.1
1904130 129.1
1904140 129.1
1904150 127.7
1904160 127.7
1904170 129.2
1904180 128.6
1904190 128.6
1904200 128.1
1904210 128.1
1904220 128.1
1904230 128.1
1904240 128.1
1904250 128.1
1904260 128.3
1904270 128.4
1904280 128.3
1904290 128.3
1904300 128.1
1904310 128.1
1904320 128.1
1904330 128.2
1904340 128.2
1904350 128.4
1904360 128.5
1904370 128.5
1904380 128.5
1904390 128.4
1904400 128.4
1904410 128.2
1904420 128.1
1904430 128.1
1904440 128.2
1904450 128.2
1904460 128.2
1904470 128.3
1904480 128.2
1904490 128.2
1904500 127.8
1904510 127.9
1904520 127.9
1904530 128.0
1904540 128.1
1904550 128.1
1904560 128.2
1904570 128.2
1904580 128.2
1904590 128.8
1904600 128.8
1904610 128.8
1904620 129.0
1904630 129.0
1904640 129.0
1904650 128.9
1904660 128.5
1904670 128.5
1904680 128.2
1904690 127.2
1904700 127.2
1904710 127.0
1904720 126.9
1904730 126.9
1904740 126.9
1904750 127.4
1904760 127.8
1904770 127.8
1904780 128.7
1904790 128.8
1904800 128.8
1904810 129.3
1904820 129.8
1904830 129.8
1904840 129.7
1904850 129.7
1904860 129.7
1904870 129.2
1904880 129.0
1904890 129.0
1904900 128.3
1904910 128.3
1904920 128.3
1904930 128.2
1904940 128.1
1904950 128.1
1904960 128.1
1904970 128.1
1904980 128.1
1904990 128.1
1905000 128.0
1905010 128.0
1905020 128.0
1905030 128.0
1905040 128.0
1905050 128.0
1905060 128.0
1905070 128.0
1905080 128.0
1905090 128.1
1905100 128.1
1905110 128.0
1905120 128.0
1905130 128.0
1905140 128.1
1905150 128.1
1905160 128.1
1905170 128.0
1905180 128.0
1905190 128.0
1905200 128.0
1905210 128.0
1905220 128.0
1905230 128.0
1905240 128.0
1905250 128.0
1905260 127.9
1905270 127.9
1905280 127.9
1905290 127.8
1905300 127.8
1905310 127.8
1905320 127.8
1905330 127.9
1905340 127.9
1905350 127.9
1905360 127.9
1905370 127.9
1905380 127.9
1905390 127.9
1905400 127.9
1905410 127.9
1905420 127.9
1905430 127.9
1905440 128.0
1905450 128.0
1905460 128.0
1905470 128.0
1905480 128.1
1905490 128.1
1905500 128.1
1905510 128.3
1905520 128.3
1905530 128.3
1905540 128.4
1905550 128.4
1905560 128.3
1905570 128.3
1905580 128.3
1905590 128.2
1905600 128.2
1905610 128.2
1905620 128.2
1905630 128.1
1905640 128.1
1905650 128.1
1905660 128.0
1905670 128.0
1905680 128.0
1905690 128.0
1905700 128.0
1905710 128.1
1905720 128.1
1905730 128.1
1905740 128.1
1905750 128.2
1905760 128.2
1905770 128.2
1905780 128.1
1905790 128.1
1905800 128.1
1905810 128.1
1905820 128.0
1905830 128.0
1905840 127.9
1905850 127.9
1905860 127.9
