1900000 144.0
1900010 143.0
1900020 143.0
1900030 142.3
1900040 141.4
1900050 141.4
1900060 140.7
1900070 140.0
1900080 140.0
1900090 139.5
1900100 138.6
1900110 138.6
1900120 137.9
1900130 137.3
1900140 137.3
1900150 136.8
1900160 136.1
1900170 135.9
1900180 135.3
1900190 134.2
1900200 134.2
1900210 133.0
1900220 132.2
1900230 132.2
1900240 133.0
1900250 133.3
1900260 133.3
1900270 133.0
1900280 132.6
1900290 132.2
1900300 132.2
1900310 131.6
1900320 131.3
1900330 131.3
1900340 131.1
1900350 130.9
1900360 130.9
1900370 130.8
1900380 130.7
1900390 130.7
1900400 130.7
1900410 130.7
1900420 130.7
1900430 130.5
1900440 130.5
1900450 130.5
1900460 130.6
1900470 130.6
1900480 130.5
1900490 130.5
1900500 130.5
1900510 130.5
1900520 130.3
1900530 130.2
1900540 130.2
1900550 130.2
1900560 130.1
1900570 130.1
1900580 129.9
1900590 129.9
1900600 129.9
1900610 129.9
1900620 129.9
1900630 129.9
1900640 129.9
1900650 129.9
1900660 129.9
1900670 129.9
1900680 129.8
1900690 129.8
1900700 129.7
1900710 129.5
1900720 129.5
1900730 129.2
1900740 128.9
1900750 128.9
1900760 128.9
1900770 129.0
1900780 129.0
1900790 129.1
1900800 129.1
1900810 129.1
1900820 129.2
1900830 129.5
1900840 129.5
1900850 129.7
1900860 129.9
1900870 129.9
1900880 129.8
1900890 129.6
1900900 129.6
1900910 129.3
1900920 129.0
1900930 129.0
1900940 128.9
1900950 128.9
1900960 128.9
1900970 128.9
1900980 128.9
1900990 128.9
1901000 129.0
1901010 129.1
1901020 129.1
1901030 129.0
1901040 128.9
1901050 128.9
1901060 128.9
1901070 128.9
1901080 128.9
1901090 128.9
1901100 128.9
1901110 128.9
1901120 129.0
1901130 129.0
1901140 129.0
1901150 129.0
1901160 129.0
1901170 129.0
1901180 129.0
1901190 129.0
1901200 129.0
1901210 129.2
1901220 129.0
1901230 129.0
1901240 129.0
1901250 129.1
1901260 129.1
1901270 129.1
1901280 129.3
1901290 129.3
1901300 129.3
1901310 129.5
1901320 129.6
1901330 129.6
1901340 130.0
1901350 130.6
1901360 130.6
1901370 130.6
1901380 130.3
1901390 130.3
1901400 130.0
1901410 130.1
1901420 130.1
1901430 129.8
1901440 129.7
1901450 129.7
1901460 129.8
1901470 130.1
1901480 130.1
1901490 130.2
1901500 130.3
1901510 130.3
1901520 130.2
1901530 130.2
1901540 130.2
1901550 130.1
1901560 130.0
1901570 130.0
1901580 130.0
1901590 129.9
1901600 129.9
1901610 129.8
1901620 129.6
1901630 129.6
1901640 129.3
1901650 129.2
1901660 129.2
1901670 129.1
1901680 129.0
1901690 129.0
1901700 129.0
1901710 129.0
1901720 129.0
1901730 129.0
1901740 128.9
1901750 128.9
1901760 128.9
1901770 128.9
1901780 128.9
1901790 128.9
1901800 128.9
1901810 128.9
1901820 128.9
1901830 128.9
1901840 128.9
1901850 128.8
1901860 128.9
1901870 128.9
1901880 128.9
1901890 128.9
1901900 128.9
1901910 128.9
1901920 128.9
1901930 128.9
1901940 128.9
1901950 128.9
1901960 128.9
1901970 128.9
1901980 128.9
1901990 128.9
1902000 129.0
1902010 129.1
1902020 129.1
1902030 129.1
1902040 129.1
1902050 129.1
1902060 129.2
1902070 129.3
1902080 129.3
1902090 129.3
1902100 129.3
1902110 129.3
1902120 129.4
1902130 129.4
1902140 129.4
1902150 129.5
1902160 129.4
1902170 129.4
1902180 129.4
1902190 129.4
1902200 129.4
1902210 129.3
1902220 129.3
1902230 129.4
1902240 129.4
1902250 129.4
1902260 129.4
1902270 129.4
1902280 129.4
1902290 129.4
1902300 129.4
1902310 129.4
1902320 129.4
1902330 129.4
1902340 129.5
1902350 129.5
1902360 129.5
1902370 129.5
1902380 129.4
1902390 129.4
1902400 129.3
1902410 129.2
1902420 129.2
1902430 129.2
1902440 129.3
1902450 129.3
1902460 129.7
1902470 130.3
1902480 130.3
1902490 130.7
1902500 130.6
1902510 130.6
1902520 130.1
1902530 129.7
1902540 129.7
1902550 129.1
1902560 129.0
1902570 129.0
1902580 128.8
1902590 128.6
1902600 128.6
1902610 128.7
1902620 128.7
1902630 128.7
1902640 128.9
1902650 129.9
1902660 129.9
1902670 130.3
1902680 130.2
1902690 130.2
1902700 130.2
1902710 129.8
1902720 129.8
1902730 129.7
1902740 129.6
1902750 129.6
1902760 129.5
1902770 129.4
1902780 129.4
1902790 129.3
1902800 129.2
1902810 129.2
1902820 129.1
1902830 129.1
1902840 129.1
1902850 129.1
1902860 129.0
1902870 129.0
1902880 129.0
1902890 128.9
1902900 128.9
1902910 128.9
1902920 128.9
1902930 128.9
1902940 128.8
1902950 128.8
1902960 128.8
1902970 128.8
1902980 128.8
1902990 128.8
1903000 128.8
1903010 128.8
1903020 128.8
1903030 128.9
1903040 128.9
1903050 128.9
1903060 128.9
1903070 128.8
1903080 128.8
1903090 128.9
1903100 128.9
1903110 128.9
1903120 128.9
1903130 128.9
1903140 128.9
1903150 128.9
1903160 129.0
1903170 129.0
1903180 129.1
1903190 129.3
1903200 129.3
1903210 129.4
1903220 129.6
1903230 129.0
1903240 129.0
1903250 129.2
1903260 129.1
1903270 129.1
1903280 129.1
1903290 129.0
1903300 129.0
1903310 128.9
1903320 128.8
1903330 128.8
1903340 128.7
1903350 128.7
1903360 128.7
1903370 128.7
1903380 128.6
1903390 128.6
1903400 128.6
1903410 128.5
1903420 128.5
1903430 128.6
1903440 128.6
1903450 128.6
1903460 128.6
1903470 128.6
1903480 128.6
1903490 128.6
1903500 128.5
1903510 128.5
1903520 128.6
1903530 128.5
1903540 128.5
1903550 128.5
1903560 128.5
1903570 128.5
1903580 128.5
1903590 128.5
1903600 128.5
1903610 128.5
1903620 128.5
1903630 128.5
1903640 128.5
1903650 128.5
1903660 128.5
1903670 128.5
1903680 128.6
1903690 128.6
1903700 128.5
1903710 128.5
1903720 128.5
1903730 128.6
1903740 128.7
1903750 128.7
1903760 128.7
1903770 128.7
1903780 128.7
1903790 128.7
1903800 128.6
1903810 128.6
1903820 128.6
1903830 128.5
1903840 128.5
1903850 128.6
1903860 128.6
1903870 128.6
1903880 128.5
1903890 128.5
1903900 128.5
1903910 128.5
1903920 128.6
1903930 128.6
1903940 128.6
1903950 128.6
1903960 128.6
1903970 128.7
1903980 128.7
1903990 128.7
1904000 128.5
1904010 129.5
1904020 129.5
1904030 128.2
1904040 129.0
1904050 129.0
1904060 129.3
1904070 128.7
1904080 128.7
1904090 128.7
1904100 128.5
1904110 128.5
1904120 128.5
1904130 128.4
1904140 128.4
1904150 128.4
1904160 128.4
1904170 128.4
1904180 128.4
1904190 128.3
1904200 128.3
1904210 128.3
1904220 128.3
1904230 128.3
1904240 128.3
1904250 128.2
1904260 128.3
1904270 128.3
1904280 128.3
1904290 128.4
1904300 128.4
1904310 128.3
1904320 128.3
1904330 128.3
1904340 128.3
1904350 128.2
1904360 128.2
1904370 128.2
1904380 128.2
1904390 128.2
1904400 128.1
1904410 128.1
1904420 128.1
1904430 128.1
1904440 128.2
1904450 128.2
1904460 128.2
1904470 128.1
1904480 128.1
1904490 128.0
1904500 128.0
1904510 128.0
1904520 128.0
1904530 128.0
1904540 128.0
1904550 128.0
1904560 127.9
1904570 127.9
1904580 127.9
1904590 127.9
1904600 127.9
1904610 127.9
1904620 127.9
1904630 127.9
1904640 127.9
1904650 128.0
1904660 128.0
1904670 128.0
1904680 128.0
1904690 128.0
1904700 128.0
1904710 128.0
1904720 128.0
1904730 128.1
1904740 128.2
1904750 128.2
1904760 128.2
1904770 128.2
1904780 128.2
1904790 128.2
1904800 128.1
1904810 128.1
1904820 128.0
1904830 128.0
1904840 128.0
1904850 128.0
1904860 128.0
1904870 128.0
1904880 128.0
1904890 128.1
1904900 128.1
1904910 128.1
1904920 128.1
1904930 128.1
1904940 128.1
1904950 128.0
1904960 128.0
1904970 128.0
1904980 128.1
1904990 128.1
1905000 128.1
1905010 128.1
1905020 128.1
1905030 128.1
1905040 128.1
1905050 128.1
1905060 128.1
1905070 128.1
1905080 128.1
1905090 128.1
1905100 128.1
1905110 128.1
1905120 128.1
1905130 128.1
1905140 128.1
1905150 128.2
1905160 128.3
1905170 128.3
1905180 128.3
1905190 128.3
1905200 128.3
1905210 128.3
1905220 128.3
1905230 128.5
1905240 128.5
1905250 128.5
1905260 128.6
1905270 128.6
1905280 128.8
1905290 128.7
1905300 128.7
1905310 128.5
1905320 127.9
1905330 127.9
1905340 127.5
1905350 127.1
1905360 127.1
1905370 127.0
1905380 127.0
1905390 127.0
1905400 126.8
1905410 126.9
1905420 128.9
1905430 129.4
1905440 129.4
1905450 129.4
1905460 129.7
1905470 129.1
1905480 129.1
1905490 128.8
1905500 128.4
1905510 128.4
1905520 128.1
1905530 128.1
1905540 128.1
1905550 128.0
1905560 128.1
1905570 128.1
1905580 128.2
1905590 128.2
1905600 128.2
1905610 128.2
1905620 128.0
1905630 128.0
1905640 128.0
1905650 128.0
1905660 128.0
1905670 128.1
1905680 128.1
1905690 128.1
1905700 128.1
1905710 128.1
1905720 128.2
1905730 128.2
1905740 128.2
1905750 128.2
1905760 128.2
1905770 128.2
1905780 128.2
1905790 128.2
