1900000 142.3
1900010 142.3
1900020 141.5
1900030 140.7
1900040 140.7
1900050 139.8
1900060 139.2
1900070 138.9
1900080 138.3
1900090 137.3
1900100 137.3
1900110 136.5
1900120 136.2
1900130 136.2
1900140 135.7
1900150 134.8
1900160 134.8
1900170 134.2
1900180 133.8
1900190 133.8
1900200 133.5
1900210 132.9
1900220 132.9
1900230 132.5
1900240 132.0
1900250 132.0
1900260 131.2
1900270 131.1
1900280 131.1
1900290 131.3
1900300 131.2
1900310 131.2
1900320 130.5
1900330 130.2
1900340 130.2
1900350 130.2
1900360 130.4
1900370 130.5
1900380 130.4
1900390 130.4
1900400 130.3
1900410 130.3
1900420 130.2
1900430 130.1
1900440 130.1
1900450 130.0
1900460 130.0
1900470 130.0
1900480 130.0
1900490 130.0
1900500 130.0
1900510 130.0
1900520 130.0
1900530 130.0
1900540 130.0
1900550 130.0
1900560 130.0
1900570 130.0
1900580 130.0
1900590 130.0
1900600 129.9
1900610 129.8
1900620 129.8
1900630 129.7
1900640 129.4
1900650 129.4
1900660 129.1
1900670 129.0
1900680 129.0
1900690 128.9
1900700 129.1
1900710 129.1
1900720 129.4
1900730 129.6
1900740 129.6
1900750 129.8
1900760 129.8
1900770 129.8
1900780 129.3
1900790 129.2
1900800 129.2
1900810 129.2
1900820 129.1
1900830 129.1
1900840 129.1
1900850 129.1
1900860 129.1
1900870 129.1
1900880 129.0
1900890 129.0
1900900 129.0
1900910 129.1
1900920 129.1
1900930 129.0
1900940 129.1
1900950 129.1
1900960 129.0
1900970 129.0
1900980 129.0
1900990 129.1
1901000 129.1
1901010 129.1
1901020 129.1
1901030 129.1
1901040 129.1
1901050 129.1
1901060 129.1
1901070 129.1
1901080 129.2
1901090 129.3
1901100 129.3
1901110 129.3
1901120 129.1
1901130 129.1
1901140 129.1
1901150 129.0
1901160 129.0
1901170 128.9
1901180 129.2
1901190 129.2
1901200 130.2
1901210 130.5
1901220 130.5
1901230 130.2
1901240 129.7
1901250 129.7
1901260 129.8
1901270 129.8
1901280 129.8
1901290 129.7
1901300 129.7
1901310 129.6
1901320 129.8
1901330 130.1
1901340 130.2
1901350 130.2
1901360 130.3
1901370 130.3
1901380 130.3
1901390 130.2
1901400 130.0
1901410 130.0
1901420 129.8
1901430 129.8
1901440 129.8
1901450 129.8
1901460 129.9
1901470 129.9
1901480 129.9
1901490 129.9
1901500 129.9
1901510 129.9
1901520 129.9
1901530 129.9
1901540 129.8
1901550 129.8
1901560 129.8
1901570 129.6
1901580 129.5
1901590 129.5
1901600 129.4
1901610 129.4
1901620 129.4
1901630 129.3
1901640 129.3
1901650 129.3
1901660 129.1
1901670 129.1
1901680 129.1
1901690 129.0
1901700 129.0
1901710 129.0
1901720 129.0
1901730 129.0
1901740 129.0
1901750 128.9
1901760 128.9
1901770 128.9
1901780 129.0
1901790 129.0
1901800 129.0
1901810 129.0
1901820 129.0
1901830 129.0
1901840 129.0
1901850 129.0
1901860 129.0
1901870 129.0
1901880 129.0
1901890 129.0
1901900 129.1
1901910 129.0
1901920 129.1
1901930 129.0
1901940 129.0
1901950 129.0
1901960 129.0
1901970 129.1
1901980 129.1
1901990 129.2
1902000 129.2
1902010 129.2
1902020 129.3
1902030 129.3
1902040 129.3
1902050 129.3
1902060 129.4
1902070 129.4
1902080 129.3
1902090 129.3
1902100 129.3
1902110 129.3
1902120 129.1
1902130 129.1
1902140 129.1
1902150 129.1
1902160 129.1
1902170 129.2
1902180 129.5
1902190 129.5
1902200 129.8
1902210 130.0
1902220 130.0
1902230 129.1
1902240 128.9
1902250 128.9
1902260 128.9
1902270 128.9
1902280 128.9
1902290 129.0
1902300 129.0
1902310 129.1
1902320 129.1
1902330 129.4
1902340 129.8
1902350 129.8
1902360 130.1
1902370 130.1
1902380 130.1
1902390 130.0
1902400 129.7
1902410 129.7
1902420 129.6
1902430 129.5
1902440 129.5
1902450 129.4
1902460 129.5
1902470 129.5
1902480 129.7
1902490 129.6
1902500 129.6
1902510 129.5
1902520 129.6
1902530 129.6
1902540 129.4
1902550 129.3
1902560 129.3
1902570 129.3
1902580 129.3
1902590 129.3
1902600 129.3
1902610 129.5
1902620 129.5
1902630 129.8
1902640 129.3
1902650 129.3
1902660 129.4
1902670 129.4
1902680 129.4
1902690 129.3
1902700 129.2
1902710 129.2
1902720 129.2
1902730 129.3
1902740 129.3
1902750 129.4
1902760 129.7
1902770 129.7
1902780 128.8
1902790 128.8
1902800 128.8
1902810 129.5
1902820 129.5
1902830 129.5
1902840 129.4
1902850 129.3
1902860 129.3
1902870 129.2
1902880 129.1
1902890 129.1
1902900 129.0
1902910 129.0
1902920 129.0
1902930 129.0
1902940 129.0
1902950 129.0
1902960 129.0
1902970 128.9
1902980 128.9
1902990 128.9
1903000 128.9
1903010 128.9
1903020 129.0
1903030 129.0
1903040 129.0
1903050 128.1
1903060 129.2
1903070 129.2
1903080 129.5
1903090 129.5
1903100 129.5
1903110 129.5
1903120 129.5
1903130 129.5
1903140 129.4
1903150 129.5
1903160 129.1
1903170 129.0
1903180 128.9
1903190 128.9
1903200 129.1
1903210 129.0
1903220 129.0
1903230 128.8
1903240 128.8
1903250 128.8
1903260 128.8
1903270 128.8
1903280 128.8
1903290 128.8
1903300 128.6
1903310 128.5
1903320 128.5
1903330 128.4
1903340 128.4
1903350 128.4
1903360 128.3
1903370 128.3
1903380 128.3
1903390 128.3
1903400 128.3
1903410 128.3
1903420 128.4
1903430 128.5
1903440 128.5
1903450 128.5
1903460 128.5
1903470 128.5
1903480 128.4
1903490 128.5
1903500 128.5
1903510 128.5
1903520 128.4
1903530 128.4
1903540 128.4
1903550 128.4
1903560 128.4
1903570 128.4
1903580 128.4
1903590 128.4
1903600 128.3
1903610 128.3
1903620 128.3
1903630 128.4
1903640 128.4
1903650 128.4
1903660 128.4
1903670 128.4
1903680 128.4
1903690 128.4
1903700 128.4
1903710 128.4
1903720 128.4
1903730 128.4
1903740 128.4
1903750 128.4
1903760 128.4
1903770 128.4
1903780 128.4
1903790 128.4
1903800 128.4
1903810 128.5
1903820 128.6
1903830 128.6
1903840 128.5
1903850 128.5
1903860 128.5
1903870 128.5
1903880 128.4
1903890 128.4
1903900 128.3
1903910 128.3
1903920 128.3
1903930 128.4
1903940 128.4
1903950 128.4
1903960 128.3
1903970 128.4
1903980 128.4
1903990 128.3
1904000 128.3
1904010 128.3
1904020 128.3
1904030 128.4
1904040 128.4
1904050 128.4
1904060 128.0
1904070 128.0
1904080 128.0
1904090 129.2
1904100 129.2
1904110 128.4
1904120 128.3
1904130 128.3
1904140 129.4
1904150 128.3
1904160 128.3
1904170 128.2
1904180 128.2
1904190 128.2
1904200 128.1
1904210 128.1
1904220 128.1
1904230 128.2
1904240 128.2
1904250 128.2
1904260 128.0
1904270 127.9
1904280 127.9
1904290 127.9
1904300 128.2
1904310 128.3
1904320 128.3
1904330 128.2
1904340 128.3
1904350 128.3
1904360 128.3
1904370 128.2
1904380 128.2
1904390 128.3
1904400 128.2
1904410 128.2
1904420 128.1
1904430 128.0
1904440 128.0
1904450 128.1
1904460 128.1
1904470 128.1
1904480 128.0
1904490 128.0
1904500 128.0
1904510 128.0
1904520 128.1
1904530 128.1
1904540 128.0
1904550 128.0
1904560 128.0
1904570 127.9
1904580 128.0
1904590 128.0
1904600 128.1
1904610 128.2
1904620 128.2
1904630 128.2
1904640 128.2
1904650 128.2
1904660 128.2
1904670 128.2
1904680 128.2
1904690 128.3
1904700 128.2
1904710 128.2
1904720 128.2
1904730 128.2
1904740 128.2
1904750 128.2
1904760 128.2
1904770 128.2
1904780 128.2
1904790 128.7
1904800 128.7
1904810 128.7
1904820 129.0
1904830 129.0
1904840 128.9
1904850 128.8
1904860 128.8
1904870 128.6
1904880 128.0
1904890 128.0
1904900 127.3
1904910 126.9
1904920 126.9
1904930 126.9
1904940 126.9
1904950 126.9
1904960 127.1
1904970 127.4
1904980 127.4
1904990 128.0
1905000 129.7
1905010 129.7
1905020 129.2
1905030 128.6
1905040 128.6
1905050 128.4
1905060 128.3
1905070 128.3
1905080 128.2
1905090 128.2
1905100 128.2
1905110 128.2
1905120 128.2
1905130 128.2
1905140 128.2
1905150 128.1
1905160 128.1
1905170 128.1
1905180 128.1
1905190 128.1
1905200 128.1
1905210 128.0
1905220 128.0
1905230 128.0
1905240 127.9
1905250 127.9
1905260 127.9
1905270 127.8
1905280 127.8
1905290 127.8
1905300 127.8
1905310 127.9
1905320 127.9
1905330 127.9
1905340 128.0
1905350 128.0
1905360 128.0
1905370 127.9
1905380 127.9
1905390 127.9
1905400 127.8
1905410 127.8
1905420 127.8
1905430 127.9
1905440 127.9
1905450 127.9
1905460 127.9
1905470 127.9
1905480 127.9
1905490 127.9
1905500 127.9
1905510 127.9
1905520 127.9
1905530 127.9
1905540 128.0
1905550 128.0
1905560 128.0
1905570 128.0
1905580 128.0
1905590 128.0
1905600 128.1
1905610 128.1
1905620 128.0
1905630 128.0
1905640 128.0
1905650 128.0
1905660 128.0
1905670 128.0
1905680 128.0
1905690 128.1
1905700 128.2
1905710 128.2
1905720 128.3
1905730 128.3
1905740 128.3
1905750 128.3
1905760 128.3
1905770 128.3
1905780 128.3
1905790 128.2
1905800 128.2
1905810 128.2
1905820 128.2
1905830 128.2
