1900000 145.1
1900010 144.9
1900020 144.9
1900030 144.4
1900040 143.3
1900050 143.3
1900060 142.8
1900070 141.8
1900080 141.8
1900090 141.3
1900100 141.0
1900110 140.2
1900120 140.2
1900130 139.4
1900140 138.8
1900150 138.8
1900160 138.5
1900170 138.0
1900180 138.0
1900190 137.6
1900200 137.1
1900210 137.1
1900220 136.6
1900230 136.6
1900240 136.6
1900250 136.4
1900260 135.8
1900270 135.8
1900280 135.1
1900290 134.3
1900300 134.3
1900310 133.8
1900320 134.1
1900330 134.1
1900340 133.7
1900350 133.3
1900360 133.3
1900370 133.5
1900380 133.3
1900390 133.3
1900400 132.8
1900410 131.9
1900420 131.9
1900430 131.5
1900440 131.1
1900450 131.1
1900460 131.0
1900470 130.6
1900480 130.6
1900490 130.2
1900500 129.9
1900510 129.9
1900520 129.7
1900530 129.5
1900540 129.5
1900550 129.4
1900560 129.3
1900570 129.3
1900580 129.2
1900590 129.1
1900600 129.1
1900610 129.0
1900620 129.0
1900630 129.0
1900640 128.9
1900650 128.9
1900660 128.9
1900670 128.9
1900680 129.0
1900690 129.0
1900700 129.1
1900710 129.2
1900720 129.2
1900730 129.3
1900740 129.4
1900750 129.4
1900760 129.4
1900770 129.4
1900780 129.4
1900790 129.4
1900800 129.3
1900810 129.3
1900820 129.3
1900830 129.3
1900840 129.3
1900850 129.3
1900860 129.2
1900870 129.2
1900880 129.2
1900890 129.2
1900900 129.2
1900910 129.2
1900920 129.2
1900930 129.2
1900940 129.2
1900950 129.3
1900960 129.3
1900970 129.3
1900980 129.3
1900990 129.3
1901000 129.4
1901010 129.4
1901020 129.4
1901030 129.6
1901040 129.7
1901050 129.7
1901060 129.8
1901070 130.0
1901080 130.1
1901090 130.1
1901100 130.1
1901110 130.4
1901120 130.6
1901130 130.9
1901140 131.1
1901150 131.1
1901160 131.2
1901170 131.2
1901180 131.2
1901190 131.2
1901200 131.0
1901210 131.0
1901220 130.8
1901230 130.7
1901240 130.7
1901250 130.7
1901260 130.7
1901270 130.7
1901280 130.7
1901290 130.6
1901300 130.6
1901310 130.6
1901320 130.6
1901330 130.6
1901340 130.6
1901350 130.5
1901360 130.5
1901370 130.7
1901380 130.7
1901390 130.7
1901400 130.6
1901410 130.6
1901420 130.6
1901430 130.3
1901440 130.1
1901450 130.1
1901460 129.8
1901470 129.4
1901480 129.4
1901490 129.1
1901500 128.9
1901510 128.9
1901520 128.9
1901530 128.9
1901540 128.9
1901550 128.9
1901560 128.9
1901570 128.9
1901580 128.9
1901590 128.9
1901600 128.9
1901610 128.9
1901620 128.9
1901630 128.9
1901640 128.9
1901650 129.0
1901660 129.0
1901670 129.1
1901680 129.1
1901690 129.1
1901700 129.1
1901710 129.2
1901720 129.2
1901730 129.1
1901740 128.9
1901750 128.9
1901760 128.8
1901770 128.8
1901780 128.8
1901790 129.0
1901800 129.7
1901810 129.7
1901820 130.5
1901830 130.3
1901840 130.3
1901850 129.9
1901860 129.6
1901870 129.6
1901880 129.3
1901890 129.2
1901900 129.2
1901910 129.2
1901920 129.2
1901930 129.2
1901940 129.1
1901950 129.1
1901960 129.1
1901970 129.0
1901980 129.0
1901990 129.0
1902000 128.9
1902010 128.8
1902020 128.8
1902030 128.9
1902040 129.0
1902050 129.2
1902060 129.2
1902070 129.3
1902080 129.1
1902090 129.1
1902100 128.9
1902110 128.9
1902120 128.9
1902130 129.0
1902140 129.2
1902150 129.2
1902160 129.4
1902170 129.6
1902180 129.6
1902190 130.1
1902200 130.2
1902210 130.2
1902220 130.2
1902230 130.1
1902240 130.1
1902250 130.1
1902260 130.0
1902270 130.0
1902280 130.0
1902290 129.7
1902300 129.7
1902310 129.5
1902320 129.4
1902330 129.4
1902340 129.5
1902350 129.6
1902360 129.6
1902370 129.7
1902380 129.7
1902390 129.7
1902400 129.6
1902410 129.5
1902420 129.5
1902430 129.5
1902440 129.5
1902450 129.5
1902460 129.5
1902470 129.5
1902480 129.5
1902490 129.4
1902500 129.5
1902510 129.5
1902520 129.5
1902530 129.5
1902540 129.5
1902550 129.4
1902560 129.3
1902570 129.3
1902580 129.3
1902590 129.2
1902600 129.2
1902610 129.2
1902620 129.3
1902630 129.3
1902640 129.4
1902650 129.4
1902660 129.5
1902670 129.6
1902680 129.6
1902690 129.6
1902700 129.7
1902710 129.6
1902720 129.6
1902730 129.5
1902740 129.4
1902750 129.4
1902760 129.2
1902770 129.1
1902780 129.1
1902790 129.0
1902800 129.0
1902810 129.0
1902820 129.0
1902830 129.1
1902840 129.1
1902850 129.2
1902860 129.3
1902870 129.3
1902880 129.4
1902890 129.4
1902900 129.4
1902910 129.3
1902920 129.3
1902930 129.3
1902940 129.2
1902950 129.1
1902960 129.1
1902970 128.8
1902980 128.8
1902990 128.8
1903000 128.9
1903010 129.1
1903020 129.4
1903030 129.4
1903040 129.5
1903050 129.4
1903060 129.4
1903070 129.2
1903080 129.1
1903090 129.1
1903100 128.9
1903110 128.9
1903120 128.9
1903130 128.8
1903140 128.8
1903150 128.8
1903160 128.7
1903170 128.7
1903180 128.7
1903190 128.7
1903200 128.7
1903210 128.7
1903220 128.7
1903230 128.7
1903240 128.7
1903250 128.7
1903260 128.7
1903270 128.7
1903280 128.6
1903290 128.6
1903300 128.6
1903310 128.7
1903320 128.6
1903330 128.6
1903340 128.6
1903350 128.7
1903360 128.7
1903370 128.7
1903380 128.7
1903390 128.7
1903400 128.8
1903410 128.7
1903420 128.7
1903430 128.7
1903440 128.8
1903450 128.8
1903460 128.9
1903470 128.9
1903480 128.9
1903490 129.0
1903500 129.2
1903510 129.2
1903520 129.3
1903530 129.4
1903540 129.4
1903550 129.5
1903560 129.4
1903570 129.4
1903580 129.4
1903590 129.3
1903600 129.3
1903610 129.3
1903620 129.2
1903630 129.2
1903640 129.1
1903650 129.1
1903660 129.1
1903670 129.0
1903680 128.9
1903690 128.9
1903700 129.0
1903710 129.0
1903720 129.0
1903730 129.1
1903740 129.0
1903750 129.0
1903760 129.0
1903770 129.0
1903780 129.0
1903790 129.0
1903800 128.7
1903810 128.7
1903820 128.7
1903830 128.7
1903840 128.7
1903850 128.7
1903860 128.8
1903870 128.8
1903880 128.7
1903890 128.8
1903900 128.7
1903910 128.8
1903920 128.8
1903930 128.8
1903940 128.8
1903950 128.8
1903960 128.8
1903970 128.8
1903980 128.8
1903990 128.7
1904000 128.7
1904010 128.7
1904020 128.7
1904030 128.7
1904040 128.7
1904050 128.9
1904060 128.9
1904070 128.9
1904080 128.8
1904090 128.8
1904100 128.8
1904110 128.9
1904120 128.9
1904130 128.9
1904140 128.9
1904150 128.9
1904160 128.8
1904170 128.9
1904180 128.9
1904190 128.9
1904200 129.0
1904210 129.0
1904220 129.2
1904230 128.7
1904240 128.7
1904250 128.8
1904260 128.5
1904270 128.5
1904280 128.5
1904290 128.6
1904300 128.6
1904310 128.8
1904320 128.9
1904330 128.9
1904340 128.9
1904350 128.9
1904360 128.9
1904370 128.9
1904380 129.0
1904390 129.0
1904400 129.1
1904410 129.2
1904420 129.2
1904430 129.1
1904440 129.0
1904450 129.0
1904460 128.9
1904470 128.7
1904480 128.7
1904490 129.0
1904500 129.1
1904510 129.0
1904520 129.1
1904530 129.1
1904540 129.1
1904550 129.1
1904560 129.1
1904570 129.1
1904580 129.0
1904590 128.8
1904600 128.8
1904610 128.7
1904620 128.5
1904630 128.5
1904640 128.7
1904650 128.7
1904660 128.7
1904670 128.6
1904680 128.7
1904690 128.7
1904700 128.7
1904710 128.6
1904720 128.6
1904730 128.6
1904740 128.7
1904750 128.7
1904760 128.5
1904770 128.5
1904780 128.5
1904790 128.5
1904800 128.7
1904810 128.7
1904820 128.6
1904830 128.7
1904840 128.7
1904850 128.7
1904860 128.6
1904870 128.6
1904880 128.4
1904890 128.4
1904900 128.4
1904910 128.4
1904920 128.7
1904930 128.7
1904940 128.3
1904950 128.6
1904960 129.1
1904970 129.1
1904980 129.1
1904990 129.0
1905000 129.0
1905010 128.7
1905020 127.5
1905030 127.5
1905040 128.9
1905050 128.9
1905060 128.9
1905070 128.7
1905080 128.6
1905090 128.6
1905100 128.6
1905110 129.0
1905120 129.7
1905130 129.4
1905140 128.9
1905150 128.9
1905160 128.6
1905170 128.5
1905180 128.5
1905190 128.5
1905200 128.5
1905210 128.5
1905220 128.4
1905230 128.6
1905240 128.6
1905250 128.6
1905260 128.9
1905270 128.9
1905280 129.2
1905290 129.4
1905300 129.4
1905310 129.8
1905320 129.7
1905330 129.7
1905340 129.4
1905350 129.4
1905360 129.4
1905370 129.3
1905380 128.9
1905390 128.9
1905400 128.7
1905410 128.5
1905420 128.5
1905430 128.4
1905440 128.4
1905450 128.4
1905460 128.2
1905470 128.1
1905480 128.1
1905490 128.2
1905500 128.3
1905510 128.3
1905520 128.2
1905530 128.2
1905540 128.2
1905550 128.1
1905560 128.2
1905570 128.2
1905580 128.4
1905590 128.3
1905600 128.3
