1900000 144.8
1900010 144.0
1900020 143.2
1900030 143.2
1900040 142.4
1900050 141.5
1900060 141.5
1900070 141.0
1900080 140.5
1900090 140.5
1900100 139.6
1900110 138.9
1900120 138.9
1900130 138.1
1900140 137.5
1900150 137.5
1900160 136.6
1900170 135.8
1900180 135.8
1900190 134.6
1900200 133.6
1900210 133.6
1900220 132.5
1900230 133.8
1900240 133.8
1900250 134.4
1900260 133.7
1900270 133.7
1900280 132.9
1900290 132.5
1900300 132.5
1900310 132.1
1900320 131.7
1900330 131.7
1900340 131.5
1900350 131.3
1900360 131.3
1900370 131.2
1900380 131.0
1900390 131.0
1900400 130.8
1900410 130.7
1900420 130.7
1900430 130.7
1900440 130.6
1900450 130.6
1900460 130.6
1900470 130.5
1900480 130.5
1900490 130.4
1900500 130.5
1900510 130.5
1900520 130.5
1900530 130.5
1900540 130.5
1900550 130.5
1900560 130.4
1900570 130.4
1900580 130.4
1900590 130.2
1900600 130.2
1900610 130.1
1900620 130.0
1900630 130.0
1900640 129.9
1900650 129.8
1900660 129.8
1900670 129.9
1900680 129.9
1900690 129.9
1900700 129.8
1900710 129.4
1900720 129.4
1900730 129.2
1900740 129.1
1900750 129.1
1900760 129.0
1900770 129.0
1900780 129.0
1900790 129.1
1900800 129.1
1900810 129.1
1900820 129.1
1900830 129.1
1900840 129.5
1900850 129.5
1900860 130.0
1900870 130.2
1900880 130.2
1900890 130.2
1900900 130.0
1900910 130.0
1900920 129.8
1900930 129.7
1900940 129.7
1900950 129.5
1900960 129.4
1900970 129.4
1900980 129.2
1900990 129.0
1901000 129.0
1901010 128.9
1901020 128.9
1901030 128.9
1901040 128.9
1901050 128.9
1901060 128.9
1901070 128.9
1901080 128.9
1901090 128.9
1901100 128.9
1901110 128.9
1901120 128.9
1901130 128.9
1901140 128.9
1901150 128.9
1901160 129.0
1901170 128.9
1901180 128.9
1901190 128.9
1901200 129.0
1901210 129.0
1901220 129.0
1901230 129.1
1901240 129.1
1901250 129.1
1901260 129.0
1901270 129.0
1901280 129.0
1901290 129.1
1901300 129.1
1901310 129.2
1901320 129.2
1901330 129.2
1901340 129.4
1901350 129.4
1901360 129.4
1901370 129.4
1901380 129.6
1901390 129.6
1901400 129.9
1901410 130.4
1901420 130.4
1901430 130.4
1901440 130.5
1901450 130.5
1901460 130.1
1901470 130.2
1901480 130.2
1901490 130.8
1901500 130.8
1901510 130.8
1901520 130.4
1901530 130.1
1901540 130.1
1901550 130.1
1901560 130.1
1901570 130.1
1901580 130.1
1901590 130.0
1901600 130.0
1901610 129.7
1901620 129.5
1901630 129.5
1901640 129.5
1901650 129.5
1901660 129.5
1901670 129.3
1901680 129.1
1901690 129.1
1901700 129.0
1901710 129.0
1901720 129.0
1901730 128.9
1901740 128.9
1901750 128.9
1901760 128.9
1901770 128.9
1901780 128.8
1901790 128.8
1901800 128.8
1901810 128.8
1901820 128.8
1901830 128.8
1901840 128.8
1901850 128.8
1901860 128.8
1901870 128.8
1901880 128.8
1901890 128.8
1901900 128.8
1901910 128.8
1901920 128.9
1901930 129.0
1901940 129.0
1901950 129.1
1901960 129.3
1901970 129.3
1901980 129.3
1901990 129.2
1902000 129.2
1902010 128.9
1902020 129.0
1902030 129.0
1902040 129.4
1902050 129.5
1902060 129.5
1902070 129.6
1902080 129.7
1902090 129.7
1902100 129.8
1902110 129.8
1902120 129.8
1902130 129.8
1902140 129.6
1902150 129.6
1902160 129.6
1902170 129.6
1902180 129.6
1902190 129.6
1902200 129.5
1902210 129.5
1902220 129.5
1902230 129.5
1902240 129.5
1902250 129.4
1902260 129.4
1902270 129.4
1902280 129.3
1902290 129.3
1902300 129.3
1902310 129.2
1902320 129.1
1902330 129.1
1902340 129.1
1902350 129.0
1902360 129.0
1902370 129.0
1902380 129.0
1902390 129.0
1902400 129.2
1902410 129.7
1902420 129.7
1902430 130.8
1902440 130.8
1902450 130.5
1902460 129.8
1902470 129.8
1902480 129.8
1902490 130.4
1902500 131.0
1902510 131.0
1902520 131.0
1902530 130.9
1902540 130.9
1902550 130.8
1902560 130.1
1902570 130.1
1902580 129.5
1902590 129.7
1902600 129.7
1902610 129.7
1902620 129.9
1902630 129.9
1902640 129.9
1902650 130.1
1902660 130.1
1902670 129.9
1902680 129.9
1902690 129.9
1902700 129.5
1902710 129.5
1902720 129.5
1902730 129.3
1902740 128.9
1902750 128.7
1902760 128.7
1902770 128.7
1902780 129.0
1902790 129.0
1902800 129.1
1902810 129.3
1902820 129.3
1902830 129.6
1902840 129.6
1902850 129.6
1902860 129.8
1902870 129.7
1902880 129.7
1902890 129.8
1902900 129.5
1902910 129.5
1902920 129.5
1902930 129.5
1902940 129.5
1902950 129.1
1902960 129.0
1902970 129.0
1902980 128.9
1902990 128.8
1903000 128.8
1903010 128.8
1903020 128.8
1903030 128.8
1903040 128.6
1903050 128.7
1903060 128.7
1903070 128.7
1903080 128.8
1903090 128.8
1903100 128.8
1903110 128.7
1903120 128.7
1903130 128.8
1903140 128.8
1903150 128.8
1903160 128.9
1903170 129.0
1903180 129.0
1903190 129.2
1903200 129.7
1903210 129.7
1903220 128.6
1903230 128.4
1903240 128.4
1903250 129.4
1903260 129.1
1903270 129.1
1903280 128.9
1903290 128.9
1903300 128.9
1903310 128.8
1903320 128.8
1903330 128.8
1903340 128.9
1903350 129.0
1903360 129.0
1903370 129.0
1903380 129.0
1903390 129.0
1903400 129.0
1903410 129.2
1903420 129.2
1903430 129.0
1903440 129.0
1903450 129.0
1903460 129.0
1903470 128.9
1903480 128.9
1903490 128.9
1903500 128.8
1903510 128.8
1903520 128.7
1903530 128.7
1903540 128.7
1903550 128.7
1903560 128.7
1903570 128.7
1903580 128.7
1903590 128.6
1903600 128.6
1903610 128.6
1903620 128.6
1903630 128.6
1903640 128.6
1903650 128.7
1903660 128.7
1903670 128.8
1903680 128.7
1903690 128.7
1903700 128.7
1903710 128.9
1903720 128.9
1903730 128.9
1903740 128.9
1903750 128.9
1903760 128.9
1903770 128.9
1903780 128.8
1903790 128.8
1903800 128.7
1903810 128.7
1903820 128.7
1903830 128.7
1903840 128.7
1903850 128.7
1903860 128.7
1903870 128.8
1903880 128.8
1903890 129.0
1903900 129.1
1903910 129.1
1903920 128.6
1903930 128.7
1903940 128.7
1903950 128.8
1903960 129.5
1903970 129.5
1903980 129.8
1903990 128.7
1904000 128.7
1904010 128.1
1904020 129.9
1904030 129.9
1904040 128.8
1904050 128.4
1904060 128.4
1904070 128.6
1904080 128.9
1904090 128.9
1904100 129.1
1904110 129.2
1904120 129.2
1904130 129.2
1904140 129.2
1904150 129.2
1904160 128.8
1904170 128.5
1904180 128.5
1904190 128.5
1904200 128.5
1904210 128.5
1904220 128.5
1904230 128.5
1904240 128.5
1904250 128.4
1904260 128.3
1904270 128.3
1904280 128.2
1904290 128.2
1904300 128.2
1904310 128.2
1904320 128.2
1904330 128.2
1904340 128.2
1904350 128.2
1904360 128.2
1904370 128.3
1904380 128.1
1904390 128.1
1904400 128.1
1904410 128.2
1904420 128.2
1904430 128.4
1904440 128.4
1904450 128.4
1904460 128.2
1904470 128.1
1904480 128.1
1904490 128.2
1904500 128.1
1904510 128.1
1904520 128.0
1904530 127.9
1904540 127.9
1904550 127.9
1904560 128.1
1904570 128.1
1904580 128.2
1904590 128.1
1904600 128.1
1904610 128.0
1904620 128.0
1904630 128.0
1904640 128.0
1904650 128.0
1904660 128.0
1904670 128.1
1904680 128.1
1904690 128.1
1904700 128.1
1904710 128.1
1904720 128.0
1904730 128.0
1904740 128.0
1904750 128.1
1904760 128.1
1904770 128.1
1904780 128.1
1904790 128.1
1904800 128.2
1904810 128.1
1904820 128.1
1904830 128.1
1904840 128.1
1904850 128.1
1904860 128.1
1904870 128.1
1904880 128.1
1904890 128.1
1904900 128.1
1904910 128.0
1904920 128.0
1904930 128.0
1904940 128.0
1904950 128.0
1904960 128.0
1904970 128.0
1904980 128.0
1904990 128.0
1905000 128.0
1905010 128.1
1905020 128.1
1905030 128.1
1905040 128.1
1905050 128.2
1905060 128.2
1905070 128.2
1905080 128.1
1905090 128.1
1905100 128.1
1905110 128.2
1905120 128.2
1905130 128.2
1905140 128.3
1905150 128.3
1905160 128.3
1905170 128.3
1905180 128.3
1905190 128.3
1905200 128.3
1905210 128.3
1905220 128.3
1905230 128.3
1905240 128.3
1905250 128.1
1905260 128.1
1905270 128.1
1905280 128.1
1905290 128.1
1905300 128.1
1905310 128.1
1905320 128.0
1905330 128.0
1905340 127.8
1905350 127.7
1905360 127.7
1905370 127.8
1905380 127.9
1905390 127.9
1905400 127.8
1905410 127.9
1905420 127.9
1905430 128.0
1905440 128.2
1905450 128.2
1905460 128.3
1905470 128.2
1905480 128.2
1905490 128.5
1905500 128.5
1905510 128.5
1905520 127.2
1905530 126.7
1905540 126.7
1905550 126.6
1905560 126.4
1905570 126.4
1905580 126.8
1905590 127.2
1905600 127.2
1905610 128.0
1905620 128.2
1905630 128.2
1905640 128.7
1905650 129.2
1905660 129.2
1905670 129.4
1905680 129.9
1905690 129.5
1905700 129.5
1905710 129.3
1905720 129.2
1905730 129.2
1905740 128.7
1905750 128.4
1905760 128.4
1905770 128.2
