1900000 130.6
1900010 130.6
1900020 130.5
1900030 130.5
1900040 130.5
1900050 130.6
1900060 130.5
1900070 130.5
1900080 130.4
1900090 130.4
1900100 130.4
1900110 130.3
1900120 130.2
1900130 130.3
1900140 130.3
1900150 130.2
1900160 130.3
1900170 130.3
1900180 130.2
1900190 130.1
1900200 130.1
1900210 130.0
1900220 130.0
1900230 130.0
1900240 130.0
1900250 129.9
1900260 129.9
1900270 129.9
1900280 129.9
1900290 129.9
1900300 129.9
1900310 129.8
1900320 129.8
1900330 129.8
1900340 129.8
1900350 129.8
1900360 129.8
1900370 129.8
1900380 129.8
1900390 129.8
1900400 129.8
1900410 129.8
1900420 129.8
1900430 129.8
1900440 129.8
1900450 129.7
1900460 129.8
1900470 129.8
1900480 129.9
1900490 130.0
1900500 130.0
1900510 130.0
1900520 130.1
1900530 130.1
1900540 130.2
1900550 130.2
1900560 130.2
1900570 130.3
1900580 130.3
1900590 130.3
1900600 130.4
1900610 130.4
1900620 130.4
1900630 130.1
1900640 130.1
1900650 130.1
1900660 130.4
1900670 130.3
1900680 130.3
1900690 130.3
1900700 130.2
1900710 130.2
1900720 130.2
1900730 130.2
1900740 130.2
1900750 130.1
1900760 130.0
1900770 130.0
1900780 129.9
1900790 130.0
1900800 130.0
1900810 130.0
1900820 129.9
1900830 129.9
1900840 129.9
1900850 129.9
1900860 129.9
1900870 129.9
1900880 129.9
1900890 129.9
1900900 130.0
1900910 130.0
1900920 130.0
1900930 130.1
1900940 130.1
1900950 130.1
1900960 130.0
1900970 129.9
1900980 129.9
1900990 129.8
1901000 129.9
1901010 129.9
1901020 129.9
1901030 129.8
1901040 129.8
1901050 129.7
1901060 129.7
1901070 129.7
1901080 129.7
1901090 129.6
1901100 129.6
1901110 129.6
1901120 129.5
1901130 129.5
1901140 129.5
1901150 129.6
1901160 129.6
1901170 129.6
1901180 129.4
1901190 129.4
1901200 129.4
1901210 129.3
1901220 129.4
1901230 129.4
1901240 129.3
1901250 129.3
1901260 129.3
1901270 129.2
1901280 129.2
1901290 129.2
1901300 129.3
1901310 129.4
1901320 129.4
1901330 129.4
1901340 129.5
1901350 129.5
1901360 129.5
1901370 129.5
1901380 129.5
1901390 129.5
1901400 129.6
1901410 129.6
1901420 129.8
1901430 130.2
1901440 130.2
1901450 130.2
1901460 129.6
1901470 129.6
1901480 129.3
1901490 129.9
1901500 129.9
1901510 130.4
1901520 129.7
1901530 129.7
1901540 129.6
1901550 129.5
1901560 129.5
1901570 129.5
1901580 129.4
1901590 129.4
1901600 129.4
1901610 129.4
1901620 129.4
1901630 129.3
1901640 129.3
1901650 129.3
1901660 129.3
1901670 129.2
1901680 129.3
1901690 129.2
1901700 129.2
1901710 129.2
1901720 129.2
1901730 129.2
1901740 129.2
1901750 129.1
1901760 129.1
1901770 129.1
1901780 129.1
1901790 129.1
1901800 129.1
1901810 129.1
1901820 129.1
1901830 129.1
1901840 129.1
1901850 129.1
1901860 129.1
1901870 129.1
1901880 129.0
1901890 129.0
1901900 129.0
1901910 128.9
1901920 128.9
1901930 129.0
1901940 129.0
1901950 129.0
1901960 128.9
1901970 128.9
1901980 128.9
1901990 128.9
1902000 129.0
1902010 129.0
1902020 129.0
1902030 129.0
1902040 129.0
1902050 129.0
1902060 128.9
1902070 128.9
1902080 129.0
1902090 128.8
1902100 128.8
1902110 128.8
1902120 128.7
1902130 128.6
1902140 128.6
1902150 128.6
1902160 128.6
1902170 128.6
1902180 128.6
1902190 128.6
1902200 128.6
1902210 128.6
1902220 128.7
1902230 128.7
1902240 128.7
1902250 128.8
1902260 128.8
1902270 128.8
1902280 128.8
1902290 128.8
1902300 128.8
1902310 128.7
1902320 128.7
1902330 128.7
1902340 128.6
1902350 128.6
1902360 128.6
1902370 128.6
1902380 128.6
1902390 128.6
1902400 128.5
1902410 128.5
1902420 128.6
1902430 128.6
1902440 128.6
1902450 128.6
1902460 128.6
1902470 128.6
1902480 128.6
1902490 128.7
1902500 128.7
1902510 128.8
1902520 128.9
1902530 128.9
1902540 129.1
1902550 129.2
1902560 129.2
1902570 129.2
1902580 129.2
1902590 129.2
1902600 129.2
1902610 129.1
1902620 129.1
1902630 129.2
1902640 129.3
1902650 129.3
1902660 129.4
1902670 129.5
1902680 129.5
1902690 129.6
1902700 129.6
1902710 129.6
1902720 129.5
1902730 129.5
1902740 129.5
1902750 129.4
1902760 129.3
1902770 129.3
1902780 129.1
1902790 129.0
1902800 129.0
1902810 128.9
1902820 128.9
1902830 128.9
1902840 128.9
1902850 129.0
1902860 129.0
1902870 129.1
1902880 129.1
1902890 129.1
1902900 129.0
1902910 129.1
1902920 130.2
1902930 129.8
1902940 128.3
1902950 128.3
1902960 127.8
1902970 128.8
1902980 128.8
1902990 130.1
1903000 131.5
1903010 131.5
1903020 131.7
1903030 129.8
1903040 129.8
1903050 129.1
1903060 129.1
1903070 129.1
1903080 129.1
1903090 129.0
1903100 129.0
1903110 129.0
1903120 128.9
1903130 128.9
1903140 128.9
1903150 128.9
1903160 128.9
1903170 128.9
1903180 128.9
1903190 128.9
1903200 128.9
1903210 128.9
1903220 128.8
1903230 128.8
1903240 128.8
1903250 128.8
1903260 128.8
1903270 128.8
1903280 128.8
1903290 128.8
1903300 128.8
1903310 128.8
1903320 128.8
1903330 128.8
1903340 128.8
1903350 128.8
1903360 128.8
1903370 128.8
1903380 128.8
1903390 128.8
1903400 128.7
1903410 128.7
1903420 128.7
1903430 128.7
1903440 128.7
1903450 128.7
1903460 128.7
1903470 128.7
1903480 128.7
1903490 128.7
1903500 128.7
1903510 128.7
1903520 128.8
1903530 128.9
1903540 128.9
1903550 128.9
1903560 128.9
1903570 128.9
1903580 128.9
1903590 128.9
1903600 128.9
1903610 128.9
1903620 128.9
1903630 128.9
1903640 129.0
1903650 129.0
1903660 129.0
1903670 128.9
1903680 128.9
1903690 128.9
1903700 128.8
1903710 128.8
1903720 128.7
1903730 128.7
1903740 128.7
1903750 128.7
1903760 128.6
1903770 128.6
1903780 128.5
1903790 128.5
1903800 128.5
1903810 128.5
1903820 128.5
1903830 128.5
1903840 128.6
1903850 128.6
1903860 128.6
1903870 128.6
1903880 128.6
1903890 128.6
1903900 128.6
1903910 128.5
1903920 128.5
1903930 128.5
1903940 128.4
1903950 128.4
1903960 128.4
1903970 128.5
1903980 128.5
1903990 128.5
1904000 128.6
1904010 128.6
1904020 128.7
1904030 128.7
1904040 128.7
1904050 128.7
1904060 128.7
1904070 128.7
1904080 128.7
1904090 128.7
1904100 128.7
1904110 128.6
1904120 128.6
1904130 128.7
1904140 128.7
1904150 128.7
1904160 128.7
1904170 128.7
1904180 128.7
1904190 128.7
1904200 128.7
1904210 128.7
1904220 128.7
1904230 128.7
1904240 128.8
1904250 128.9
1904260 128.9
1904270 128.8
1904280 128.8
1904290 128.8
1904300 128.9
1904310 129.0
1904320 129.0
1904330 128.9
1904340 128.9
1904350 128.9
1904360 128.9
1904370 128.8
1904380 128.8
1904390 128.7
1904400 128.9
1904410 128.9
1904420 128.9
1904430 128.9
1904440 128.9
1904450 128.9
1904460 128.8
1904470 128.8
1904480 128.9
1904490 128.9
1904500 128.9
1904510 128.9
1904520 129.0
1904530 129.0
1904540 129.1
1904550 129.0
1904560 129.0
1904570 129.0
1904580 129.0
1904590 129.0
1904600 129.0
1904610 129.0
1904620 129.0
1904630 129.0
1904640 129.0
1904650 129.0
1904660 129.0
1904670 129.0
1904680 129.0
1904690 129.0
1904700 129.1
1904710 129.1
1904720 129.1
1904730 129.0
1904740 129.0
1904750 129.0
1904760 129.1
1904770 129.1
1904780 129.1
1904790 129.1
1904800 129.1
1904810 129.0
1904820 129.0
1904830 129.0
1904840 129.0
1904850 129.0
1904860 129.0
1904870 129.1
1904880 129.1
1904890 129.1
1904900 129.2
1904910 129.2
1904920 129.2
1904930 129.1
1904940 129.2
1904950 129.2
1904960 129.1
1904970 129.2
1904980 129.2
1904990 129.1
1905000 129.0
1905010 129.0
1905020 129.0
1905030 129.0
1905040 129.0
1905050 128.9
1905060 128.8
1905070 128.8
1905080 128.6
1905090 128.5
1905100 128.5
1905110 128.5
1905120 128.5
1905130 128.5
1905140 128.5
1905150 128.5
1905160 128.6
1905170 128.6
1905180 128.6
1905190 128.6
1905200 128.6
1905210 128.6
1905220 128.6
1905230 128.6
1905240 128.6
1905250 128.6
1905260 128.6
1905270 128.7
1905280 128.8
1905290 128.8
1905300 128.6
1905310 128.5
1905320 128.5
1905330 128.6
1905340 128.5
1905350 128.5
1905360 128.5
1905370 128.5
1905380 128.5
1905390 128.5
1905400 128.4
1905410 128.4
1905420 128.4
1905430 128.4
1905440 128.4
1905450 128.5
1905460 128.6
1905470 128.6
1905480 128.6
1905490 128.6
1905500 128.6
1905510 128.8
1905520 128.9
1905530 128.9
1905540 128.9
1905550 128.9
1905560 128.9
1905570 128.9
1905580 128.9
1905590 128.9
1905600 128.8
1905610 128.8
1905620 128.8
1905630 128.6
1905640 128.6
1905650 128.6
1905660 128.5
1905670 128.5
1905680 128.5
1905690 128.6
1905700 128.6
1905710 128.6
1905720 128.6
1905730 128.5
1905740 128.5
1905750 128.5
1905760 128.5
1905770 128.5
1905780 128.7
1905790 128.6
1905800 128.6
1905810 128.6
1905820 128.7
1905830 128.7
1905840 128.6
1905850 128.6
1905860 128.6
1905870 128.5
1905880 128.5
1905890 128.5
1905900 128.5
1905910 128.6
1905920 128.6
1905930 128.7
1905940 128.7
1905950 128.7
1905960 128.5
1905970 128.4
1905980 128.4
1905990 128.5
1906000 128.5
1906010 128.5
1906020 128.4
1906030 128.4
1906040 128.4
1906050 128.4
1906060 128.4
1906070 128.4
1906080 128.4
1906090 128.5
1906100 128.5
1906110 128.4
1906120 128.4
1906130 128.3
1906140 128.3
1906150 128.3
1906160 128.3
1906170 128.3
1906180 128.3
1906190 128.3
1906200 128.3
1906210 128.3
