1900000 137.6
1900010 137.3
1900020 137.3
1900030 137.3
1900040 137.1
1900050 137.1
1900060 136.7
1900070 136.1
1900080 136.1
1900090 135.4
1900100 135.2
1900110 135.2
1900120 134.6
1900130 133.8
1900140 133.8
1900150 133.5
1900160 133.0
1900170 133.0
1900180 132.7
1900190 132.6
1900200 132.6
1900210 132.2
1900220 131.5
1900230 131.5
1900240 131.2
1900250 130.9
1900260 130.8
1900270 130.5
1900280 130.2
1900290 130.2
1900300 130.1
1900310 130.0
1900320 130.0
1900330 130.0
1900340 130.0
1900350 130.0
1900360 129.9
1900370 129.9
1900380 129.9
1900390 129.9
1900400 130.0
1900410 130.0
1900420 130.0
1900430 130.0
1900440 130.0
1900450 130.1
1900460 130.2
1900470 130.2
1900480 130.1
1900490 130.0
1900500 130.0
1900510 130.3
1900520 130.4
1900530 130.4
1900540 130.1
1900550 129.8
1900560 129.8
1900570 129.7
1900580 129.7
1900590 129.7
1900600 129.7
1900610 129.6
1900620 129.5
1900630 129.5
1900640 129.5
1900650 129.5
1900660 129.5
1900670 129.4
1900680 129.4
1900690 129.4
1900700 129.5
1900710 129.6
1900720 129.6
1900730 129.5
1900740 129.5
1900750 129.5
1900760 129.5
1900770 129.4
1900780 129.4
1900790 129.4
1900800 129.4
1900810 129.4
1900820 129.4
1900830 129.3
1900840 129.3
1900850 129.4
1900860 129.5
1900870 129.5
1900880 130.5
1900890 130.1
1900900 130.1
1900910 129.6
1900920 129.3
1900930 129.3
1900940 129.3
1900950 129.3
1900960 129.3
1900970 129.3
1900980 129.3
1900990 129.3
1901000 129.4
1901010 129.4
1901020 129.4
1901030 129.5
1901040 129.6
1901050 129.6
1901060 129.8
1901070 129.9
1901080 129.9
1901090 129.8
1901100 129.8
1901110 129.8
1901120 129.7
1901130 129.7
1901140 129.7
1901150 129.6
1901160 129.6
1901170 129.6
1901180 129.7
1901190 129.8
1901200 129.8
1901210 129.8
1901220 129.8
1901230 129.8
1901240 129.9
1901250 129.9
1901260 129.9
1901270 129.9
1901280 129.9
1901290 129.9
1901300 130.0
1901310 130.0
1901320 130.0
1901330 129.9
1901340 129.7
1901350 129.7
1901360 129.5
1901370 129.4
1901380 129.4
1901390 129.4
1901400 129.4
1901410 129.4
1901420 129.5
1901430 129.7
1901440 129.7
1901450 129.7
1901460 129.7
1901470 129.7
1901480 129.7
1901490 129.7
1901500 129.7
1901510 129.7
1901520 129.7
1901530 129.6
1901540 129.6
1901550 129.6
1901560 129.8
1901570 129.8
1901580 129.9
1901590 129.7
1901600 129.7
1901610 129.6
1901620 129.5
1901630 129.5
1901640 129.5
1901650 129.5
1901660 129.5
1901670 129.5
1901680 129.5
1901690 129.5
1901700 129.4
1901710 129.3
1901720 129.3
1901730 129.3
1901740 129.4
1901750 129.4
1901760 129.4
1901770 129.4
1901780 129.4
1901790 129.4
1901800 129.6
1901810 130.2
1901820 129.8
1901830 129.2
1901840 129.2
1901850 128.9
1901860 129.0
1901870 129.0
1901880 129.5
1901890 130.1
1901900 130.1
1901910 129.6
1901920 129.2
1901930 129.2
1901940 129.0
1901950 128.9
1901960 128.9
1901970 128.9
1901980 128.9
1901990 128.9
1902000 129.0
1902010 129.1
1902020 129.1
1902030 129.1
1902040 129.1
1902050 129.1
1902060 129.0
1902070 129.0
1902080 129.0
1902090 129.0
1902100 129.0
1902110 129.0
1902120 128.9
1902130 128.9
1902140 128.9
1902150 128.9
1902160 128.9
1902170 128.9
1902180 128.9
1902190 128.9
1902200 128.9
1902210 128.9
1902220 128.9
1902230 128.9
1902240 128.9
1902250 128.9
1902260 128.9
1902270 128.9
1902280 128.9
1902290 128.9
1902300 128.8
1902310 128.7
1902320 128.7
1902330 128.7
1902340 128.7
1902350 128.7
1902360 128.9
1902370 128.9
1902380 128.9
1902390 129.0
1902400 129.2
1902410 129.2
1902420 129.2
1902430 129.3
1902440 129.3
1902450 129.3
1902460 129.3
1902470 129.3
1902480 129.3
1902490 129.3
1902500 129.3
1902510 129.2
1902520 129.1
1902530 129.1
1902540 129.1
1902550 129.1
1902560 129.0
1902570 129.0
1902580 128.9
1902590 128.9
1902600 128.9
1902610 128.9
1902620 128.9
1902630 128.9
1902640 128.9
1902650 128.9
1902660 128.9
1902670 128.9
1902680 128.9
1902690 128.9
1902700 129.1
1902710 129.1
1902720 129.1
1902730 129.5
1902740 129.5
1902750 129.5
1902760 129.1
1902770 129.1
1902780 129.1
1902790 129.1
1902800 129.1
1902810 129.1
1902820 129.1
1902830 129.1
1902840 129.1
1902850 129.1
1902860 129.2
1902870 129.2
1902880 129.3
1902890 129.4
1902900 129.4
1902910 128.4
1902920 128.2
1902930 128.2
1902940 128.8
1902950 129.4
1902960 129.4
1902970 129.3
1902980 129.2
1902990 129.2
1903000 129.2
1903010 128.8
1903020 128.8
1903030 128.5
1903040 129.3
1903050 129.4
1903060 129.2
1903070 129.2
1903080 129.2
1903090 129.2
1903100 129.2
1903110 129.2
1903120 128.9
1903130 128.9
1903140 128.9
1903150 128.8
1903160 128.8
1903170 128.8
1903180 128.7
1903190 128.8
1903200 128.8
1903210 128.8
1903220 128.7
1903230 128.7
1903240 128.7
1903250 128.7
1903260 128.7
1903270 128.6
1903280 128.5
1903290 128.5
1903300 128.4
1903310 128.4
1903320 128.4
1903330 128.4
1903340 128.6
1903350 128.7
1903360 128.8
1903370 128.8
1903380 128.8
1903390 128.8
1903400 128.7
1903410 128.7
1903420 128.7
1903430 128.7
1903440 128.7
1903450 128.6
1903460 128.5
1903470 128.5
1903480 128.5
1903490 128.4
1903500 128.4
1903510 128.4
1903520 128.4
1903530 128.4
1903540 128.4
1903550 128.3
1903560 128.3
1903570 128.3
1903580 128.3
1903590 128.2
1903600 128.2
1903610 128.2
1903620 128.2
1903630 128.2
1903640 128.2
1903650 128.3
1903660 128.3
1903670 128.2
1903680 128.2
1903690 128.2
1903700 128.2
1903710 128.2
1903720 128.2
1903730 128.2
1903740 128.2
1903750 128.2
1903760 128.1
1903770 128.2
1903780 128.2
1903790 128.2
1903800 128.2
1903810 128.2
1903820 128.2
1903830 128.2
1903840 128.2
1903850 128.1
1903860 128.1
1903870 128.1
1903880 128.1
1903890 128.1
1903900 128.1
1903910 128.1
1903920 128.1
1903930 128.1
1903940 128.2
1903950 128.1
1903960 128.1
1903970 128.3
1903980 129.1
1903990 129.1
1904000 129.9
1904010 129.1
1904020 129.1
1904030 128.0
1904040 127.3
1904050 127.3
1904060 128.0
1904070 129.2
1904080 129.2
1904090 129.9
1904100 129.8
1904110 129.8
1904120 129.1
1904130 128.5
1904140 128.5
1904150 128.4
1904160 128.3
1904170 128.3
1904180 128.2
1904190 128.2
1904200 128.2
1904210 128.3
1904220 128.2
1904230 128.2
1904240 128.3
1904250 128.4
1904260 128.4
1904270 128.3
1904280 128.5
1904290 128.5
1904300 128.5
1904310 128.5
1904320 128.5
1904330 128.4
1904340 128.4
1904350 128.4
1904360 128.3
1904370 128.3
1904380 128.3
1904390 128.3
1904400 128.3
1904410 128.3
1904420 128.2
1904430 128.2
1904440 128.2
1904450 128.2
1904460 128.2
1904470 128.2
1904480 128.2
1904490 128.2
1904500 128.3
1904510 128.3
1904520 128.3
1904530 128.4
1904540 128.4
1904550 128.4
1904560 128.4
1904570 128.4
1904580 128.5
1904590 128.5
1904600 128.5
1904610 128.4
1904620 128.3
1904630 128.3
1904640 128.3
1904650 128.3
1904660 128.3
1904670 128.4
1904680 128.4
1904690 128.4
1904700 128.4
1904710 128.5
1904720 128.5
1904730 128.4
1904740 128.4
1904750 128.4
1904760 128.5
1904770 128.6
1904780 128.6
1904790 128.6
1904800 128.6
1904810 128.6
1904820 128.6
1904830 128.6
1904840 128.6
1904850 128.5
1904860 128.5
1904870 128.5
1904880 128.5
1904890 128.5
1904900 128.5
1904910 128.4
1904920 128.2
1904930 128.2
1904940 128.1
1904950 128.1
1904960 128.1
1904970 128.1
1904980 128.1
1904990 128.1
1905000 128.0
1905010 128.1
1905020 128.1
1905030 128.1
1905040 128.1
1905050 128.1
1905060 128.0
1905070 127.9
1905080 127.9
1905090 127.9
1905100 127.9
1905110 127.9
1905120 127.9
1905130 127.9
1905140 127.9
1905150 127.9
1905160 127.9
1905170 127.9
1905180 127.9
1905190 127.9
1905200 127.9
1905210 128.0
1905220 128.1
1905230 128.1
1905240 128.2
1905250 128.2
1905260 128.2
1905270 128.3
1905280 128.2
1905290 128.2
1905300 128.2
1905310 128.2
1905320 128.2
1905330 128.2
1905340 128.1
1905350 128.1
1905360 128.1
1905370 128.1
1905380 128.1
1905390 128.1
1905400 128.1
1905410 128.1
1905420 128.2
1905430 128.2
1905440 128.2
1905450 128.4
1905460 128.4
1905470 128.4
1905480 128.5
1905490 128.6
1905500 128.7
1905510 128.7
1905520 128.7
1905530 128.7
1905540 128.7
1905550 128.6
1905560 128.6
1905570 128.6
1905580 128.5
1905590 128.5
1905600 128.5
1905610 128.4
1905620 128.4
1905630 128.4
1905640 128.3
1905650 128.2
1905660 128.2
1905670 128.2
1905680 128.1
1905690 128.1
1905700 128.1
1905710 128.1
1905720 128.1
1905730 128.1
1905740 128.0
1905750 128.0
1905760 128.1
1905770 128.2
1905780 128.2
1905790 128.2
1905800 128.2
1905810 128.2
1905820 128.2
1905830 128.2
1905840 128.2
1905850 128.2
1905860 128.2
1905870 128.2
1905880 128.2
1905890 128.2
1905900 128.2
