1900000 138.6
1900010 137.6
1900020 136.9
1900030 136.9
1900040 136.6
1900050 136.1
1900060 136.1
1900070 134.7
1900080 133.5
1900090 133.5
1900100 132.3
1900110 131.6
1900120 131.6
1900130 131.0
1900140 130.5
1900150 130.6
1900160 130.3
1900170 130.1
1900180 130.1
1900190 130.2
1900200 130.2
1900210 130.4
1900220 130.4
1900230 130.5
1900240 130.4
1900250 130.4
1900260 130.2
1900270 130.0
1900280 130.0
1900290 130.0
1900300 130.1
1900310 130.1
1900320 129.8
1900330 129.7
1900340 129.7
1900350 129.7
1900360 129.7
1900370 129.7
1900380 129.6
1900390 129.6
1900400 129.6
1900410 129.8
1900420 129.9
1900430 129.9
1900440 129.9
1900450 129.8
1900460 129.9
1900470 129.8
1900480 129.7
1900490 129.7
1900500 129.6
1900510 129.7
1900520 129.7
1900530 130.0
1900540 130.1
1900550 130.1
1900560 130.3
1900570 130.3
1900580 130.3
1900590 130.2
1900600 130.1
1900610 130.1
1900620 130.2
1900630 130.7
1900640 130.7
1900650 130.9
1900660 130.5
1900670 130.5
1900680 129.9
1900690 129.7
1900700 129.7
1900710 129.6
1900720 129.5
1900730 129.5
1900740 129.4
1900750 129.6
1900760 129.6
1900770 129.9
1900780 129.7
1900790 129.7
1900800 129.7
1900810 129.8
1900820 129.8
1900830 129.8
1900840 129.8
1900850 129.8
1900860 129.9
1900870 130.0
1900880 130.0
1900890 130.0
1900900 130.0
1900910 130.0
1900920 130.0
1900930 130.0
1900940 130.0
1900950 130.0
1900960 130.1
1900970 130.1
1900980 130.1
1900990 130.2
1901000 130.2
1901010 130.2
1901020 130.1
1901030 130.1
1901040 129.9
1901050 129.4
1901060 129.4
1901070 129.6
1901080 129.4
1901090 129.4
1901100 129.7
1901110 129.9
1901120 129.9
1901130 129.9
1901140 129.9
1901150 129.9
1901160 129.8
1901170 129.7
1901180 129.6
1901190 129.6
1901200 129.7
1901210 129.8
1901220 129.8
1901230 129.9
1901240 130.1
1901250 130.1
1901260 130.2
1901270 130.3
1901280 130.3
1901290 130.3
1901300 130.2
1901310 130.2
1901320 130.1
1901330 130.0
1901340 130.0
1901350 129.9
1901360 129.9
1901370 129.9
1901380 129.8
1901390 129.7
1901400 129.7
1901410 129.6
1901420 129.5
1901430 129.5
1901440 129.6
1901450 129.7
1901460 129.7
1901470 129.6
1901480 129.5
1901490 129.5
1901500 129.5
1901510 129.6
1901520 129.6
1901530 129.5
1901540 129.5
1901550 129.5
1901560 129.4
1901570 129.4
1901580 129.4
1901590 129.4
1901600 129.3
1901610 129.3
1901620 129.4
1901630 129.3
1901640 129.3
1901650 129.6
1901660 130.1
1901670 130.1
1901680 129.7
1901690 129.0
1901700 129.1
1901710 129.6
1901720 130.4
1901730 130.4
1901740 129.8
1901750 129.5
1901760 129.5
1901770 129.4
1901780 129.3
1901790 129.3
1901800 129.3
1901810 129.2
1901820 129.2
1901830 129.2
1901840 129.2
1901850 129.2
1901860 129.2
1901870 129.2
1901880 129.2
1901890 129.2
1901900 129.2
1901910 129.2
1901920 129.2
1901930 129.2
1901940 129.2
1901950 129.2
1901960 129.1
1901970 129.1
1901980 129.1
1901990 129.0
1902000 129.0
1902010 129.0
1902020 129.0
1902030 129.0
1902040 129.0
1902050 129.0
1902060 129.0
1902070 129.1
1902080 129.1
1902090 129.1
1902100 129.1
1902110 129.1
1902120 129.1
1902130 129.0
1902140 128.7
1902150 128.7
1902160 128.6
1902170 128.5
1902180 128.5
1902190 128.5
1902200 128.5
1902210 128.4
1902220 128.4
1902230 128.4
1902240 128.4
1902250 128.4
1902260 128.4
1902270 128.4
1902280 128.4
1902290 128.4
1902300 128.4
1902310 128.4
1902320 128.4
1902330 128.4
1902340 128.4
1902350 128.4
1902360 128.5
1902370 128.5
1902380 128.5
1902390 128.6
1902400 128.6
1902410 128.8
1902420 129.0
1902430 129.0
1902440 129.1
1902450 129.2
1902460 129.2
1902470 129.3
1902480 129.3
1902490 129.3
1902500 129.3
1902510 129.3
1902520 129.3
1902530 129.2
1902540 129.1
1902550 129.1
1902560 129.0
1902570 128.9
1902580 128.9
1902590 128.9
1902600 128.8
1902610 128.8
1902620 128.8
1902630 128.8
1902640 128.8
1902650 128.8
1902660 128.8
1902670 128.8
1902680 128.8
1902690 128.8
1902700 128.8
1902710 128.8
1902720 128.8
1902730 128.8
1902740 128.8
1902750 128.8
1902760 128.8
1902770 128.8
1902780 128.9
1902790 128.9
1902800 129.0
1902810 129.5
1902820 129.5
1902830 129.3
1902840 129.0
1902850 129.0
1902860 128.9
1902870 129.0
1902880 129.0
1902890 129.2
1902900 129.2
1902910 129.2
1902920 129.1
1902930 129.0
1902940 129.1
1902950 129.0
1902960 129.0
1902970 129.0
1902980 129.0
1902990 129.0
1903000 129.0
1903010 128.9
1903020 128.9
1903030 128.9
1903040 128.8
1903050 128.8
1903060 128.8
1903070 128.7
1903080 128.7
1903090 128.7
1903100 128.6
1903110 128.7
1903120 128.7
1903130 128.6
1903140 128.6
1903150 128.6
1903160 128.6
1903170 128.6
1903180 128.7
1903190 128.7
1903200 128.6
1903210 128.6
1903220 128.6
1903230 128.7
1903240 128.7
1903250 128.7
1903260 128.6
1903270 128.6
1903280 128.6
1903290 128.5
1903300 128.5
1903310 128.5
1903320 128.5
1903330 128.5
1903340 128.5
1903350 128.5
1903360 128.6
1903370 128.6
1903380 128.6
1903390 128.6
1903400 128.6
1903410 128.6
1903420 128.5
1903430 128.5
1903440 128.5
1903450 128.5
1903460 128.5
1903470 128.4
1903480 128.4
1903490 128.4
1903500 128.4
1903510 128.4
1903520 128.4
1903530 128.5
1903540 128.5
1903550 128.5
1903560 128.4
1903570 128.4
1903580 128.4
1903590 128.3
1903600 128.2
1903610 128.2
1903620 128.2
1903630 128.3
1903640 128.3
1903650 128.3
1903660 128.3
1903670 128.3
1903680 128.3
1903690 128.3
1903700 128.3
1903710 128.4
1903720 128.9
1903730 128.9
1903740 129.9
1903750 129.3
1903760 129.3
1903770 128.0
1903780 127.4
1903790 127.4
1903800 128.2
1903810 129.7
1903820 129.7
1903830 129.9
1903840 129.1
1903850 129.1
1903860 128.4
1903870 128.4
1903880 128.4
1903890 128.4
1903900 128.3
1903910 128.3
1903920 128.3
1903930 128.2
1903940 128.2
1903950 128.1
1903960 128.1
1903970 128.1
1903980 128.1
1903990 128.3
1904000 128.3
1904010 128.3
1904020 128.4
1904030 128.4
1904040 128.4
1904050 128.5
1904060 128.5
1904070 128.5
1904080 128.5
1904090 128.5
1904100 128.5
1904110 128.5
1904120 128.5
1904130 128.4
1904140 128.4
1904150 128.4
1904160 128.4
1904170 128.3
1904180 128.4
1904190 128.4
1904200 128.4
1904210 128.4
1904220 128.4
1904230 128.4
1904240 128.4
1904250 128.4
1904260 128.5
1904270 128.6
1904280 128.6
1904290 128.6
1904300 128.5
1904310 128.5
1904320 128.3
1904330 128.4
1904340 128.4
1904350 128.5
1904360 128.5
1904370 128.5
1904380 128.6
1904390 128.6
1904400 128.6
1904410 128.6
1904420 128.6
1904430 128.6
1904440 128.6
1904450 128.5
1904460 128.5
1904470 128.5
1904480 128.5
1904490 128.5
1904500 128.5
1904510 128.5
1904520 128.5
1904530 128.5
1904540 128.5
1904550 128.5
1904560 128.5
1904570 128.5
1904580 128.5
1904590 128.5
1904600 128.5
1904610 128.5
1904620 128.5
1904630 128.5
1904640 128.5
1904650 128.5
1904660 128.5
1904670 128.5
1904680 128.4
1904690 128.4
1904700 128.4
1904710 128.4
1904720 128.4
1904730 128.4
1904740 128.4
1904750 128.4
1904760 128.4
1904770 128.4
1904780 128.2
1904790 128.2
1904800 128.2
1904810 128.2
1904820 128.2
1904830 128.2
1904840 128.2
1904850 128.2
1904860 128.2
1904870 128.2
1904880 128.2
1904890 128.2
1904900 128.2
1904910 128.2
1904920 128.3
1904930 128.3
1904940 128.3
1904950 128.2
1904960 128.2
1904970 128.2
1904980 128.3
1904990 128.4
1905000 128.4
1905010 128.4
1905020 128.3
1905030 128.3
1905040 128.3
1905050 128.4
1905060 128.4
1905070 128.4
1905080 128.4
1905090 128.4
1905100 128.4
1905110 128.4
1905120 128.4
1905130 128.5
1905140 128.5
1905150 128.5
1905160 128.5
1905170 128.5
1905180 128.5
1905190 128.5
1905200 128.5
1905210 128.5
1905220 128.5
1905230 128.5
1905240 128.5
1905250 128.5
1905260 128.4
1905270 128.4
1905280 128.4
1905290 128.3
1905300 128.3
1905310 128.3
1905320 128.3
1905330 128.3
1905340 128.3
1905350 128.3
1905360 128.3
1905370 128.3
1905380 128.3
1905390 128.2
1905400 128.2
1905410 128.2
1905420 128.2
1905430 128.2
1905440 128.2
1905450 128.3
1905460 128.3
1905470 128.3
1905480 128.2
1905490 128.2
1905500 128.2
1905510 128.1
1905520 128.1
1905530 128.1
1905540 128.2
1905550 128.2
1905560 128.2
1905570 128.1
1905580 128.1
1905590 128.1
1905600 128.1
1905610 128.1
1905620 128.2
1905630 128.2
1905640 128.2
1905650 128.2
1905660 128.2
1905670 128.2
1905680 128.2
1905690 128.2
1905700 128.2
1905710 128.2
1905720 128.2
1905730 128.2
1905740 128.2
1905750 128.2
1905760 128.2
1905770 128.2
1905780 128.2
1905790 128.2
1905800 128.2
1905810 128.2
1905820 128.2
1905830 128.1
1905840 128.1
1905850 128.1
1905860 128.1
1905870 128.1
1905880 128.1
1905890 128.1
1905900 128.1
1905910 128.1
1905920 128.2
1905930 128.3
1905940 128.3
