1900000 130.4
1900010 130.4
1900020 130.2
1900030 130.2
1900040 130.2
1900050 130.0
1900060 129.9
1900070 129.9
1900080 129.9
1900090 130.0
1900100 130.0
1900110 130.0
1900120 130.1
1900130 130.1
1900140 130.4
1900150 130.4
1900160 130.4
1900170 130.3
1900180 130.3
1900190 130.3
1900200 130.3
1900210 130.2
1900220 130.2
1900230 130.6
1900240 131.4
1900250 131.4
1900260 131.0
1900270 130.3
1900280 130.3
1900290 130.0
1900300 129.7
1900310 129.7
1900320 129.6
1900330 129.6
1900340 129.6
1900350 129.6
1900360 129.6
1900370 129.6
1900380 129.6
1900390 129.6
1900400 129.6
1900410 129.6
1900420 129.7
1900430 129.7
1900440 129.6
1900450 129.6
1900460 129.6
1900470 129.6
1900480 129.6
1900490 129.6
1900500 129.7
1900510 129.7
1900520 129.7
1900530 129.7
1900540 129.8
1900550 129.7
1900560 129.7
1900570 129.6
1900580 129.6
1900590 129.5
1900600 129.5
1900610 129.5
1900620 130.3
1900630 130.5
1900640 130.5
1900650 130.5
1900660 130.4
1900670 130.4
1900680 130.3
1900690 130.4
1900700 130.4
1900710 130.4
1900720 130.3
1900730 130.3
1900740 130.2
1900750 130.2
1900760 130.2
1900770 130.2
1900780 130.1
1900790 130.1
1900800 130.0
1900810 130.1
1900820 130.1
1900830 130.2
1900840 130.2
1900850 130.2
1900860 130.3
1900870 130.3
1900880 130.3
1900890 130.3
1900900 130.4
1900910 130.4
1900920 130.4
1900930 130.4
1900940 130.5
1900950 130.5
1900960 130.5
1900970 130.5
1900980 130.5
1900990 130.4
1901000 130.4
1901010 130.4
1901020 130.4
1901030 130.4
1901040 130.4
1901050 130.2
1901060 130.1
1901070 130.1
1901080 130.1
1901090 130.1
1901100 130.1
1901110 130.0
1901120 130.0
1901130 130.0
1901140 129.9
1901150 129.9
1901160 129.9
1901170 129.7
1901180 129.6
1901190 129.6
1901200 129.5
1901210 129.5
1901220 129.5
1901230 129.5
1901240 129.4
1901250 129.4
1901260 129.4
1901270 129.3
1901280 129.3
1901290 129.3
1901300 129.3
1901310 129.3
1901320 129.3
1901330 129.3
1901340 129.3
1901350 129.4
1901360 129.6
1901370 129.6
1901380 129.7
1901390 129.7
1901400 129.7
1901410 128.9
1901420 130.1
1901430 130.1
1901440 130.2
1901450 129.8
1901460 129.8
1901470 129.6
1901480 129.1
1901490 129.1
1901500 129.1
1901510 129.3
1901520 129.3
1901530 130.1
1901540 129.6
1901550 129.6
1901560 129.1
1901570 129.2
1901580 129.2
1901590 130.1
1901600 129.6
1901610 129.6
1901620 129.2
1901630 129.2
1901640 129.2
1901650 129.2
1901660 129.2
1901670 129.2
1901680 129.3
1901690 129.3
1901700 129.3
1901710 129.2
1901720 129.2
1901730 129.2
1901740 129.2
1901750 129.1
1901760 129.1
1901770 129.2
1901780 129.1
1901790 129.1
1901800 129.1
1901810 129.1
1901820 129.1
1901830 129.1
1901840 129.1
1901850 129.1
1901860 129.1
1901870 129.0
1901880 129.0
1901890 129.0
1901900 129.0
1901910 129.0
1901920 129.0
1901930 129.0
1901940 128.9
1901950 128.9
1901960 128.9
1901970 128.9
1901980 128.9
1901990 128.9
1902000 128.8
1902010 128.8
1902020 128.9
1902030 128.9
1902040 128.9
1902050 128.8
1902060 128.8
1902070 128.8
1902080 128.7
1902090 128.6
1902100 128.6
1902110 128.5
1902120 128.5
1902130 128.5
1902140 128.5
1902150 128.5
1902160 128.5
1902170 128.4
1902180 128.4
1902190 128.4
1902200 128.4
1902210 128.4
1902220 128.4
1902230 128.4
1902240 128.4
1902250 128.4
1902260 128.4
1902270 128.4
1902280 128.4
1902290 128.4
1902300 128.4
1902310 128.4
1902320 128.4
1902330 128.3
1902340 128.3
1902350 128.4
1902360 128.4
1902370 128.4
1902380 128.4
1902390 128.3
1902400 128.3
1902410 128.3
1902420 128.5
1902430 128.5
1902440 128.8
1902450 128.9
1902460 128.9
1902470 128.9
1902480 128.9
1902490 128.9
1902500 128.9
1902510 128.9
1902520 128.9
1902530 128.9
1902540 128.9
1902550 128.9
1902560 128.9
1902570 128.9
1902580 128.9
1902590 128.9
1902600 128.9
1902610 128.9
1902620 128.9
1902630 128.9
1902640 128.9
1902650 128.9
1902660 128.9
1902670 128.9
1902680 128.9
1902690 128.9
1902700 128.9
1902710 128.9
1902720 129.0
1902730 129.0
1902740 129.0
1902750 129.0
1902760 129.0
1902770 129.0
1902780 129.0
1902790 129.0
1902800 129.0
1902810 129.0
1902820 129.0
1902830 128.9
1902840 128.9
1902850 128.9
1902860 128.9
1902870 128.9
1902880 128.9
1902890 128.9
1902900 128.9
1902910 129.4
1902920 129.4
1902930 129.4
1902940 129.1
1902950 129.1
1902960 129.1
1902970 129.0
1902980 129.0
1902990 129.1
1903000 129.2
1903010 129.2
1903020 129.1
1903030 129.1
1903040 129.1
1903050 129.0
1903060 129.0
1903070 129.0
1903080 129.0
1903090 128.9
1903100 128.9
1903110 128.9
1903120 128.9
1903130 128.9
1903140 128.9
1903150 129.0
1903160 129.0
1903170 129.0
1903180 128.9
1903190 128.9
1903200 128.9
1903210 128.9
1903220 128.9
1903230 128.8
1903240 128.8
1903250 128.8
1903260 128.7
1903270 128.8
1903280 128.8
1903290 129.6
1903300 129.8
1903310 129.8
1903320 129.1
1903330 127.9
1903340 128.5
1903350 129.9
1903360 130.1
1903370 130.1
1903380 129.0
1903390 128.6
1903400 128.6
1903410 128.5
1903420 128.6
1903430 128.6
1903440 128.6
1903450 128.6
1903460 128.6
1903470 128.5
1903480 128.5
1903490 128.5
1903500 128.4
1903510 128.4
1903520 128.4
1903530 128.4
1903540 128.3
1903550 128.3
1903560 128.3
1903570 128.3
1903580 128.3
1903590 128.3
1903600 128.2
1903610 128.2
1903620 128.2
1903630 128.2
1903640 128.2
1903650 128.3
1903660 128.3
1903670 128.3
1903680 128.3
1903690 128.3
1903700 128.3
1903710 128.3
1903720 128.3
1903730 128.3
1903740 128.3
1903750 128.4
1903760 128.4
1903770 128.3
1903780 128.3
1903790 128.3
1903800 128.3
1903810 128.3
1903820 128.3
1903830 128.3
1903840 128.3
1903850 128.3
1903860 128.3
1903870 128.3
1903880 128.3
1903890 128.3
1903900 128.4
1903910 128.4
1903920 128.4
1903930 128.3
1903940 128.3
1903950 128.3
1903960 128.3
1903970 128.3
1903980 128.3
1903990 128.4
1904000 128.4
1904010 128.4
1904020 128.5
1904030 128.4
1904040 128.4
1904050 128.4
1904060 128.4
1904070 128.4
1904080 128.3
1904090 128.4
1904100 128.4
1904110 128.5
1904120 128.4
1904130 128.4
1904140 128.4
1904150 128.4
1904160 128.4
1904170 128.5
1904180 128.5
1904190 128.5
1904200 128.6
1904210 128.7
1904220 128.7
1904230 128.7
1904240 128.7
1904250 128.7
1904260 128.7
1904270 128.7
1904280 128.7
1904290 128.6
1904300 128.7
1904310 128.7
1904320 128.7
1904330 128.7
1904340 128.7
1904350 128.6
1904360 128.6
1904370 128.6
1904380 128.6
1904390 128.6
1904400 128.6
1904410 128.6
1904420 128.6
1904430 128.6
1904440 128.6
1904450 128.6
1904460 128.6
1904470 128.6
1904480 128.7
1904490 128.7
1904500 128.6
1904510 128.5
1904520 128.5
1904530 128.5
1904540 128.4
1904550 128.4
1904560 128.5
1904570 128.6
1904580 128.6
1904590 128.7
1904600 128.7
1904610 128.7
1904620 128.7
1904630 128.8
1904640 128.8
1904650 128.8
1904660 128.9
1904670 128.9
1904680 128.9
1904690 128.8
1904700 128.8
1904710 128.7
1904720 128.7
1904730 128.7
1904740 128.6
1904750 128.7
1904760 128.7
1904770 128.7
1904780 128.7
1904790 128.7
1904800 128.7
1904810 128.7
1904820 128.7
1904830 128.7
1904840 128.7
1904850 128.7
1904860 128.7
1904870 128.7
1904880 128.7
1904890 128.7
1904900 128.7
1904910 128.9
1904920 128.9
1904930 128.9
1904940 128.8
1904950 128.8
1904960 128.8
1904970 128.8
1904980 128.8
1904990 128.8
1905000 128.8
1905010 128.8
1905020 128.8
1905030 128.9
1905040 128.9
1905050 128.8
1905060 128.8
1905070 128.8
1905080 128.7
1905090 128.7
1905100 128.7
1905110 128.7
1905120 128.8
1905130 128.8
1905140 128.8
1905150 128.8
1905160 128.8
1905170 128.7
1905180 128.8
1905190 128.8
1905200 128.8
1905210 128.8
1905220 128.8
1905230 128.8
1905240 128.7
1905250 128.7
1905260 128.7
1905270 128.6
1905280 128.6
1905290 128.5
1905300 128.5
1905310 128.5
1905320 128.4
1905330 128.4
1905340 128.4
1905350 128.4
1905360 128.4
1905370 128.4
1905380 128.4
1905390 128.4
1905400 128.4
1905410 128.4
1905420 128.4
1905430 128.4
1905440 128.5
1905450 128.5
1905460 128.5
1905470 128.6
1905480 128.6
1905490 128.6
1905500 128.6
1905510 128.6
1905520 128.6
1905530 128.6
1905540 128.6
1905550 128.6
1905560 128.6
1905570 128.5
1905580 128.5
1905590 128.5
1905600 128.5
1905610 128.5
1905620 128.3
1905630 128.2
1905640 128.2
1905650 128.4
1905660 128.3
1905670 128.3
1905680 128.3
1905690 128.3
1905700 128.3
1905710 128.3
1905720 128.4
1905730 128.4
1905740 128.3
1905750 128.3
1905760 128.3
1905770 128.4
1905780 128.4
1905790 128.5
1905800 128.4
1905810 128.5
1905820 128.5
1905830 128.5
1905840 128.5
1905850 128.5
1905860 128.6
1905870 128.6
1905880 128.6
1905890 128.6
1905900 128.6
1905910 128.6
1905920 128.6
1905930 128.5
1905940 128.6
1905950 128.6
1905960 128.5
1905970 128.5
1905980 128.5
1905990 128.5
1906000 128.5
1906010 128.5
1906020 128.5
1906030 128.6
1906040 128.6
1906050 128.6
