1900000 138.7
1900010 137.9
1900020 137.6
1900030 137.6
1900040 137.4
1900050 136.6
1900060 136.6
1900070 136.0
1900080 135.6
1900090 135.6
1900100 135.0
1900110 134.7
1900120 134.7
1900130 134.4
1900140 133.9
1900150 133.9
1900160 133.6
1900170 133.3
1900180 133.3
1900190 133.1
1900200 132.8
1900210 132.8
1900220 131.8
1900230 131.7
1900240 131.7
1900250 131.2
1900260 130.6
1900270 130.8
1900280 130.6
1900290 130.4
1900300 130.4
1900310 130.2
1900320 130.2
1900330 130.2
1900340 130.2
1900350 130.3
1900360 130.3
1900370 130.2
1900380 130.2
1900390 130.2
1900400 130.3
1900410 130.5
1900420 130.5
1900430 130.5
1900440 130.4
1900450 130.4
1900460 130.2
1900470 130.0
1900480 130.0
1900490 129.7
1900500 129.6
1900510 129.6
1900520 129.5
1900530 129.4
1900540 129.4
1900550 129.3
1900560 129.4
1900570 129.4
1900580 130.0
1900590 129.8
1900600 129.8
1900610 129.6
1900620 129.5
1900630 129.5
1900640 129.5
1900650 129.5
1900660 129.5
1900670 129.6
1900680 129.5
1900690 129.5
1900700 129.5
1900710 129.4
1900720 129.4
1900730 129.3
1900740 129.2
1900750 129.2
1900760 129.3
1900770 129.3
1900780 129.3
1900790 129.2
1900800 129.3
1900810 129.3
1900820 129.3
1900830 129.3
1900840 129.3
1900850 129.3
1900860 129.3
1900870 129.3
1900880 129.3
1900890 129.3
1900900 129.3
1900910 129.4
1900920 129.3
1900930 129.3
1900940 129.6
1900950 130.3
1900960 130.3
1900970 130.6
1900980 130.3
1900990 129.8
1901000 129.8
1901010 129.5
1901020 129.3
1901030 129.3
1901040 129.3
1901050 129.2
1901060 129.2
1901070 129.2
1901080 129.2
1901090 129.2
1901100 129.3
1901110 129.4
1901120 129.4
1901130 129.5
1901140 129.8
1901150 129.8
1901160 129.8
1901170 129.8
1901180 129.8
1901190 129.7
1901200 129.7
1901210 129.7
1901220 129.9
1901230 129.9
1901240 129.9
1901250 130.0
1901260 130.1
1901270 130.1
1901280 130.1
1901290 130.0
1901300 130.0
1901310 130.2
1901320 130.2
1901330 130.2
1901340 130.1
1901350 130.0
1901360 130.0
1901370 130.0
1901380 129.9
1901390 129.9
1901400 129.7
1901410 129.5
1901420 129.5
1901430 129.5
1901440 129.5
1901450 129.5
1901460 129.5
1901470 129.6
1901480 129.6
1901490 129.6
1901500 129.6
1901510 129.6
1901520 129.7
1901530 129.8
1901540 129.8
1901550 129.8
1901560 129.7
1901570 129.7
1901580 129.7
1901590 129.7
1901600 129.7
1901610 129.7
1901620 129.6
1901630 129.6
1901640 129.7
1901650 129.4
1901660 129.4
1901670 129.4
1901680 129.4
1901690 129.4
1901700 129.4
1901710 129.4
1901720 129.4
1901730 129.3
1901740 129.3
1901750 129.3
1901760 129.3
1901770 129.5
1901780 129.5
1901790 129.4
1901800 129.3
1901810 129.3
1901820 129.3
1901830 129.3
1901840 129.3
1901850 129.4
1901860 129.6
1901870 129.6
1901880 130.1
1901890 130.2
1901900 130.2
1901910 129.4
1901920 128.9
1901930 128.9
1901940 129.0
1901950 129.3
1901960 129.8
1901970 129.8
1901980 130.0
1901990 129.5
1902000 129.5
1902010 129.2
1902020 129.0
1902030 129.0
1902040 129.0
1902050 129.1
1902060 129.1
1902070 129.1
1902080 129.1
1902090 129.1
1902100 129.1
1902110 129.1
1902120 129.0
1902130 129.0
1902140 129.0
1902150 129.0
1902160 129.0
1902170 129.0
1902180 129.0
1902190 129.0
1902200 129.0
1902210 129.0
1902220 129.0
1902230 129.0
1902240 129.0
1902250 129.0
1902260 129.0
1902270 129.0
1902280 128.9
1902290 128.9
1902300 128.9
1902310 128.8
1902320 128.8
1902330 128.8
1902340 128.8
1902350 128.9
1902360 128.9
1902370 129.0
1902380 129.1
1902390 129.1
1902400 129.1
1902410 129.2
1902420 129.2
1902430 129.3
1902440 129.3
1902450 129.3
1902460 129.3
1902470 129.3
1902480 129.3
1902490 129.4
1902500 129.3
1902510 129.3
1902520 129.3
1902530 129.3
1902540 129.3
1902550 129.2
1902560 129.1
1902570 129.1
1902580 129.0
1902590 129.0
1902600 129.0
1902610 129.0
1902620 129.0
1902630 129.0
1902640 129.0
1902650 129.0
1902660 129.0
1902670 129.0
1902680 129.2
1902690 129.2
1902700 129.4
1902710 129.6
1902720 129.6
1902730 129.3
1902740 129.2
1902750 129.2
1902760 129.1
1902770 129.0
1902780 129.0
1902790 129.0
1902800 129.0
1902810 129.0
1902820 129.1
1902830 129.2
1902840 129.2
1902850 129.4
1902860 129.6
1902870 129.6
1902880 129.8
1902890 128.4
1902900 128.4
1902910 129.2
1902920 129.4
1902930 129.2
1902940 129.2
1902950 129.1
1902960 129.0
1902970 129.0
1902980 128.9
1902990 128.8
1903000 128.8
1903010 128.9
1903020 129.2
1903030 129.2
1903040 129.4
1903050 128.9
1903060 128.9
1903070 128.4
1903080 129.0
1903090 129.0
1903100 129.3
1903110 128.9
1903120 128.9
1903130 128.9
1903140 128.8
1903150 128.8
1903160 128.8
1903170 128.8
1903180 128.8
1903190 128.7
1903200 128.7
1903210 128.7
1903220 128.7
1903230 128.6
1903240 128.6
1903250 128.6
1903260 128.7
1903270 128.7
1903280 128.6
1903290 128.6
1903300 128.6
1903310 128.5
1903320 128.4
1903330 128.4
1903340 128.4
1903350 128.5
1903360 128.5
1903370 128.7
1903380 128.8
1903390 128.8
1903400 128.7
1903410 128.6
1903420 128.6
1903430 128.6
1903440 128.6
1903450 128.6
1903460 128.6
1903470 128.6
1903480 128.6
1903490 128.6
1903500 128.6
1903510 128.6
1903520 128.5
1903530 128.5
1903540 128.5
1903550 128.5
1903560 128.5
1903570 128.5
1903580 128.4
1903590 128.2
1903600 128.2
1903610 128.4
1903620 128.3
1903630 128.3
1903640 128.2
1903650 128.3
1903660 128.3
1903670 128.3
1903680 128.3
1903690 128.3
1903700 128.3
1903710 128.2
1903720 128.2
1903730 128.2
1903740 128.2
1903750 128.2
1903760 128.2
1903770 128.2
1903780 128.2
1903790 128.2
1903800 128.2
1903810 128.2
1903820 128.1
1903830 128.1
1903840 128.1
1903850 128.1
1903860 128.2
1903870 128.2
1903880 128.1
1903890 128.2
1903900 128.2
1903910 128.2
1903920 128.2
1903930 128.3
1903940 128.3
1903950 128.3
1903960 128.3
1903970 128.2
1903980 128.3
1903990 128.3
1904000 128.3
1904010 128.3
1904020 128.2
1904030 128.2
1904040 128.1
1904050 128.1
1904060 128.1
1904070 128.1
1904080 128.2
1904090 128.2
1904100 128.6
1904110 128.9
1904120 128.9
1904130 129.2
1904140 129.4
1904150 129.4
1904160 130.0
1904170 130.0
1904180 130.0
1904190 129.2
1904200 128.5
1904210 128.5
1904220 127.9
1904230 127.7
1904240 127.7
1904250 127.1
1904260 127.1
1904270 127.1
1904280 129.4
1904290 129.8
1904300 129.8
1904310 130.1
1904320 130.0
1904330 130.0
1904340 129.4
1904350 129.2
1904360 129.2
1904370 128.7
1904380 128.3
1904390 128.3
1904400 128.1
1904410 128.2
1904420 128.2
1904430 128.2
1904440 128.2
1904450 128.2
1904460 128.1
1904470 128.0
1904480 128.0
1904490 128.1
1904500 128.2
1904510 128.2
1904520 128.2
1904530 128.3
1904540 128.3
1904550 128.4
1904560 128.4
1904570 128.4
1904580 128.4
1904590 128.4
1904600 128.4
1904610 128.4
1904620 128.4
1904630 128.4
1904640 128.4
1904650 128.4
1904660 128.4
1904670 128.4
1904680 128.4
1904690 128.4
1904700 128.3
1904710 128.3
1904720 128.3
1904730 128.4
1904740 128.4
1904750 128.4
1904760 128.4
1904770 128.5
1904780 128.5
1904790 128.5
1904800 128.5
1904810 128.5
1904820 128.5
1904830 128.5
1904840 128.5
1904850 128.5
1904860 128.5
1904870 128.5
1904880 128.4
1904890 128.3
1904900 128.2
1904910 128.2
1904920 128.3
1904930 128.3
1904940 128.3
1904950 128.2
1904960 128.2
1904970 128.2
1904980 128.2
1904990 128.2
1905000 128.2
1905010 128.2
1905020 128.2
1905030 128.2
1905040 128.1
1905050 128.1
1905060 128.1
1905070 128.0
1905080 128.0
1905090 128.0
1905100 128.1
1905110 128.1
1905120 128.1
1905130 128.1
1905140 128.0
1905150 128.0
1905160 128.0
1905170 128.0
1905180 128.0
1905190 127.9
1905200 127.8
1905210 127.8
1905220 127.8
1905230 127.9
1905240 127.9
1905250 127.9
1905260 127.9
1905270 127.9
1905280 128.0
1905290 128.0
1905300 128.0
1905310 128.0
1905320 128.0
1905330 128.0
1905340 128.1
1905350 128.0
1905360 128.0
1905370 128.0
1905380 128.0
1905390 128.0
1905400 128.0
1905410 128.1
1905420 128.1
1905430 128.1
1905440 128.2
1905450 128.2
1905460 128.2
1905470 128.4
1905480 128.4
1905490 128.5
1905500 128.6
1905510 128.7
1905520 128.7
1905530 128.7
1905540 128.7
1905550 128.6
1905560 128.6
1905570 128.6
1905580 128.5
1905590 128.5
1905600 128.5
1905610 128.4
1905620 128.3
1905630 128.3
1905640 128.2
1905650 128.2
1905660 128.2
1905670 128.1
1905680 128.1
1905690 128.1
1905700 128.1
1905710 128.0
1905720 128.0
1905730 127.9
1905740 128.0
1905750 128.0
1905760 128.0
1905770 128.0
1905780 128.0
1905790 127.9
1905800 127.9
1905810 128.0
1905820 128.0
1905830 128.0
1905840 128.0
1905850 128.1
1905860 128.2
1905870 128.2
1905880 128.2
1905890 128.2
