1900000 130.6
1900010 130.8
1900020 130.8
1900030 130.8
1900040 130.7
1900050 130.6
1900060 130.6
1900070 130.5
1900080 130.4
1900090 130.4
1900100 130.4
1900110 130.4
1900120 130.4
1900130 130.3
1900140 130.6
1900150 130.6
1900160 130.3
1900170 130.1
1900180 130.1
1900190 130.0
1900200 130.0
1900210 130.0
1900220 130.0
1900230 130.1
1900240 130.1
1900250 130.0
1900260 130.0
1900270 130.0
1900280 130.1
1900290 129.9
1900300 129.9
1900310 130.1
1900320 130.0
1900330 130.0
1900340 130.0
1900350 129.8
1900360 129.8
1900370 129.9
1900380 130.1
1900390 130.1
1900400 130.1
1900410 130.3
1900420 130.3
1900430 130.3
1900440 130.2
1900450 130.2
1900460 130.4
1900470 130.3
1900480 130.3
1900490 130.3
1900500 130.5
1900510 130.5
1900520 130.4
1900530 130.3
1900540 130.3
1900550 130.3
1900560 130.2
1900570 130.2
1900580 130.2
1900590 130.2
1900600 130.2
1900610 130.2
1900620 130.2
1900630 130.1
1900640 130.1
1900650 130.1
1900660 130.0
1900670 130.0
1900680 130.0
1900690 130.0
1900700 130.0
1900710 129.9
1900720 129.9
1900730 129.9
1900740 129.8
1900750 129.8
1900760 129.8
1900770 129.8
1900780 129.8
1900790 129.8
1900800 129.8
1900810 129.7
1900820 129.7
1900830 129.7
1900840 129.7
1900850 129.7
1900860 129.7
1900870 129.7
1900880 129.7
1900890 129.7
1900900 129.7
1900910 129.7
1900920 129.7
1900930 129.6
1900940 129.6
1900950 129.7
1900960 129.7
1900970 129.7
1900980 129.7
1900990 129.7
1901000 129.7
1901010 129.7
1901020 129.8
1901030 129.8
1901040 129.8
1901050 129.7
1901060 129.7
1901070 129.8
1901080 129.7
1901090 129.7
1901100 129.7
1901110 129.7
1901120 129.7
1901130 129.8
1901140 129.7
1901150 129.7
1901160 129.7
1901170 129.8
1901180 129.8
1901190 130.1
1901200 130.6
1901210 130.6
1901220 130.1
1901230 129.6
1901240 129.6
1901250 129.7
1901260 130.2
1901270 130.2
1901280 131.0
1901290 130.3
1901300 130.3
1901310 130.2
1901320 129.8
1901330 129.8
1901340 130.2
1901350 130.1
1901360 130.1
1901370 129.8
1901380 129.8
1901390 129.8
1901400 129.7
1901410 129.7
1901420 129.7
1901430 129.7
1901440 129.6
1901450 129.6
1901460 129.5
1901470 129.4
1901480 129.4
1901490 129.4
1901500 129.4
1901510 129.4
1901520 129.3
1901530 129.3
1901540 129.3
1901550 129.3
1901560 129.3
1901570 129.3
1901580 129.3
1901590 129.4
1901600 129.4
1901610 129.3
1901620 129.3
1901630 129.3
1901640 129.3
1901650 130.0
1901660 130.6
1901670 130.6
1901680 131.0
1901690 130.0
1901700 130.0
1901710 129.1
1901720 129.0
1901730 129.0
1901740 129.6
1901750 130.4
1901760 130.4
1901770 130.5
1901780 129.8
1901790 129.8
1901800 129.5
1901810 129.4
1901820 129.4
1901830 129.4
1901840 129.3
1901850 129.3
1901860 129.3
1901870 129.3
1901880 129.3
1901890 129.3
1901900 129.3
1901910 129.3
1901920 129.3
1901930 129.2
1901940 129.2
1901950 129.2
1901960 129.3
1901970 129.3
1901980 129.3
1901990 129.2
1902000 129.2
1902010 129.2
1902020 129.1
1902030 129.1
1902040 129.1
1902050 129.1
1902060 129.1
1902070 129.1
1902080 129.2
1902090 129.2
1902100 129.3
1902110 129.4
1902120 129.4
1902130 129.5
1902140 129.4
1902150 129.4
1902160 129.4
1902170 129.3
1902180 129.3
1902190 129.3
1902200 129.3
1902210 129.3
1902220 129.2
1902230 129.1
1902240 129.1
1902250 129.1
1902260 129.2
1902270 129.2
1902280 129.2
1902290 129.2
1902300 129.2
1902310 129.3
1902320 129.3
1902330 129.3
1902340 129.4
1902350 129.4
1902360 129.4
1902370 129.4
1902380 129.3
1902390 129.3
1902400 129.3
1902410 129.3
1902420 129.3
1902430 129.2
1902440 129.2
1902450 129.2
1902460 129.2
1902470 129.1
1902480 129.1
1902490 129.1
1902500 129.1
1902510 129.1
1902520 129.2
1902530 129.2
1902540 129.2
1902550 129.2
1902560 129.3
1902570 129.3
1902580 129.3
1902590 129.3
1902600 129.3
1902610 129.2
1902620 129.2
1902630 129.2
1902640 129.2
1902650 129.1
1902660 129.1
1902670 129.0
1902680 129.0
1902690 129.2
1902700 129.2
1902710 129.4
1902720 129.5
1902730 129.5
1902740 129.6
1902750 129.5
1902760 129.5
1902770 129.4
1902780 129.2
1902790 129.2
1902800 129.2
1902810 129.2
1902820 129.2
1902830 129.2
1902840 129.2
1902850 129.2
1902860 129.2
1902870 129.2
1902880 129.2
1902890 129.3
1902900 129.2
1902910 129.2
1902920 129.3
1902930 129.2
1902940 129.2
1902950 129.1
1902960 129.0
1902970 129.0
1902980 128.8
1902990 128.7
1903000 128.7
1903010 128.6
1903020 128.6
1903030 128.6
1903040 128.6
1903050 128.7
1903060 128.7
1903070 128.5
1903080 128.5
1903090 128.5
1903100 128.7
1903110 129.1
1903120 129.1
1903130 129.4
1903140 129.7
1903150 129.7
1903160 129.8
1903170 129.9
1903180 129.9
1903190 130.0
1903200 130.1
1903210 130.1
1903220 130.1
1903230 129.9
1903240 129.9
1903250 129.9
1903260 129.8
1903270 129.8
1903280 129.8
1903290 129.6
1903300 129.6
1903310 129.5
1903320 129.4
1903330 129.4
1903340 129.4
1903350 129.3
1903360 129.3
1903370 129.3
1903380 129.3
1903390 129.3
1903400 129.3
1903410 129.3
1903420 129.3
1903430 129.2
1903440 129.2
1903450 129.2
1903460 129.2
1903470 129.4
1903480 129.4
1903490 129.4
1903500 129.4
1903510 129.4
1903520 129.4
1903530 129.5
1903540 129.5
1903550 129.6
1903560 129.5
1903570 129.5
1903580 129.5
1903590 129.5
1903600 129.5
1903610 129.4
1903620 129.4
1903630 129.4
1903640 129.3
1903650 129.2
1903660 129.2
1903670 129.2
1903680 129.1
1903690 129.0
1903700 129.0
1903710 129.0
1903720 128.9
1903730 128.9
1903740 128.9
1903750 129.0
1903760 129.0
1903770 129.0
1903780 129.0
1903790 129.0
1903800 129.0
1903810 129.1
1903820 129.1
1903830 129.1
1903840 129.1
1903850 129.1
1903860 129.1
1903870 129.1
1903880 129.1
1903890 129.1
1903900 129.1
1903910 129.1
1903920 129.1
1903930 129.1
1903940 129.1
1903950 129.1
1903960 129.1
1903970 129.1
1903980 129.2
1903990 129.1
1904000 129.1
1904010 129.1
1904020 129.2
1904030 129.2
1904040 129.2
1904050 129.3
1904060 129.3
1904070 129.5
1904080 129.4
1904090 129.4
1904100 129.3
1904110 129.3
1904120 129.3
1904130 129.4
1904140 129.4
1904150 129.4
1904160 129.4
1904170 129.3
1904180 129.3
1904190 129.2
1904200 129.2
1904210 129.2
1904220 129.2
1904230 129.1
1904240 129.1
1904250 129.0
1904260 128.9
1904270 128.9
1904280 128.9
1904290 128.9
1904300 128.9
1904310 129.1
1904320 129.2
1904330 129.2
1904340 129.3
1904350 129.3
1904360 129.3
1904370 129.2
1904380 129.1
1904390 129.1
1904400 129.1
1904410 129.0
1904420 128.9
1904430 128.8
1904440 128.8
1904450 128.8
1904460 128.9
1904470 128.9
1904480 128.9
1904490 128.8
1904500 128.8
1904510 128.8
1904520 128.8
1904530 128.7
1904540 128.7
1904550 128.7
1904560 128.7
1904570 128.7
1904580 128.8
1904590 128.8
1904600 128.8
1904610 128.8
1904620 128.8
1904630 128.8
1904640 128.8
1904650 128.8
1904660 128.8
1904670 128.7
1904680 128.7
1904690 128.7
1904700 128.8
1904710 128.8
1904720 128.9
1904730 128.9
1904740 129.0
1904750 129.0
1904760 129.0
1904770 129.0
1904780 129.0
1904790 129.0
1904800 129.1
1904810 129.0
1904820 129.0
1904830 129.1
1904840 129.1
1904850 129.1
1904860 129.0
1904870 129.1
1904880 129.1
1904890 129.0
1904900 129.1
1904910 129.1
1904920 129.0
1904930 129.0
1904940 129.0
1904950 129.0
1904960 129.0
1904970 129.0
1904980 128.8
1904990 128.8
1905000 128.8
1905010 128.9
1905020 128.8
1905030 128.8
1905040 128.8
1905050 128.8
1905060 128.8
1905070 128.9
1905080 128.9
1905090 128.9
1905100 129.0
1905110 129.1
1905120 129.1
1905130 129.1
1905140 129.1
1905150 129.1
1905160 129.2
1905170 129.2
1905180 129.2
1905190 129.2
1905200 129.1
1905210 129.1
1905220 129.0
1905230 128.9
1905240 128.9
1905250 128.8
1905260 128.8
1905270 128.8
1905280 128.8
1905290 128.8
1905300 128.8
1905310 128.8
1905320 128.7
1905330 128.7
1905340 128.7
1905350 128.6
1905360 128.6
1905370 128.5
1905380 128.6
1905390 128.6
1905400 128.7
1905410 128.7
1905420 128.7
1905430 128.7
1905440 128.7
1905450 128.7
1905460 128.6
1905470 128.8
1905480 128.8
1905490 128.7
1905500 128.6
1905510 128.6
1905520 128.6
1905530 128.5
1905540 128.5
1905550 128.6
1905560 128.6
1905570 128.6
1905580 128.7
1905590 128.7
1905600 128.7
1905610 128.8
1905620 128.8
1905630 128.8
1905640 128.6
1905650 128.6
1905660 128.6
1905670 128.6
1905680 128.5
1905690 128.5
1905700 128.5
1905710 128.6
1905720 128.7
1905730 128.7
1905740 128.6
1905750 128.5
1905760 128.5
1905770 128.5
1905780 128.4
1905790 128.4
1905800 128.5
1905810 128.6
1905820 128.6
1905830 128.5
1905840 128.5
1905850 128.5
1905860 128.5
1905870 128.4
1905880 128.4
1905890 128.3
1905900 128.3
1905910 128.3
1905920 128.3
1905930 128.2
1905940 128.2
1905950 128.2
1905960 128.3
1905970 128.3
1905980 128.3
1905990 128.3
1906000 128.3
1906010 128.3
1906020 128.3
1906030 128.3
1906040 128.3
1906050 128.3
1906060 128.3
1906070 128.3
1906080 128.2
1906090 128.2
1906100 128.2
1906110 128.2
1906120 128.2
1906130 128.2
1906140 128.2
1906150 128.2
1906160 128.2
1906170 128.2
1906180 128.2
1906190 128.3
1906200 128.3
1906210 128.3
1906220 128.3
1906230 128.4
1906240 128.4
1906250 128.4
1906260 128.3
1906270 128.3
1906280 128.2
1906290 128.1
1906300 128.1
1906310 128.2
1906320 128.3
1906330 128.3
1906340 128.3
1906350 128.4
1906360 128.4
1906370 128.3
1906380 128.2
1906390 128.2
1906400 128.2
1906410 128.3
1906420 128.3
1906430 128.3
1906440 128.4
1906450 128.4
1906460 128.5
1906470 128.5
1906480 128.5
1906490 128.4
1906500 128.4
1906510 128.4
1906520 128.4
1906530 128.4
1906540 128.4
1906550 128.5
1906560 128.5
1906570 128.4
1906580 128.4
