1900000 130.9
1900010 131.1
1900020 131.2
1900030 131.2
1900040 131.1
1900050 130.9
1900060 130.7
1900070 130.7
1900080 130.6
1900090 130.5
1900100 130.5
1900110 130.5
1900120 130.6
1900130 130.6
1900140 130.6
1900150 130.6
1900160 130.6
1900170 130.4
1900180 130.4
1900190 130.4
1900200 130.4
1900210 130.1
1900220 130.1
1900230 129.9
1900240 129.8
1900250 129.8
1900260 129.8
1900270 129.7
1900280 129.7
1900290 129.7
1900300 129.6
1900310 129.6
1900320 129.6
1900330 129.6
1900340 129.6
1900350 129.6
1900360 129.5
1900370 129.5
1900380 129.6
1900390 129.6
1900400 129.6
1900410 129.7
1900420 129.8
1900430 129.8
1900440 129.8
1900450 129.7
1900460 129.7
1900470 129.6
1900480 129.8
1900490 129.8
1900500 129.9
1900510 130.0
1900520 130.0
1900530 129.8
1900540 129.6
1900550 129.6
1900560 129.4
1900570 129.4
1900580 129.4
1900590 129.6
1900600 129.8
1900610 129.8
1900620 130.0
1900630 130.1
1900640 130.1
1900650 130.2
1900660 130.2
1900670 130.2
1900680 130.3
1900690 130.3
1900700 130.3
1900710 130.5
1900720 130.4
1900730 130.4
1900740 130.4
1900750 130.4
1900760 130.4
1900770 130.3
1900780 130.2
1900790 130.2
1900800 130.2
1900810 130.2
1900820 130.2
1900830 130.2
1900840 130.3
1900850 130.3
1900860 130.2
1900870 130.0
1900880 130.0
1900890 130.0
1900900 130.0
1900910 130.0
1900920 129.9
1900930 129.8
1900940 129.8
1900950 129.7
1900960 129.6
1900970 129.6
1900980 129.5
1900990 129.4
1901000 129.4
1901010 129.4
1901020 129.4
1901030 129.4
1901040 129.3
1901050 129.4
1901060 129.4
1901070 129.4
1901080 129.4
1901090 129.4
1901100 129.4
1901110 129.4
1901120 129.4
1901130 129.4
1901140 129.4
1901150 129.6
1901160 129.6
1901170 129.6
1901180 129.6
1901190 129.6
1901200 129.5
1901210 129.5
1901220 129.5
1901230 129.6
1901240 129.6
1901250 129.6
1901260 129.7
1901270 129.8
1901280 129.8
1901290 129.8
1901300 129.9
1901310 129.9
1901320 130.5
1901330 130.3
1901340 130.3
1901350 129.3
1901360 129.7
1901370 129.7
1901380 130.6
1901390 130.2
1901400 130.2
1901410 130.0
1901420 129.9
1901430 129.9
1901440 129.7
1901450 129.6
1901460 129.6
1901470 129.6
1901480 129.5
1901490 129.5
1901500 129.5
1901510 129.4
1901520 129.4
1901530 129.4
1901540 129.4
1901550 129.4
1901560 129.4
1901570 129.4
1901580 129.4
1901590 129.4
1901600 129.4
1901610 129.4
1901620 129.4
1901630 129.4
1901640 129.4
1901650 129.4
1901660 129.4
1901670 129.4
1901680 129.4
1901690 129.4
1901700 129.4
1901710 129.4
1901720 129.5
1901730 129.5
1901740 129.4
1901750 129.3
1901760 129.3
1901770 129.2
1901780 129.2
1901790 129.2
1901800 129.1
1901810 129.1
1901820 129.1
1901830 129.1
1901840 129.1
1901850 129.1
1901860 129.1
1901870 129.1
1901880 129.1
1901890 129.1
1901900 129.1
1901910 129.1
1901920 129.1
1901930 129.0
1901940 129.0
1901950 129.1
1901960 129.1
1901970 129.1
1901980 129.0
1901990 129.0
1902000 129.0
1902010 129.1
1902020 129.1
1902030 129.1
1902040 129.1
1902050 129.2
1902060 129.2
1902070 129.1
1902080 129.1
1902090 129.1
1902100 129.1
1902110 129.0
1902120 129.1
1902130 129.1
1902140 129.0
1902150 129.0
1902160 129.0
1902170 129.0
1902180 129.0
1902190 129.0
1902200 129.0
1902210 129.0
1902220 129.0
1902230 129.0
1902240 129.3
1902250 129.3
1902260 130.0
1902270 130.3
1902280 130.3
1902290 129.3
1902300 128.2
1902310 128.2
1902320 128.1
1902330 129.4
1902340 129.4
1902350 130.4
1902360 130.1
1902370 130.1
1902380 129.5
1902390 129.1
1902400 129.1
1902410 128.9
1902420 129.0
1902430 129.0
1902440 129.0
1902450 128.9
1902460 128.9
1902470 129.0
1902480 129.1
1902490 129.0
1902500 129.1
1902510 129.1
1902520 129.1
1902530 129.1
1902540 129.1
1902550 129.1
1902560 129.0
1902570 128.9
1902580 128.9
1902590 128.9
1902600 129.0
1902610 129.0
1902620 129.3
1902630 129.2
1902640 129.2
1902650 129.2
1902660 129.2
1902670 129.2
1902680 129.2
1902690 129.2
1902700 129.2
1902710 129.1
1902720 129.0
1902730 129.0
1902740 129.0
1902750 129.0
1902760 129.0
1902770 128.9
1902780 129.0
1902790 129.0
1902800 129.0
1902810 129.1
1902820 129.1
1902830 129.1
1902840 129.1
1902850 129.1
1902860 129.0
1902870 129.0
1902880 129.0
1902890 129.0
1902900 129.0
1902910 129.0
1902920 129.0
1902930 129.0
1902940 129.0
1902950 129.0
1902960 129.0
1902970 129.0
1902980 128.8
1902990 128.6
1903000 128.6
1903010 128.5
1903020 128.5
1903030 128.5
1903040 128.6
1903050 128.7
1903060 128.7
1903070 128.7
1903080 128.7
1903090 128.8
1903100 128.7
1903110 129.2
1903120 129.5
1903130 129.5
1903140 129.4
1903150 129.4
1903160 129.4
1903170 129.3
1903180 129.3
1903190 129.3
1903200 129.2
1903210 129.2
1903220 129.2
1903230 129.2
1903240 129.3
1903250 129.3
1903260 129.3
1903270 129.2
1903280 129.2
1903290 129.2
1903300 129.2
1903310 129.2
1903320 129.2
1903330 129.2
1903340 129.2
1903350 129.1
1903360 129.2
1903370 129.2
1903380 129.4
1903390 129.5
1903400 129.5
1903410 129.5
1903420 129.4
1903430 129.4
1903440 129.2
1903450 129.1
1903460 129.1
1903470 129.1
1903480 129.2
1903490 129.2
1903500 129.2
1903510 129.2
1903520 129.2
1903530 129.2
1903540 129.1
1903550 129.1
1903560 129.1
1903570 129.1
1903580 129.1
1903590 129.2
1903600 129.1
1903610 129.1
1903620 129.0
1903630 129.0
1903640 129.0
1903650 129.0
1903660 129.0
1903670 129.0
1903680 129.0
1903690 129.0
1903700 129.0
1903710 128.9
1903720 128.9
1903730 128.9
1903740 128.9
1903750 128.9
1903760 128.9
1903770 129.0
1903780 128.9
1903790 128.9
1903800 128.9
1903810 129.0
1903820 129.0
1903830 129.1
1903840 129.1
1903850 129.1
1903860 129.1
1903870 129.1
1903880 129.1
1903890 129.0
1903900 129.0
1903910 129.0
1903920 129.0
1903930 129.1
1903940 129.1
1903950 129.1
1903960 129.0
1903970 129.0
1903980 129.0
1903990 129.1
1904000 129.1
1904010 129.1
1904020 129.1
1904030 129.1
1904040 129.1
1904050 129.1
1904060 129.1
1904070 129.0
1904080 129.0
1904090 129.0
1904100 129.1
1904110 129.0
1904120 129.0
1904130 129.0
1904140 129.0
1904150 129.1
1904160 129.1
1904170 129.0
1904180 129.0
1904190 129.0
1904200 129.0
1904210 129.0
1904220 129.0
1904230 129.0
1904240 129.1
1904250 129.1
1904260 129.2
1904270 129.4
1904280 129.4
1904290 129.5
1904300 129.5
1904310 129.5
1904320 129.5
1904330 129.7
1904340 129.6
1904350 129.7
1904360 129.7
1904370 129.7
1904380 129.6
1904390 129.6
1904400 129.6
1904410 129.6
1904420 129.5
1904430 129.5
1904440 129.5
1904450 129.5
1904460 129.5
1904470 129.5
1904480 129.5
1904490 129.5
1904500 129.3
1904510 129.4
1904520 129.4
1904530 129.3
1904540 129.2
1904550 129.2
1904560 129.2
1904570 129.2
1904580 129.2
1904590 129.1
1904600 129.2
1904610 129.2
1904620 129.1
1904630 129.1
1904640 129.1
1904650 129.0
1904660 129.1
1904670 129.1
1904680 129.1
1904690 129.0
1904700 129.0
1904710 128.9
1904720 128.9
1904730 128.9
1904740 128.9
1904750 129.0
1904760 129.0
1904770 129.1
1904780 129.0
1904790 129.0
1904800 129.1
1904810 129.2
1904820 129.2
1904830 129.1
1904840 129.0
1904850 129.0
1904860 129.0
1904870 129.0
1904880 129.0
1904890 129.1
1904900 129.0
1904910 129.0
1904920 129.0
1904930 129.0
1904940 129.0
1904950 129.0
1904960 129.0
1904970 129.0
1904980 129.0
1904990 128.9
1905000 128.9
1905010 128.7
1905020 128.7
1905030 128.7
1905040 128.7
1905050 128.7
1905060 128.7
1905070 128.6
1905080 128.6
1905090 128.6
1905100 128.7
1905110 128.7
1905120 128.7
1905130 128.7
1905140 128.7
1905150 128.7
1905160 128.7
1905170 128.7
1905180 128.6
1905190 128.6
1905200 128.7
1905210 128.6
1905220 128.6
1905230 128.8
1905240 128.7
1905250 128.7
1905260 128.7
1905270 128.8
1905280 128.8
1905290 128.8
1905300 128.8
1905310 128.8
1905320 128.9
1905330 128.9
1905340 128.9
1905350 128.9
1905360 128.9
1905370 128.9
1905380 129.0
1905390 129.0
1905400 129.0
1905410 129.0
1905420 128.9
1905430 128.9
1905440 128.8
1905450 128.8
1905460 128.8
1905470 128.7
1905480 128.7
1905490 128.7
1905500 128.7
1905510 128.6
1905520 128.6
1905530 128.6
1905540 128.5
1905550 128.5
1905560 128.4
1905570 128.5
1905580 128.5
1905590 128.6
1905600 128.5
1905610 128.5
1905620 128.5
1905630 128.5
1905640 128.5
1905650 128.5
1905660 128.5
1905670 128.5
1905680 128.5
1905690 128.5
1905700 128.5
1905710 128.5
1905720 128.4
1905730 128.4
1905740 128.5
1905750 128.5
1905760 128.5
1905770 128.5
1905780 128.4
1905790 128.4
1905800 128.4
1905810 128.3
1905820 128.3
1905830 128.3
1905840 128.3
1905850 128.3
1905860 128.3
1905870 128.4
1905880 128.4
1905890 128.3
1905900 128.2
1905910 128.2
1905920 128.4
1905930 128.5
1905940 128.5
1905950 128.5
1905960 128.5
1905970 128.5
1905980 128.5
1905990 128.5
1906000 128.5
1906010 128.4
1906020 128.3
1906030 128.3
1906040 128.3
1906050 128.3
1906060 128.3
1906070 128.4
1906080 128.4
1906090 128.4
1906100 128.4
1906110 128.3
1906120 128.3
1906130 128.3
1906140 128.3
1906150 128.3
1906160 128.3
1906170 128.3
1906180 128.3
1906190 128.3
1906200 128.4
1906210 128.2
1906220 128.2
1906230 128.0
1906240 128.0
1906250 128.0
1906260 128.0
1906270 128.0
1906280 128.0
1906290 128.0
1906300 128.1
1906310 128.1
1906320 128.3
1906330 128.4
1906340 128.4
1906350 128.4
1906360 128.3
1906370 128.3
1906380 128.2
1906390 128.2
1906400 128.2
1906410 128.2
1906420 128.2
1906430 128.2
1906440 128.1
1906450 128.2
1906460 128.2
1906470 128.1
1906480 128.1
1906490 128.1
1906500 128.1
1906510 128.1
1906520 128.1
