1900000 130.1
1900010 130.2
1900020 130.2
1900030 130.2
1900040 130.3
1900050 130.4
1900060 130.4
1900070 130.5
1900080 130.6
1900090 130.6
1900100 130.6
1900110 130.5
1900120 130.5
1900130 130.5
1900140 130.4
1900150 130.4
1900160 130.3
1900170 130.3
1900180 130.3
1900190 130.2
1900200 130.1
1900210 130.1
1900220 130.1
1900230 130.1
1900240 130.1
1900250 130.0
1900260 129.9
1900270 129.9
1900280 130.0
1900290 130.2
1900300 130.2
1900310 130.3
1900320 130.2
1900330 130.2
1900340 130.1
1900350 130.1
1900360 130.1
1900370 130.0
1900380 129.9
1900390 129.9
1900400 129.8
1900410 129.8
1900420 129.8
1900430 129.8
1900440 129.8
1900450 129.8
1900460 129.7
1900470 129.7
1900480 129.7
1900490 129.6
1900500 129.5
1900510 129.5
1900520 129.6
1900530 129.6
1900540 129.7
1900550 129.7
1900560 129.7
1900570 129.7
1900580 129.7
1900590 129.6
1900600 129.6
1900610 129.7
1900620 129.8
1900630 129.8
1900640 129.8
1900650 129.7
1900660 129.7
1900670 129.7
1900680 129.7
1900690 129.7
1900700 129.8
1900710 129.8
1900720 129.8
1900730 129.7
1900740 129.7
1900750 129.7
1900760 129.9
1900770 129.9
1900780 129.9
1900790 129.9
1900800 129.9
1900810 129.9
1900820 129.9
1900830 129.9
1900840 129.9
1900850 129.9
1900860 129.8
1900870 129.8
1900880 129.8
1900890 129.7
1900900 129.7
1900910 129.8
1900920 129.8
1900930 129.8
1900940 129.8
1900950 129.7
1900960 129.7
1900970 129.7
1900980 129.7
1900990 129.7
1901000 129.7
1901010 129.6
1901020 129.5
1901030 129.5
1901040 129.6
1901050 129.6
1901060 129.6
1901070 129.5
1901080 129.5
1901090 129.5
1901100 129.5
1901110 129.5
1901120 129.5
1901130 129.5
1901140 129.5
1901150 129.5
1901160 129.5
1901170 129.4
1901180 129.4
1901190 129.4
1901200 129.4
1901210 129.4
1901220 129.4
1901230 129.4
1901240 129.4
1901250 129.4
1901260 129.4
1901270 129.4
1901280 129.4
1901290 129.4
1901300 129.4
1901310 129.4
1901320 129.4
1901330 129.4
1901340 129.4
1901350 129.5
1901360 129.5
1901370 130.0
1901380 130.4
1901390 130.4
1901400 129.7
1901410 129.8
1901420 129.8
1901430 130.1
1901440 130.7
1901450 130.7
1901460 129.7
1901470 129.7
1901480 129.7
1901490 129.6
1901500 129.4
1901510 129.4
1901520 129.4
1901530 129.3
1901540 129.3
1901550 129.3
1901560 129.3
1901570 129.3
1901580 129.2
1901590 129.3
1901600 129.3
1901610 129.2
1901620 129.3
1901630 129.3
1901640 129.3
1901650 129.3
1901660 129.3
1901670 129.3
1901680 129.3
1901690 129.3
1901700 129.2
1901710 129.2
1901720 129.2
1901730 129.2
1901740 129.2
1901750 129.2
1901760 129.2
1901770 129.2
1901780 129.2
1901790 129.2
1901800 129.3
1901810 129.3
1901820 129.2
1901830 129.2
1901840 129.2
1901850 129.2
1901860 129.2
1901870 129.2
1901880 129.1
1901890 129.1
1901900 129.1
1901910 129.1
1901920 129.0
1901930 129.0
1901940 129.0
1901950 128.9
1901960 128.9
1901970 128.9
1901980 128.9
1901990 128.9
1902000 128.9
1902010 128.9
1902020 128.9
1902030 128.9
1902040 129.0
1902050 129.0
1902060 129.0
1902070 129.0
1902080 129.0
1902090 129.0
1902100 129.0
1902110 128.9
1902120 128.9
1902130 129.1
1902140 128.9
1902150 128.9
1902160 128.8
1902170 128.8
1902180 128.8
1902190 128.7
1902200 128.6
1902210 128.6
1902220 128.6
1902230 128.6
1902240 128.6
1902250 128.7
1902260 128.7
1902270 128.7
1902280 128.7
1902290 128.8
1902300 128.8
1902310 128.8
1902320 128.8
1902330 128.8
1902340 128.9
1902350 128.8
1902360 128.8
1902370 128.7
1902380 128.6
1902390 128.6
1902400 128.6
1902410 128.6
1902420 128.6
1902430 128.6
1902440 128.7
1902450 128.7
1902460 129.0
1902470 129.1
1902480 129.1
1902490 128.9
1902500 128.8
1902510 128.8
1902520 128.8
1902530 128.8
1902540 128.8
1902550 128.9
1902560 129.0
1902570 129.0
1902580 129.0
1902590 129.0
1902600 129.0
1902610 129.1
1902620 129.8
1902630 129.8
1902640 130.2
1902650 128.3
1902660 128.3
1902670 127.9
1902680 128.6
1902690 128.6
1902700 130.3
1902710 129.7
1902720 129.7
1902730 129.2
1902740 129.0
1902750 129.0
1902760 129.0
1902770 129.0
1902780 129.0
1902790 129.0
1902800 129.0
1902810 129.0
1902820 128.9
1902830 129.0
1902840 129.0
1902850 128.9
1902860 128.9
1902870 128.9
1902880 128.9
1902890 128.8
1902900 128.8
1902910 128.7
1902920 128.6
1902930 128.6
1902940 128.6
1902950 128.6
1902960 128.6
1902970 128.6
1902980 128.8
1902990 128.9
1903000 128.9
1903010 128.9
1903020 129.0
1903030 129.0
1903040 129.0
1903050 129.2
1903060 129.2
1903070 129.3
1903080 129.1
1903090 129.1
1903100 129.1
1903110 129.1
1903120 129.1
1903130 129.1
1903140 129.2
1903150 129.2
1903160 129.2
1903170 129.2
1903180 129.2
1903190 129.1
1903200 129.1
1903210 129.1
1903220 129.1
1903230 129.0
1903240 129.0
1903250 129.0
1903260 129.0
1903270 129.0
1903280 129.0
1903290 129.0
1903300 129.0
1903310 129.1
1903320 129.1
1903330 129.1
1903340 129.1
1903350 129.1
1903360 129.1
1903370 129.0
1903380 129.0
1903390 129.0
1903400 129.0
1903410 129.1
1903420 129.1
1903430 129.2
1903440 129.1
1903450 129.1
1903460 129.1
1903470 129.1
1903480 129.1
1903490 129.1
1903500 129.1
1903510 129.1
1903520 129.1
1903530 129.1
1903540 129.1
1903550 129.1
1903560 129.1
1903570 129.1
1903580 129.1
1903590 129.1
1903600 129.1
1903610 129.0
1903620 129.0
1903630 129.0
1903640 129.0
1903650 128.9
1903660 128.9
1903670 128.8
1903680 128.8
1903690 128.8
1903700 128.9
1903710 128.9
1903720 128.9
1903730 128.8
1903740 128.8
1903750 128.8
1903760 128.9
1903770 128.9
1903780 128.9
1903790 128.9
1903800 128.8
1903810 128.8
1903820 128.9
1903830 128.8
1903840 128.8
1903850 128.8
1903860 128.8
1903870 128.8
1903880 128.8
1903890 128.8
1903900 128.8
1903910 128.8
1903920 128.8
1903930 128.8
1903940 128.7
1903950 128.7
1903960 128.6
1903970 128.6
1903980 128.7
1903990 128.9
1904000 128.9
1904010 128.8
1904020 128.9
1904030 128.9
1904040 128.9
1904050 128.9
1904060 128.9
1904070 128.9
1904080 128.9
1904090 128.9
1904100 128.9
1904110 129.0
1904120 129.0
1904130 128.9
1904140 128.9
1904150 128.9
1904160 128.9
1904170 128.8
1904180 128.8
1904190 128.8
1904200 128.7
1904210 128.7
1904220 128.8
1904230 128.8
1904240 128.9
1904250 128.8
1904260 128.9
1904270 128.9
1904280 129.0
1904290 129.1
1904300 129.1
1904310 129.1
1904320 129.1
1904330 129.1
1904340 129.2
1904350 129.1
1904360 129.1
1904370 129.1
1904380 129.1
1904390 129.1
1904400 129.0
1904410 129.1
1904420 129.1
1904430 129.1
1904440 129.1
1904450 129.1
1904460 129.2
1904470 129.2
1904480 129.2
1904490 129.3
1904500 129.2
1904510 129.2
1904520 129.3
1904530 129.4
1904540 129.4
1904550 129.3
1904560 129.2
1904570 129.2
1904580 129.3
1904590 129.2
1904600 129.2
1904610 129.1
1904620 129.1
1904630 129.1
1904640 129.2
1904650 129.2
1904660 129.2
1904670 129.3
1904680 129.3
1904690 129.3
1904700 129.3
1904710 129.3
1904720 129.3
1904730 129.3
1904740 129.3
1904750 129.3
1904760 129.2
1904770 129.2
1904780 129.2
1904790 129.3
1904800 129.2
1904810 129.2
1904820 129.0
1904830 128.9
1904840 128.9
1904850 128.9
1904860 128.9
1904870 128.9
1904880 128.8
1904890 128.9
1904900 128.9
1904910 128.9
1904920 128.9
1904930 128.9
1904940 128.8
1904950 128.9
1904960 128.9
1904970 128.9
1904980 128.9
1904990 128.9
1905000 128.9
1905010 129.0
1905020 128.9
1905030 128.9
1905040 128.9
1905050 128.9
1905060 128.9
1905070 128.8
1905080 128.8
1905090 128.8
1905100 128.8
1905110 128.7
1905120 128.7
1905130 128.6
1905140 128.6
1905150 128.6
1905160 128.5
1905170 128.5
1905180 128.5
1905190 128.4
1905200 128.5
1905210 128.5
1905220 128.5
1905230 128.6
1905240 128.6
1905250 128.6
1905260 128.6
1905270 128.6
1905280 128.7
1905290 128.7
1905300 128.7
1905310 128.6
1905320 128.6
1905330 128.6
1905340 128.5
1905350 128.5
1905360 128.5
1905370 128.5
1905380 128.5
1905390 128.5
1905400 128.5
1905410 128.4
1905420 128.4
1905430 128.4
1905440 128.5
1905450 128.5
1905460 128.5
1905470 128.6
1905480 128.6
1905490 128.6
1905500 128.7
1905510 128.7
1905520 128.8
1905530 128.8
1905540 128.8
1905550 128.7
1905560 128.8
1905570 128.8
1905580 128.8
1905590 128.7
1905600 128.7
1905610 128.7
1905620 128.7
1905630 128.7
1905640 128.7
1905650 128.7
1905660 128.7
1905670 128.6
1905680 128.6
1905690 128.6
1905700 128.6
1905710 128.6
1905720 128.6
1905730 128.6
1905740 128.6
1905750 128.6
1905760 128.5
1905770 128.5
1905780 128.5
1905790 128.5
1905800 128.5
1905810 128.5
1905820 128.5
1905830 128.5
1905840 128.5
1905850 128.4
1905860 128.4
1905870 128.4
1905880 128.6
1905890 128.5
1905900 128.5
1905910 128.5
1905920 128.6
1905930 128.6
1905940 128.6
1905950 128.8
1905960 128.8
1905970 128.8
1905980 128.8
1905990 128.7
1906000 128.7
1906010 128.6
1906020 128.6
1906030 128.6
1906040 128.6
1906050 128.6
1906060 128.6
1906070 128.5
1906080 128.3
1906090 128.3
1906100 128.3
1906110 128.2
1906120 128.2
1906130 128.2
1906140 128.2
1906150 128.2
1906160 128.2
1906170 128.2
1906180 128.2
1906190 128.2
1906200 128.2
1906210 128.2
1906220 128.1
1906230 128.2
1906240 128.2
1906250 128.1
1906260 128.1
1906270 128.1
1906280 128.3
1906290 128.3
1906300 128.3
1906310 128.3
