1900000 130.1
1900010 130.1
1900020 130.0
1900030 130.0
1900040 129.9
1900050 129.8
1900060 129.8
1900070 129.9
1900080 130.0
1900090 130.0
1900100 130.1
1900110 130.2
1900120 130.2
1900130 130.4
1900140 130.7
1900150 130.7
1900160 131.4
1900170 131.6
1900180 131.6
1900190 130.3
1900200 129.6
1900210 130.6
1900220 130.6
1900230 132.5
1900240 132.1
1900250 132.1
1900260 131.3
1900270 131.0
1900280 131.0
1900290 130.8
1900300 130.7
1900310 130.7
1900320 130.6
1900330 130.5
1900340 130.5
1900350 130.5
1900360 130.4
1900370 130.4
1900380 130.3
1900390 130.2
1900400 130.2
1900410 130.1
1900420 130.1
1900430 130.1
1900440 130.1
1900450 130.1
1900460 130.1
1900470 130.1
1900480 130.2
1900490 130.2
1900500 130.2
1900510 130.1
1900520 130.1
1900530 130.1
1900540 130.1
1900550 130.1
1900560 130.1
1900570 130.1
1900580 130.1
1900590 130.0
1900600 130.0
1900610 130.0
1900620 130.0
1900630 130.1
1900640 130.1
1900650 130.1
1900660 130.0
1900670 130.1
1900680 130.1
1900690 130.1
1900700 130.1
1900710 130.1
1900720 130.2
1900730 130.2
1900740 130.2
1900750 130.2
1900760 130.2
1900770 130.2
1900780 130.2
1900790 130.2
1900800 130.3
1900810 130.3
1900820 130.3
1900830 130.4
1900840 130.4
1900850 130.4
1900860 130.4
1900870 130.5
1900880 130.5
1900890 130.4
1900900 130.4
1900910 130.4
1900920 130.4
1900930 130.3
1900940 130.3
1900950 130.2
1900960 130.1
1900970 130.1
1900980 130.2
1900990 130.3
1901000 130.3
1901010 130.4
1901020 130.4
1901030 130.4
1901040 130.3
1901050 130.3
1901060 130.3
1901070 130.2
1901080 130.2
1901090 130.2
1901100 130.1
1901110 130.0
1901120 130.0
1901130 130.0
1901140 130.0
1901150 130.0
1901160 130.0
1901170 130.0
1901180 130.0
1901190 129.9
1901200 129.9
1901210 129.9
1901220 129.8
1901230 129.8
1901240 129.8
1901250 129.8
1901260 129.8
1901270 129.8
1901280 129.8
1901290 129.8
1901300 129.8
1901310 129.8
1901320 129.8
1901330 129.8
1901340 129.8
1901350 129.8
1901360 129.8
1901370 129.8
1901380 129.8
1901390 129.9
1901400 129.9
1901410 129.8
1901420 129.9
1901430 129.9
1901440 129.9
1901450 129.9
1901460 129.9
1901470 129.9
1901480 130.0
1901490 130.0
1901500 130.0
1901510 130.0
1901520 130.0
1901530 130.0
1901540 129.9
1901550 129.9
1901560 130.0
1901570 130.0
1901580 130.0
1901590 130.1
1901600 130.0
1901610 130.0
1901620 130.0
1901630 130.0
1901640 130.0
1901650 130.1
1901660 130.1
1901670 130.1
1901680 130.2
1901690 130.2
1901700 130.2
1901710 130.2
1901720 130.2
1901730 130.2
1901740 130.2
1901750 130.2
1901760 130.2
1901770 130.2
1901780 130.2
1901790 130.2
1901800 130.3
1901810 130.2
1901820 130.2
1901830 130.2
1901840 130.3
1901850 130.3
1901860 130.4
1901870 130.4
1901880 130.4
1901890 130.1
1901900 130.2
1901910 130.4
1901920 130.3
1901930 130.2
1901940 130.2
1901950 130.2
1901960 130.2
1901970 130.2
1901980 130.3
1901990 130.3
1902000 130.3
1902010 130.2
1902020 130.2
1902030 130.2
1902040 130.2
1902050 130.3
1902060 130.3
1902070 130.2
1902080 130.1
1902090 130.1
1902100 130.1
1902110 130.1
1902120 130.1
1902130 130.1
1902140 130.1
1902150 130.1
1902160 130.0
1902170 130.0
1902180 130.0
1902190 130.0
1902200 130.0
1902210 130.0
1902220 130.0
1902230 130.1
1902240 130.1
1902250 130.1
1902260 130.1
1902270 130.1
1902280 130.1
1902290 130.2
1902300 130.3
1902310 130.3
1902320 130.3
1902330 130.3
1902340 130.3
1902350 130.3
1902360 130.3
1902370 130.3
1902380 130.3
1902390 130.4
1902400 130.4
1902410 130.4
1902420 130.3
1902430 130.3
1902440 130.3
1902450 130.2
1902460 130.2
1902470 130.2
1902480 130.2
1902490 130.2
1902500 130.2
1902510 130.2
1902520 130.2
1902530 130.2
1902540 130.2
1902550 130.2
1902560 130.2
1902570 130.2
1902580 130.2
1902590 130.1
1902600 130.1
1902610 130.1
1902620 130.0
1902630 130.1
1902640 130.1
1902650 130.1
1902660 130.0
1902670 130.0
1902680 130.1
1902690 130.1
1902700 130.1
1902710 130.0
1902720 129.9
1902730 129.9
1902740 129.8
1902750 129.8
1902760 129.8
1902770 129.8
1902780 129.8
1902790 129.8
1902800 129.8
1902810 129.9
1902820 129.9
1902830 129.9
1902840 129.9
1902850 129.9
1902860 130.0
1902870 129.9
1902880 129.9
1902890 130.1
1902900 130.1
1902910 130.1
1902920 130.1
1902930 130.1
1902940 130.1
1902950 130.2
1902960 130.2
1902970 130.2
1902980 129.7
1902990 129.1
1903000 129.1
1903010 129.1
1903020 129.4
1903030 129.4
1903040 129.6
1903050 129.8
1903060 129.8
1903070 129.9
1903080 129.9
1903090 129.9
1903100 129.8
1903110 129.7
1903120 129.7
1903130 129.5
1903140 129.4
1903150 129.3
1903160 129.3
1903170 129.4
1903180 129.4
1903190 129.5
1903200 129.7
1903210 129.7
1903220 129.8
1903230 129.9
1903240 129.9
1903250 129.8
1903260 129.8
1903270 129.8
1903280 129.8
1903290 129.9
1903300 129.9
1903310 129.8
1903320 129.8
1903330 129.7
1903340 129.7
1903350 129.8
1903360 129.8
1903370 129.8
1903380 129.8
1903390 129.8
1903400 129.8
1903410 129.8
1903420 129.8
1903430 129.8
1903440 129.8
1903450 129.8
1903460 129.8
1903470 129.8
1903480 129.8
1903490 129.8
1903500 129.7
1903510 129.7
1903520 129.7
1903530 129.7
1903540 129.7
1903550 129.7
1903560 129.6
1903570 129.6
1903580 129.6
1903590 129.7
1903600 129.7
1903610 129.7
1903620 129.8
1903630 129.8
1903640 129.8
1903650 129.9
1903660 129.9
1903670 129.9
1903680 129.8
1903690 129.8
1903700 129.8
1903710 129.8
1903720 129.8
1903730 129.8
1903740 129.8
1903750 129.7
1903760 129.7
1903770 129.6
1903780 129.6
1903790 129.6
1903800 129.5
1903810 129.6
1903820 129.6
1903830 129.6
1903840 129.6
1903850 129.6
1903860 129.6
1903870 129.6
1903880 129.6
1903890 129.6
1903900 129.6
1903910 129.6
1903920 129.5
1903930 129.5
1903940 129.5
1903950 129.5
1903960 129.4
1903970 129.4
1903980 129.5
1903990 129.5
1904000 129.5
1904010 129.6
1904020 129.6
1904030 129.6
1904040 129.7
1904050 129.7
1904060 129.7
1904070 129.8
1904080 129.6
1904090 129.6
1904100 129.6
1904110 129.6
1904120 129.6
1904130 129.6
1904140 129.6
1904150 129.6
1904160 129.6
1904170 129.6
1904180 129.6
1904190 129.5
1904200 129.4
1904210 129.4
1904220 129.4
1904230 129.5
1904240 129.5
1904250 129.4
1904260 129.5
1904270 129.5
1904280 129.4
1904290 129.4
1904300 129.4
1904310 129.4
1904320 129.4
1904330 129.4
1904340 129.3
1904350 129.3
1904360 129.3
1904370 129.3
1904380 129.3
1904390 129.3
1904400 129.3
1904410 129.3
1904420 129.5
1904430 129.5
1904440 129.6
1904450 129.5
1904460 129.5
1904470 129.5
1904480 129.4
1904490 129.4
1904500 129.4
1904510 129.4
1904520 129.4
1904530 129.4
1904540 129.4
1904550 129.4
1904560 129.5
1904570 129.4
1904580 129.4
1904590 129.4
1904600 129.5
1904610 129.5
1904620 129.5
1904630 129.4
1904640 129.4
1904650 129.4
1904660 129.3
1904670 129.3
1904680 129.2
1904690 129.2
1904700 129.2
1904710 129.4
1904720 129.4
1904730 129.4
1904740 129.4
1904750 129.3
1904760 129.3
1904770 129.3
1904780 129.2
1904790 129.2
1904800 129.2
1904810 129.1
1904820 129.1
1904830 129.2
1904840 129.2
1904850 129.2
1904860 129.1
1904870 129.0
1904880 129.0
1904890 129.0
1904900 128.9
1904910 128.9
1904920 128.9
1904930 128.9
1904940 128.9
1904950 128.9
1904960 129.0
1904970 129.0
1904980 128.9
1904990 129.0
1905000 129.0
1905010 129.0
1905020 128.9
1905030 128.9
1905040 128.9
1905050 129.0
1905060 129.0
1905070 128.9
1905080 128.8
1905090 128.8
1905100 128.8
1905110 128.9
1905120 128.9
1905130 128.9
1905140 128.9
1905150 128.9
1905160 128.9
1905170 128.8
1905180 128.8
1905190 128.8
1905200 128.8
1905210 128.8
1905220 128.8
1905230 128.8
1905240 128.8
1905250 128.9
1905260 128.8
1905270 128.8
1905280 128.8
1905290 128.8
1905300 128.8
1905310 128.9
1905320 128.9
1905330 128.9
1905340 128.9
1905350 128.9
1905360 128.9
1905370 129.0
1905380 129.0
1905390 129.0
1905400 129.0
1905410 128.9
1905420 128.9
1905430 128.9
1905440 128.9
1905450 128.9
1905460 128.9
1905470 128.9
1905480 128.9
1905490 128.9
1905500 128.9
1905510 128.8
1905520 128.8
1905530 128.8
1905540 128.8
1905550 128.8
1905560 128.8
1905570 128.7
1905580 128.7
1905590 128.7
1905600 128.7
1905610 128.7
1905620 128.7
1905630 128.6
1905640 128.6
1905650 128.5
1905660 128.5
1905670 128.5
1905680 128.5
1905690 128.6
1905700 128.6
1905710 128.7
1905720 128.8
1905730 128.8
1905740 128.9
1905750 128.9
1905760 128.9
1905770 128.9
1905780 128.9
1905790 128.9
1905800 128.9
1905810 128.9
1905820 128.9
1905830 128.9
1905840 128.9
1905850 128.9
1905860 128.9
1905870 128.7
1905880 128.7
1905890 128.6
1905900 128.6
1905910 128.7
1905920 128.7
1905930 128.8
1905940 128.8
1905950 128.9
1905960 128.9
1905970 128.9
1905980 128.8
1905990 128.8
1906000 128.8
1906010 129.0
1906020 129.0
1906030 129.0
1906040 129.0
1906050 129.0
1906060 129.0
1906070 129.0
1906080 128.9
1906090 128.9
1906100 128.8
1906110 128.8
1906120 128.8
1906130 128.8
1906140 128.8
1906150 128.8
1906160 129.0
1906170 129.1
1906180 129.1
1906190 129.1
1906200 129.1
1906210 129.1
1906220 129.1
1906230 129.1
1906240 129.1
1906250 129.1
1906260 129.1
1906270 129.1
1906280 129.2
1906290 129.2
1906300 129.2
1906310 129.1
1906320 129.1
1906330 129.1
1906340 129.1
1906350 129.1
1906360 129.1
1906370 129.1
1906380 129.0
1906390 129.0
1906400 128.9
1906410 128.8
1906420 128.8
1906430 128.7
1906440 128.6
1906450 128.6
1906460 128.6
1906470 128.5
1906480 128.6
1906490 128.6
1906500 128.6
1906510 128.7
1906520 128.7
1906530 128.6
1906540 128.5
1906550 128.5
1906560 128.5
1906570 128.5
1906580 128.5
1906590 128.5
