1900000 130.1
1900010 130.1
1900020 130.0
1900030 130.0
1900040 130.0
1900050 130.0
1900060 129.9
1900070 129.9
1900080 129.9
1900090 129.9
1900100 129.9
1900110 130.0
1900120 130.0
1900130 130.0
1900140 130.0
1900150 130.1
1900160 130.1
1900170 130.3
1900180 130.2
1900190 130.2
1900200 130.1
1900210 130.2
1900220 130.2
1900230 130.2
1900240 130.3
1900250 130.3
1900260 130.3
1900270 130.4
1900280 130.4
1900290 130.1
1900300 130.3
1900310 130.3
1900320 131.2
1900330 131.0
1900340 131.0
1900350 130.4
1900360 129.9
1900370 129.9
1900380 129.9
1900390 131.1
1900400 131.1
1900410 132.0
1900420 132.4
1900430 132.4
1900440 131.2
1900450 130.5
1900460 130.5
1900470 130.3
1900480 130.2
1900490 130.2
1900500 130.2
1900510 130.3
1900520 130.3
1900530 130.2
1900540 130.1
1900550 130.1
1900560 130.1
1900570 130.1
1900580 130.1
1900590 130.1
1900600 130.1
1900610 130.0
1900620 130.0
1900630 130.0
1900640 130.1
1900650 130.1
1900660 130.1
1900670 130.0
1900680 130.0
1900690 130.0
1900700 129.9
1900710 129.9
1900720 130.0
1900730 130.0
1900740 130.0
1900750 129.9
1900760 129.9
1900770 129.9
1900780 129.9
1900790 129.8
1900800 129.8
1900810 129.9
1900820 129.9
1900830 129.9
1900840 129.8
1900850 129.8
1900860 129.8
1900870 129.7
1900880 129.7
1900890 129.7
1900900 129.7
1900910 129.7
1900920 129.7
1900930 129.9
1900940 130.5
1900950 130.5
1900960 131.2
1900970 130.0
1900980 130.0
1900990 129.4
1901000 130.1
1901010 131.2
1901020 130.5
1901030 129.9
1901040 129.9
1901050 129.7
1901060 129.7
1901070 129.7
1901080 129.5
1901090 129.5
1901100 129.5
1901110 129.5
1901120 129.5
1901130 129.5
1901140 129.5
1901150 129.5
1901160 129.5
1901170 129.5
1901180 129.5
1901190 129.5
1901200 129.6
1901210 129.6
1901220 129.6
1901230 129.6
1901240 129.6
1901250 129.6
1901260 129.5
1901270 129.5
1901280 129.5
1901290 129.5
1901300 129.6
1901310 129.6
1901320 129.6
1901330 129.6
1901340 129.6
1901350 129.6
1901360 129.5
1901370 129.5
1901380 129.5
1901390 129.4
1901400 129.4
1901410 129.4
1901420 129.4
1901430 129.4
1901440 129.4
1901450 129.4
1901460 129.4
1901470 129.4
1901480 129.5
1901490 129.5
1901500 129.5
1901510 129.5
1901520 129.5
1901530 129.5
1901540 129.6
1901550 129.6
1901560 129.6
1901570 129.6
1901580 129.6
1901590 129.6
1901600 129.6
1901610 129.6
1901620 129.6
1901630 129.5
1901640 129.5
1901650 129.5
1901660 129.5
1901670 129.6
1901680 129.6
1901690 129.6
1901700 129.6
1901710 129.6
1901720 129.7
1901730 129.6
1901740 129.6
1901750 129.6
1901760 129.6
1901770 129.6
1901780 129.6
1901790 129.6
1901800 129.6
1901810 129.6
1901820 129.6
1901830 129.6
1901840 129.6
1901850 129.5
1901860 129.5
1901870 129.5
1901880 129.5
1901890 129.5
1901900 129.5
1901910 129.5
1901920 129.5
1901930 129.5
1901940 129.5
1901950 129.5
1901960 129.6
1901970 129.6
1901980 129.6
1901990 129.6
1902000 129.7
1902010 129.7
1902020 129.7
1902030 129.7
1902040 129.7
1902050 129.7
1902060 129.8
1902070 129.8
1902080 129.8
1902090 129.8
1902100 129.8
1902110 129.8
1902120 129.8
1902130 129.8
1902140 129.8
1902150 129.8
1902160 129.8
1902170 129.8
1902180 129.8
1902190 129.8
1902200 129.8
1902210 129.8
1902220 129.8
1902230 129.8
1902240 129.7
1902250 129.8
1902260 129.8
1902270 129.7
1902280 129.7
1902290 129.7
1902300 129.8
1902310 129.8
1902320 129.9
1902330 129.8
1902340 129.8
1902350 129.6
1902360 129.5
1902370 129.5
1902380 129.6
1902390 129.7
1902400 129.7
1902410 129.6
1902420 129.6
1902430 129.6
1902440 129.6
1902450 129.6
1902460 129.6
1902470 129.6
1902480 129.5
1902490 129.5
1902500 129.5
1902510 129.6
1902520 129.6
1902530 129.5
1902540 129.5
1902550 129.5
1902560 129.4
1902570 129.4
1902580 129.4
1902590 129.4
1902600 129.4
1902610 129.4
1902620 129.4
1902630 129.4
1902640 129.4
1902650 129.4
1902660 129.5
1902670 129.5
1902680 129.5
1902690 129.4
1902700 129.4
1902710 129.4
1902720 129.4
1902730 129.3
1902740 129.3
1902750 129.4
1902760 129.4
1902770 129.4
1902780 129.5
1902790 129.6
1902800 129.6
1902810 129.5
1902820 129.3
1902830 129.3
1902840 129.1
1902850 128.9
1902860 128.9
1902870 129.0
1902880 129.1
1902890 129.1
1902900 129.3
1902910 129.4
1902920 129.4
1902930 129.3
1902940 129.3
1902950 129.3
1902960 129.2
1902970 129.2
1902980 129.2
1902990 129.3
1903000 129.4
1903010 129.4
1903020 129.5
1903030 129.7
1903040 129.7
1903050 129.7
1903060 129.8
1903070 129.8
1903080 129.8
1903090 129.8
1903100 129.8
1903110 129.9
1903120 130.0
1903130 130.0
1903140 130.1
1903150 130.1
1903160 130.1
1903170 130.2
1903180 130.2
1903190 130.2
1903200 129.9
1903210 129.9
1903220 129.9
1903230 130.0
1903240 130.0
1903250 130.0
1903260 130.0
1903270 129.9
1903280 129.9
1903290 129.9
1903300 129.9
1903310 129.9
1903320 129.9
1903330 129.9
1903340 129.9
1903350 129.9
1903360 129.9
1903370 129.9
1903380 129.9
1903390 130.0
1903400 130.0
1903410 130.0
1903420 129.9
1903430 129.9
1903440 129.9
1903450 129.9
1903460 129.9
1903470 130.0
1903480 130.1
1903490 130.1
1903500 130.1
1903510 130.0
1903520 130.0
1903530 130.0
1903540 129.9
1903550 129.9
1903560 130.0
1903570 129.9
1903580 129.9
1903590 130.0
1903600 129.9
1903610 129.9
1903620 129.9
1903630 129.9
1903640 129.9
1903650 129.9
1903660 129.9
1903670 129.9
1903680 129.9
1903690 129.9
1903700 129.8
1903710 129.8
1903720 129.8
1903730 129.8
1903740 129.8
1903750 129.8
1903760 129.7
1903770 129.7
1903780 129.8
1903790 129.7
1903800 129.7
1903810 129.7
1903820 129.5
1903830 129.5
1903840 129.6
1903850 129.6
1903860 129.6
1903870 129.6
1903880 129.6
1903890 129.6
1903900 129.6
1903910 129.6
1903920 129.6
1903930 129.5
1903940 129.6
1903950 129.6
1903960 129.7
1903970 129.6
1903980 129.6
1903990 129.5
1904000 129.4
1904010 129.4
1904020 129.4
1904030 129.3
1904040 129.3
1904050 129.3
1904060 129.3
1904070 129.3
1904080 129.2
1904090 129.3
1904100 129.2
1904110 129.3
1904120 129.3
1904130 129.3
1904140 129.3
1904150 129.3
1904160 129.3
1904170 129.3
1904180 129.2
1904190 129.2
1904200 129.2
1904210 129.2
1904220 129.2
1904230 129.2
1904240 129.2
1904250 129.2
1904260 129.2
1904270 129.2
1904280 129.2
1904290 129.1
1904300 129.1
1904310 129.1
1904320 129.0
1904330 129.0
1904340 129.0
1904350 129.0
1904360 129.0
1904370 129.0
1904380 129.1
1904390 129.1
1904400 129.1
1904410 129.1
1904420 129.0
1904430 129.0
1904440 129.0
1904450 129.0
1904460 129.0
1904470 129.1
1904480 128.9
1904490 128.9
1904500 129.0
1904510 129.1
1904520 129.1
1904530 129.1
1904540 129.2
1904550 129.2
1904560 129.1
1904570 129.1
1904580 129.1
1904590 129.2
1904600 129.2
1904610 129.2
1904620 129.3
1904630 129.4
1904640 129.4
1904650 129.3
1904660 129.3
1904670 129.3
1904680 129.3
1904690 129.4
1904700 129.3
1904710 129.3
1904720 129.2
1904730 129.2
1904740 129.2
1904750 129.1
1904760 129.1
1904770 129.1
1904780 129.0
1904790 129.1
1904800 129.1
1904810 129.2
1904820 129.1
1904830 129.1
1904840 129.0
1904850 129.0
1904860 129.0
1904870 129.1
1904880 129.0
1904890 129.0
1904900 129.0
1904910 129.0
1904920 129.0
1904930 129.1
1904940 129.1
1904950 129.1
1904960 129.0
1904970 129.1
1904980 129.1
1904990 129.2
1905000 129.1
1905010 129.1
1905020 129.0
1905030 129.1
1905040 129.1
1905050 129.1
1905060 129.0
1905070 129.0
1905080 129.0
1905090 129.1
1905100 129.1
1905110 129.1
1905120 129.0
1905130 129.0
1905140 129.0
1905150 129.0
1905160 129.0
1905170 128.9
1905180 129.0
1905190 129.0
1905200 128.9
1905210 128.9
1905220 128.9
1905230 128.9
1905240 128.9
1905250 128.9
1905260 128.9
1905270 129.0
1905280 129.0
1905290 129.2
1905300 129.2
1905310 129.2
1905320 129.1
1905330 129.1
1905340 129.1
1905350 128.9
1905360 128.7
1905370 128.7
1905380 128.7
1905390 128.7
1905400 128.7
1905410 128.7
1905420 128.7
1905430 128.7
1905440 128.7
1905450 128.7
1905460 128.7
1905470 128.7
1905480 128.7
1905490 128.7
1905500 128.7
1905510 128.6
1905520 128.6
1905530 128.6
1905540 128.6
1905550 128.6
1905560 128.6
1905570 128.6
1905580 128.6
1905590 128.6
1905600 128.7
1905610 128.7
1905620 128.7
1905630 128.7
1905640 128.7
1905650 128.7
1905660 128.6
1905670 128.6
1905680 128.5
1905690 128.4
1905700 128.5
1905710 128.5
1905720 128.6
1905730 128.5
1905740 128.5
1905750 128.5
1905760 128.5
1905770 128.5
1905780 128.4
1905790 128.4
1905800 128.4
1905810 128.4
1905820 128.4
1905830 128.4
1905840 128.3
1905850 128.3
1905860 128.3
1905870 128.3
1905880 128.4
1905890 128.4
1905900 128.4
1905910 128.5
1905920 128.5
1905930 128.4
1905940 128.4
1905950 128.4
1905960 128.4
1905970 128.5
1905980 128.5
1905990 128.7
1906000 128.7
1906010 128.7
1906020 128.8
1906030 128.8
1906040 128.8
1906050 128.7
1906060 128.6
1906070 128.6
1906080 128.5
1906090 128.6
1906100 128.6
1906110 128.6
1906120 128.7
1906130 128.7
1906140 128.7
1906150 128.7
1906160 128.7
1906170 128.7
1906180 128.7
1906190 128.7
1906200 128.6
1906210 128.6
1906220 128.6
1906230 128.6
1906240 128.6
1906250 128.6
1906260 128.7
1906270 128.7
1906280 128.7
1906290 128.7
1906300 128.7
1906310 128.7
1906320 128.7
1906330 128.6
1906340 128.6
1906350 128.5
1906360 128.4
1906370 128.4
1906380 128.3
1906390 128.4
1906400 128.4
1906410 128.4
1906420 128.4
1906430 128.4
1906440 128.4
1906450 128.4
1906460 128.4
1906470 128.4
1906480 128.4
1906490 128.4
1906500 128.6
1906510 128.6
1906520 128.6
1906530 128.7
1906540 128.8
1906550 128.8
1906560 128.8
1906570 128.9
1906580 128.9
1906590 129.0
