1900000 129.5
1900010 130.2
1900020 130.2
1900030 131.5
1900040 131.4
1900050 131.4
1900060 130.9
1900070 130.6
1900080 130.6
1900090 130.5
1900100 130.5
1900110 130.5
1900120 130.5
1900130 130.6
1900140 130.6
1900150 130.6
1900160 130.6
1900170 130.6
1900180 130.6
1900190 130.6
1900200 130.6
1900210 130.6
1900220 130.6
1900230 130.6
1900240 130.5
1900250 130.5
1900260 130.5
1900270 130.5
1900280 130.4
1900290 130.4
1900300 130.4
1900310 130.4
1900320 130.4
1900330 130.4
1900340 130.6
1900350 130.6
1900360 130.4
1900370 130.3
1900380 130.3
1900390 130.2
1900400 130.3
1900410 130.3
1900420 130.2
1900430 130.2
1900440 130.2
1900450 130.2
1900460 130.1
1900470 130.1
1900480 130.1
1900490 130.1
1900500 130.1
1900510 130.0
1900520 130.1
1900530 130.1
1900540 130.1
1900550 130.1
1900560 130.1
1900570 130.1
1900580 130.2
1900590 130.2
1900600 130.2
1900610 130.2
1900620 130.2
1900630 130.2
1900640 130.1
1900650 130.1
1900660 130.1
1900670 130.1
1900680 130.1
1900690 130.1
1900700 130.2
1900710 130.2
1900720 130.1
1900730 130.1
1900740 130.1
1900750 130.1
1900760 130.2
1900770 130.2
1900780 130.2
1900790 130.1
1900800 130.1
1900810 130.1
1900820 130.2
1900830 130.2
1900840 130.1
1900850 130.1
1900860 130.1
1900870 130.1
1900880 130.2
1900890 130.2
1900900 130.2
1900910 130.1
1900920 130.0
1900930 130.0
1900940 130.0
1900950 129.9
1900960 129.9
1900970 129.9
1900980 129.9
1900990 129.9
1901000 129.9
1901010 129.9
1901020 129.9
1901030 130.0
1901040 129.9
1901050 129.9
1901060 129.9
1901070 130.0
1901080 130.0
1901090 130.0
1901100 129.9
1901110 129.9
1901120 129.9
1901130 129.8
1901140 129.8
1901150 129.8
1901160 129.8
1901170 129.8
1901180 129.9
1901190 129.9
1901200 129.9
1901210 129.9
1901220 130.0
1901230 130.0
1901240 130.1
1901250 130.1
1901260 130.1
1901270 130.1
1901280 130.1
1901290 130.1
1901300 130.1
1901310 130.0
1901320 130.0
1901330 130.0
1901340 130.1
1901350 130.1
1901360 130.1
1901370 130.1
1901380 130.1
1901390 130.1
1901400 130.1
1901410 130.1
1901420 130.1
1901430 130.1
1901440 130.1
1901450 130.1
1901460 130.0
1901470 130.0
1901480 130.0
1901490 130.1
1901500 130.1
1901510 130.1
1901520 130.0
1901530 130.0
1901540 130.0
1901550 130.0
1901560 130.0
1901570 130.0
1901580 130.1
1901590 130.1
1901600 130.1
1901610 130.1
1901620 130.1
1901630 130.1
1901640 130.1
1901650 130.1
1901660 130.2
1901670 130.2
1901680 130.2
1901690 130.2
1901700 130.2
1901710 130.2
1901720 130.2
1901730 130.3
1901740 130.3
1901750 130.3
1901760 130.3
1901770 130.3
1901780 130.3
1901790 130.3
1901800 130.3
1901810 130.3
1901820 130.4
1901830 130.4
1901840 130.4
1901850 130.3
1901860 130.3
1901870 130.3
1901880 130.3
1901890 130.3
1901900 130.4
1901910 130.4
1901920 130.4
1901930 130.4
1901940 130.3
1901950 130.3
1901960 130.3
1901970 130.4
1901980 130.4
1901990 130.4
1902000 130.4
1902010 130.4
1902020 130.4
1902030 130.4
1902040 130.4
1902050 130.4
1902060 130.4
1902070 130.4
1902080 130.4
1902090 130.4
1902100 130.4
1902110 130.3
1902120 130.3
1902130 130.1
1902140 130.1
1902150 130.2
1902160 130.2
1902170 130.2
1902180 130.2
1902190 130.2
1902200 130.2
1902210 130.1
1902220 130.2
1902230 130.2
1902240 130.3
1902250 130.3
1902260 130.3
1902270 130.3
1902280 130.2
1902290 130.2
1902300 130.2
1902310 130.3
1902320 130.3
1902330 130.3
1902340 130.3
1902350 130.3
1902360 130.4
1902370 130.4
1902380 130.4
1902390 130.3
1902400 130.3
1902410 130.3
1902420 130.3
1902430 130.4
1902440 130.4
1902450 130.3
1902460 130.3
1902470 130.3
1902480 130.3
1902490 130.2
1902500 130.2
1902510 130.2
1902520 130.3
1902530 130.3
1902540 130.3
1902550 130.2
1902560 130.2
1902570 130.1
1902580 130.1
1902590 130.1
1902600 130.1
1902610 130.1
1902620 130.1
1902630 130.0
1902640 129.9
1902650 129.9
1902660 129.8
1902670 129.8
1902680 129.8
1902690 129.9
1902700 129.9
1902710 129.9
1902720 129.9
1902730 129.9
1902740 129.9
1902750 130.0
1902760 130.1
1902770 130.1
1902780 130.2
1902790 130.2
1902800 130.2
1902810 130.2
1902820 130.3
1902830 130.3
1902840 130.2
1902850 130.1
1902860 130.1
1902870 130.2
1902880 130.1
1902890 130.1
1902900 130.1
1902910 130.1
1902920 130.1
1902930 130.2
1902940 130.4
1902950 130.4
1902960 130.2
1902970 130.1
1902980 130.1
1902990 130.1
1903000 130.1
1903010 130.2
1903020 130.2
1903030 130.2
1903040 130.4
1903050 130.4
1903060 130.3
1903070 130.2
1903080 130.2
1903090 130.1
1903100 130.0
1903110 130.0
1903120 129.9
1903130 129.8
1903140 129.8
1903150 129.7
1903160 129.5
1903170 129.5
1903180 129.4
1903190 129.3
1903200 129.3
1903210 129.5
1903220 129.7
1903230 129.7
1903240 129.8
1903250 129.9
1903260 129.9
1903270 129.9
1903280 130.0
1903290 130.0
1903300 130.0
1903310 130.0
1903320 130.0
1903330 130.1
1903340 130.1
1903350 130.1
1903360 130.1
1903370 130.1
1903380 130.1
1903390 130.2
1903400 130.1
1903410 130.1
1903420 130.0
1903430 130.0
1903440 130.0
1903450 129.9
1903460 129.9
1903470 129.9
1903480 129.9
1903490 130.0
1903500 130.0
1903510 130.0
1903520 130.0
1903530 130.0
1903540 130.1
1903550 130.1
1903560 130.1
1903570 130.1
1903580 130.1
1903590 130.1
1903600 130.0
1903610 129.9
1903620 129.9
1903630 129.8
1903640 129.8
1903650 129.8
1903660 129.7
1903670 129.7
1903680 129.7
1903690 129.7
1903700 129.6
1903710 129.6
1903720 129.6
1903730 129.7
1903740 129.7
1903750 129.7
1903760 129.7
1903770 129.7
1903780 129.6
1903790 129.6
1903800 129.6
1903810 129.6
1903820 129.6
1903830 129.6
1903840 129.6
1903850 129.6
1903860 129.6
1903870 129.6
1903880 129.6
1903890 129.6
1903900 129.6
1903910 129.6
1903920 129.6
1903930 129.6
1903940 129.6
1903950 129.6
1903960 129.7
1903970 129.7
1903980 129.7
1903990 129.6
1904000 129.6
1904010 129.6
1904020 129.6
1904030 129.5
1904040 129.6
1904050 129.6
1904060 129.6
1904070 129.6
1904080 129.6
1904090 129.6
1904100 129.5
1904110 129.5
1904120 129.4
1904130 129.3
1904140 129.3
1904150 129.3
1904160 129.3
1904170 129.3
1904180 129.3
1904190 129.4
1904200 129.4
1904210 129.3
1904220 129.3
1904230 129.3
1904240 129.3
1904250 129.3
1904260 129.3
1904270 129.4
1904280 129.4
1904290 129.4
1904300 129.5
1904310 129.4
1904320 129.4
1904330 129.4
1904340 129.5
1904350 129.5
1904360 129.4
1904370 129.4
1904380 129.4
1904390 129.5
1904400 129.5
1904410 129.5
1904420 129.5
1904430 129.5
1904440 129.5
1904450 129.5
1904460 129.5
1904470 129.5
1904480 129.5
1904490 129.5
1904500 129.5
1904510 129.5
1904520 129.5
1904530 129.5
1904540 129.5
1904550 129.4
1904560 129.4
1904570 129.3
1904580 129.2
1904590 129.2
1904600 129.2
1904610 129.2
1904620 129.2
1904630 129.3
1904640 129.4
1904650 129.4
1904660 129.3
1904670 129.3
1904680 129.3
1904690 129.3
1904700 129.4
1904710 129.4
1904720 129.4
1904730 129.4
1904740 129.4
1904750 129.3
1904760 129.1
1904770 129.1
1904780 129.0
1904790 128.9
1904800 128.9
1904810 129.0
1904820 129.1
1904830 129.1
1904840 129.1
1904850 129.1
1904860 129.1
1904870 129.1
1904880 129.1
1904890 129.2
1904900 129.1
1904910 129.0
1904920 129.0
1904930 129.1
1904940 129.2
1904950 129.2
1904960 129.2
1904970 129.1
1904980 129.1
1904990 129.1
1905000 129.1
1905010 129.1
1905020 129.2
1905030 129.2
1905040 129.2
1905050 129.1
1905060 129.0
1905070 129.0
1905080 129.0
1905090 129.0
1905100 129.1
1905110 129.1
1905120 129.0
1905130 129.0
1905140 129.0
1905150 129.0
1905160 129.0
1905170 129.0
1905180 129.0
1905190 129.0
1905200 129.0
1905210 128.9
1905220 129.0
1905230 129.0
1905240 128.9
1905250 128.9
1905260 128.9
1905270 129.0
1905280 129.0
1905290 129.0
1905300 128.9
1905310 128.8
1905320 128.8
1905330 128.8
1905340 128.8
1905350 128.8
1905360 128.9
1905370 128.9
1905380 128.9
1905390 128.9
1905400 128.9
1905410 128.9
1905420 128.8
1905430 128.9
1905440 128.9
1905450 128.9
1905460 128.9
1905470 128.9
1905480 128.9
1905490 128.9
1905500 128.9
1905510 128.9
1905520 128.8
1905530 128.8
1905540 128.8
1905550 128.9
1905560 128.9
1905570 128.9
1905580 128.8
1905590 128.8
1905600 128.8
1905610 128.8
1905620 128.8
1905630 128.7
1905640 128.7
1905650 128.7
1905660 128.9
1905670 129.0
1905680 129.0
1905690 129.0
1905700 129.0
1905710 129.0
1905720 129.0
1905730 128.9
1905740 128.9
1905750 128.8
1905760 128.8
1905770 128.8
1905780 128.9
1905790 129.0
1905800 129.0
1905810 129.0
1905820 128.9
1905830 128.9
1905840 128.8
1905850 128.8
1905860 128.8
1905870 128.7
1905880 128.7
1905890 128.7
1905900 128.7
1905910 128.7
1905920 128.7
1905930 128.8
1905940 128.9
1905950 128.9
1905960 129.0
1905970 129.0
1905980 129.0
1905990 129.0
1906000 129.1
1906010 129.1
1906020 129.1
1906030 128.9
1906040 128.9
1906050 128.9
1906060 129.0
1906070 129.0
1906080 129.1
1906090 129.0
1906100 129.0
1906110 128.9
1906120 128.8
1906130 128.8
1906140 128.8
1906150 128.8
1906160 128.9
1906170 128.9
1906180 129.1
1906190 129.2
1906200 129.2
1906210 129.3
1906220 129.3
1906230 129.3
1906240 129.3
1906250 129.4
1906260 129.4
1906270 129.4
1906280 129.3
1906290 129.3
1906300 129.1
1906310 129.0
1906320 129.0
1906330 128.9
1906340 128.8
1906350 128.8
1906360 128.8
1906370 128.8
1906380 128.8
1906390 128.8
1906400 128.8
1906410 128.8
1906420 128.8
1906430 128.8
1906440 128.8
1906450 128.8
1906460 128.7
1906470 128.7
1906480 128.8
1906490 128.9
1906500 128.9
1906510 128.8
1906520 128.6
1906530 128.6
1906540 128.5
1906550 128.5
1906560 128.5
1906570 128.5
1906580 128.5
1906590 128.5
1906600 128.5
