1900000 129.9
1900010 130.0
1900020 130.0
1900030 130.0
1900040 130.0
1900050 130.0
1900060 130.0
1900070 130.1
1900080 130.4
1900090 130.4
1900100 131.5
1900110 130.3
1900120 130.0
1900130 130.0
1900140 130.1
1900150 131.1
1900160 131.1
1900170 130.5
1900180 130.5
1900190 130.5
1900200 130.5
1900210 130.8
1900220 130.8
1900230 130.4
1900240 130.4
1900250 130.4
1900260 130.4
1900270 130.4
1900280 130.4
1900290 130.4
1900300 130.3
1900310 130.3
1900320 130.3
1900330 130.3
1900340 130.3
1900350 130.2
1900360 130.3
1900370 130.3
1900380 130.2
1900390 130.2
1900400 130.2
1900410 130.1
1900420 130.1
1900430 130.1
1900440 130.1
1900450 130.1
1900460 130.1
1900470 130.1
1900480 130.0
1900490 130.0
1900500 130.3
1900510 131.3
1900520 131.3
1900530 131.5
1900540 129.9
1900550 129.9
1900560 129.2
1900570 129.9
1900580 129.9
1900590 131.5
1900600 130.8
1900610 130.8
1900620 130.2
1900630 130.0
1900640 130.0
1900650 129.9
1900660 129.9
1900670 129.9
1900680 129.9
1900690 129.9
1900700 129.9
1900710 129.9
1900720 129.9
1900730 129.9
1900740 129.9
1900750 129.8
1900760 129.8
1900770 129.8
1900780 129.7
1900790 129.8
1900800 129.7
1900810 129.8
1900820 129.8
1900830 129.8
1900840 129.9
1900850 129.9
1900860 129.9
1900870 129.9
1900880 129.9
1900890 129.9
1900900 129.9
1900910 129.9
1900920 129.9
1900930 129.8
1900940 129.8
1900950 129.8
1900960 129.9
1900970 129.9
1900980 130.0
1900990 130.0
1901000 130.0
1901010 130.0
1901020 129.9
1901030 129.9
1901040 129.9
1901050 129.9
1901060 129.9
1901070 129.8
1901080 129.8
1901090 129.8
1901100 129.8
1901110 129.8
1901120 129.8
1901130 129.8
1901140 129.8
1901150 129.8
1901160 129.8
1901170 129.8
1901180 129.8
1901190 129.8
1901200 129.8
1901210 129.8
1901220 129.8
1901230 129.7
1901240 129.7
1901250 129.7
1901260 129.6
1901270 129.6
1901280 129.6
1901290 129.6
1901300 129.7
1901310 129.7
1901320 129.7
1901330 129.7
1901340 129.7
1901350 129.8
1901360 129.7
1901370 129.7
1901380 129.7
1901390 129.9
1901400 129.9
1901410 129.9
1901420 129.9
1901430 129.9
1901440 130.0
1901450 129.9
1901460 129.9
1901470 129.8
1901480 129.8
1901490 129.8
1901500 129.7
1901510 129.8
1901520 129.8
1901530 129.8
1901540 129.7
1901550 129.7
1901560 129.7
1901570 129.7
1901580 129.7
1901590 129.7
1901600 129.8
1901610 129.8
1901620 129.8
1901630 129.8
1901640 129.8
1901650 129.7
1901660 129.8
1901670 129.8
1901680 129.9
1901690 129.9
1901700 129.9
1901710 130.0
1901720 130.0
1901730 130.0
1901740 130.1
1901750 130.1
1901760 130.1
1901770 130.1
1901780 130.1
1901790 130.1
1901800 130.1
1901810 130.0
1901820 130.0
1901830 130.0
1901840 130.0
1901850 130.0
1901860 130.0
1901870 130.0
1901880 130.0
1901890 130.0
1901900 130.0
1901910 130.0
1901920 130.0
1901930 129.9
1901940 129.9
1901950 129.9
1901960 129.9
1901970 129.9
1901980 129.9
1901990 129.9
1902000 129.9
1902010 129.9
1902020 130.0
1902030 129.9
1902040 130.0
1902050 130.0
1902060 130.0
1902070 130.0
1902080 130.0
1902090 130.0
1902100 130.0
1902110 130.1
1902120 130.1
1902130 130.2
1902140 130.2
1902150 130.2
1902160 130.2
1902170 130.1
1902180 130.1
1902190 130.1
1902200 130.1
1902210 130.1
1902220 130.1
1902230 130.0
1902240 130.1
1902250 130.1
1902260 130.0
1902270 130.0
1902280 130.0
1902290 129.9
1902300 129.9
1902310 129.9
1902320 130.0
1902330 130.0
1902340 130.0
1902350 130.0
1902360 130.0
1902370 130.0
1902380 130.0
1902390 130.0
1902400 130.0
1902410 130.0
1902420 130.0
1902430 130.0
1902440 129.9
1902450 130.0
1902460 130.0
1902470 130.0
1902480 129.9
1902490 129.9
1902500 129.9
1902510 129.9
1902520 129.9
1902530 129.9
1902540 129.9
1902550 129.9
1902560 129.9
1902570 129.8
1902580 129.8
1902590 129.9
1902600 129.9
1902610 129.9
1902620 129.9
1902630 129.8
1902640 129.8
1902650 129.9
1902660 130.0
1902670 130.0
1902680 129.9
1902690 129.9
1902700 129.9
1902710 129.8
1902720 129.9
1902730 129.9
1902740 129.9
1902750 129.9
1902760 129.9
1902770 129.9
1902780 129.9
1902790 129.9
1902800 129.9
1902810 129.8
1902820 129.8
1902830 129.7
1902840 129.7
1902850 129.7
1902860 129.7
1902870 129.7
1902880 129.7
1902890 129.7
1902900 129.0
1902910 129.0
1902920 129.1
1902930 128.9
1902940 128.9
1902950 129.0
1902960 129.2
1902970 129.2
1902980 129.3
1902990 129.5
1903000 129.5
1903010 129.5
1903020 129.6
1903030 129.6
1903040 129.7
1903050 129.8
1903060 129.8
1903070 130.1
1903080 130.1
1903090 130.1
1903100 130.1
1903110 130.1
1903120 130.1
1903130 130.1
1903140 130.1
1903150 130.1
1903160 130.2
1903170 130.2
1903180 130.2
1903190 130.3
1903200 130.3
1903210 130.3
1903220 130.2
1903230 130.2
1903240 130.2
1903250 130.2
1903260 130.1
1903270 130.1
1903280 130.1
1903290 130.1
1903300 130.0
1903310 130.0
1903320 130.1
1903330 130.0
1903340 130.0
1903350 130.1
1903360 130.1
1903370 130.1
1903380 130.1
1903390 130.0
1903400 130.0
1903410 130.0
1903420 130.0
1903430 130.0
1903440 130.0
1903450 129.9
1903460 129.9
1903470 129.9
1903480 129.8
1903490 129.8
1903500 129.7
1903510 129.6
1903520 129.6
1903530 129.6
1903540 129.5
1903550 129.5
1903560 129.5
1903570 129.5
1903580 129.5
1903590 129.5
1903600 129.5
1903610 129.5
1903620 129.5
1903630 129.5
1903640 129.5
1903650 129.5
1903660 129.5
1903670 129.5
1903680 129.5
1903690 129.6
1903700 129.6
1903710 129.5
1903720 129.5
1903730 129.5
1903740 129.5
1903750 129.6
1903760 129.6
1903770 129.6
1903780 129.6
1903790 129.6
1903800 129.6
1903810 129.6
1903820 129.6
1903830 129.6
1903840 129.6
1903850 129.6
1903860 129.6
1903870 129.6
1903880 129.6
1903890 129.6
1903900 129.6
1903910 129.6
1903920 129.6
1903930 129.5
1903940 129.5
1903950 129.6
1903960 129.5
1903970 129.5
1903980 129.5
1903990 129.5
1904000 129.5
1904010 129.4
1904020 129.4
1904030 129.4
1904040 129.4
1904050 129.4
1904060 129.4
1904070 129.4
1904080 129.3
1904090 129.3
1904100 129.3
1904110 129.3
1904120 129.3
1904130 129.3
1904140 129.4
1904150 129.4
1904160 129.4
1904170 129.4
1904180 129.4
1904190 129.4
1904200 129.5
1904210 129.5
1904220 129.5
1904230 129.5
1904240 129.5
1904250 129.5
1904260 129.5
1904270 129.4
1904280 129.4
1904290 129.3
1904300 129.3
1904310 129.3
1904320 129.3
1904330 129.3
1904340 129.3
1904350 129.4
1904360 129.4
1904370 129.4
1904380 129.3
1904390 129.3
1904400 129.3
1904410 129.3
1904420 129.3
1904430 129.3
1904440 129.2
1904450 129.2
1904460 129.2
1904470 129.3
1904480 129.2
1904490 129.2
1904500 129.2
1904510 129.2
1904520 129.2
1904530 129.2
1904540 129.2
1904550 129.2
1904560 129.2
1904570 129.3
1904580 129.3
1904590 129.3
1904600 129.4
1904610 129.4
1904620 129.4
1904630 129.4
1904640 129.4
1904650 129.4
1904660 129.4
1904670 129.4
1904680 129.3
1904690 129.3
1904700 129.3
1904710 129.4
1904720 129.3
1904730 129.3
1904740 129.4
1904750 129.4
1904760 129.4
1904770 129.4
1904780 129.4
1904790 129.4
1904800 129.3
1904810 129.2
1904820 129.2
1904830 129.2
1904840 129.2
1904850 129.2
1904860 129.2
1904870 129.2
1904880 129.2
1904890 129.2
1904900 129.3
1904910 129.3
1904920 129.3
1904930 129.3
1904940 129.3
1904950 129.3
1904960 129.4
1904970 129.4
1904980 129.2
1904990 129.1
1905000 129.1
1905010 129.1
1905020 129.0
1905030 129.0
1905040 129.0
1905050 128.9
1905060 128.9
1905070 128.9
1905080 129.0
1905090 129.0
1905100 129.0
1905110 128.9
1905120 128.9
1905130 128.8
1905140 128.7
1905150 128.7
1905160 128.8
1905170 128.8
1905180 128.8
1905190 128.7
1905200 128.7
1905210 128.7
1905220 128.8
1905230 128.8
1905240 128.8
1905250 128.7
1905260 128.7
1905270 128.7
1905280 128.7
1905290 128.6
1905300 128.5
1905310 128.5
1905320 128.5
1905330 128.5
1905340 128.5
1905350 128.5
1905360 128.6
1905370 128.6
1905380 128.6
1905390 128.7
1905400 128.7
1905410 128.8
1905420 128.9
1905430 128.9
1905440 128.8
1905450 128.7
1905460 128.7
1905470 128.6
1905480 128.6
1905490 128.6
1905500 128.7
1905510 128.7
1905520 128.7
1905530 128.7
1905540 128.6
1905550 128.6
1905560 128.6
1905570 128.7
1905580 128.7
1905590 128.9
1905600 128.8
1905610 128.8
1905620 128.7
1905630 128.6
1905640 128.6
1905650 128.5
1905660 128.4
1905670 128.4
1905680 128.4
1905690 128.5
1905700 128.5
1905710 128.5
1905720 128.6
1905730 128.6
1905740 128.6
1905750 128.7
1905760 128.7
1905770 128.8
1905780 128.9
1905790 128.9
1905800 129.0
1905810 129.1
1905820 129.1
1905830 129.1
1905840 129.0
1905850 129.0
1905860 129.0
1905870 129.0
1905880 129.0
1905890 128.9
1905900 128.8
1905910 128.8
1905920 128.7
1905930 128.7
1905940 128.7
1905950 128.7
1905960 128.9
1905970 128.9
1905980 129.1
1905990 129.1
1906000 129.1
1906010 129.1
1906020 129.1
1906030 129.1
1906040 129.0
1906050 128.8
1906060 128.8
1906070 128.8
1906080 128.8
1906090 128.8
1906100 128.7
1906110 128.7
1906120 128.7
1906130 128.7
1906140 128.7
1906150 128.7
1906160 128.7
1906170 128.7
1906180 128.7
1906190 128.7
1906200 128.7
1906210 128.7
1906220 128.8
1906230 128.8
1906240 128.8
1906250 128.8
1906260 128.9
1906270 128.9
1906280 128.9
1906290 129.0
1906300 129.0
1906310 129.0
1906320 128.9
1906330 129.0
1906340 128.9
1906350 128.9
1906360 128.9
1906370 128.9
1906380 128.8
1906390 128.8
1906400 128.8
1906410 128.8
1906420 128.8
1906430 128.8
1906440 128.8
1906450 128.8
1906460 128.8
1906470 128.8
1906480 128.7
1906490 128.7
1906500 128.6
1906510 128.6
1906520 128.6
1906530 128.7
1906540 128.6
1906550 128.6
1906560 128.5
1906570 128.5
1906580 128.5
1906590 128.3
