1900000 130.3
1900010 130.3
1900020 130.3
1900030 130.3
1900040 130.3
1900050 130.3
1900060 130.3
1900070 130.4
1900080 130.4
1900090 130.6
1900100 130.5
1900110 130.5
1900120 130.5
1900130 130.6
1900140 130.6
1900150 130.6
1900160 130.6
1900170 130.6
1900180 130.6
1900190 130.6
1900200 130.6
1900210 130.6
1900220 130.6
1900230 130.6
1900240 130.5
1900250 130.5
1900260 130.5
1900270 130.4
1900280 130.4
1900290 130.4
1900300 130.3
1900310 130.3
1900320 130.3
1900330 130.3
1900340 130.3
1900350 130.3
1900360 130.3
1900370 130.3
1900380 130.3
1900390 130.3
1900400 130.3
1900410 130.4
1900420 130.4
1900430 130.5
1900440 130.4
1900450 130.4
1900460 130.3
1900470 130.2
1900480 130.2
1900490 130.2
1900500 130.2
1900510 130.2
1900520 130.2
1900530 130.4
1900540 130.4
1900550 130.3
1900560 130.2
1900570 130.2
1900580 130.2
1900590 130.2
1900600 130.2
1900610 130.2
1900620 130.2
1900630 130.2
1900640 130.2
1900650 130.2
1900660 130.2
1900670 130.2
1900680 130.1
1900690 130.1
1900700 130.2
1900710 130.1
1900720 130.1
1900730 130.1
1900740 130.0
1900750 130.0
1900760 129.9
1900770 129.9
1900780 129.9
1900790 130.0
1900800 130.1
1900810 130.1
1900820 130.1
1900830 130.1
1900840 130.1
1900850 130.2
1900860 130.4
1900870 130.4
1900880 130.4
1900890 130.5
1900900 130.5
1900910 130.5
1900920 130.6
1900930 130.6
1900940 130.5
1900950 130.5
1900960 130.5
1900970 130.5
1900980 130.4
1900990 130.4
1901000 130.4
1901010 130.3
1901020 130.3
1901030 130.2
1901040 130.1
1901050 130.1
1901060 130.1
1901070 130.2
1901080 130.2
1901090 130.3
1901100 130.3
1901110 130.3
1901120 130.3
1901130 130.4
1901140 130.4
1901150 130.4
1901160 130.5
1901170 130.5
1901180 130.6
1901190 130.6
1901200 130.6
1901210 130.5
1901220 130.5
1901230 130.5
1901240 130.5
1901250 130.5
1901260 130.5
1901270 130.5
1901280 130.4
1901290 130.4
1901300 130.3
1901310 130.2
1901320 130.2
1901330 130.2
1901340 130.2
1901350 130.2
1901360 130.3
1901370 130.3
1901380 130.3
1901390 130.3
1901400 130.3
1901410 130.3
1901420 130.3
1901430 130.2
1901440 130.2
1901450 130.2
1901460 130.3
1901470 130.3
1901480 130.3
1901490 130.4
1901500 130.4
1901510 130.4
1901520 130.5
1901530 130.5
1901540 130.5
1901550 130.5
1901560 130.5
1901570 130.5
1901580 130.5
1901590 130.5
1901600 130.5
1901610 130.5
1901620 130.4
1901630 130.4
1901640 130.4
1901650 130.4
1901660 130.4
1901670 130.3
1901680 130.3
1901690 130.3
1901700 130.3
1901710 130.2
1901720 130.2
1901730 130.2
1901740 130.2
1901750 130.2
1901760 130.3
1901770 130.3
1901780 130.3
1901790 130.4
1901800 130.4
1901810 130.4
1901820 130.3
1901830 130.3
1901840 130.3
1901850 130.3
1901860 130.3
1901870 130.3
1901880 130.3
1901890 130.3
1901900 130.3
1901910 130.3
1901920 130.3
1901930 130.3
1901940 130.3
1901950 130.3
1901960 130.3
1901970 130.3
1901980 130.3
1901990 130.3
1902000 130.3
1902010 130.3
1902020 130.3
1902030 130.3
1902040 130.3
1902050 130.3
1902060 130.3
1902070 130.4
1902080 130.4
1902090 130.3
1902100 130.3
1902110 130.3
1902120 130.2
1902130 130.2
1902140 130.2
1902150 130.3
1902160 130.3
1902170 130.3
1902180 130.3
1902190 130.3
1902200 130.3
1902210 130.3
1902220 130.3
1902230 130.3
1902240 130.3
1902250 130.3
1902260 130.3
1902270 130.2
1902280 130.2
1902290 130.2
1902300 130.2
1902310 130.3
1902320 130.3
1902330 130.2
1902340 130.2
1902350 130.2
1902360 130.3
1902370 130.4
1902380 130.4
1902390 130.4
1902400 130.4
1902410 130.4
1902420 130.5
1902430 130.5
1902440 130.5
1902450 130.5
1902460 130.4
1902470 130.2
1902480 130.2
1902490 130.1
1902500 130.2
1902510 130.2
1902520 130.2
1902530 130.2
1902540 130.2
1902550 130.3
1902560 130.3
1902570 130.3
1902580 130.3
1902590 130.2
1902600 130.2
1902610 130.2
1902620 130.2
1902630 130.2
1902640 130.2
1902650 130.2
1902660 130.2
1902670 130.2
1902680 130.1
1902690 130.1
1902700 130.0
1902710 130.2
1902720 130.2
1902730 130.2
1902740 130.1
1902750 130.1
1902760 130.0
1902770 130.0
1902780 130.0
1902790 130.1
1902800 129.9
1902810 129.9
1902820 129.9
1902830 129.9
1902840 129.9
1902850 129.8
1902860 129.6
1902870 129.6
1902880 129.6
1902890 129.6
1902900 129.6
1902910 129.6
1902920 129.6
1902930 129.6
1902940 129.6
1902950 129.6
1902960 129.6
1902970 129.5
1902980 129.6
1902990 129.6
1903000 129.6
1903010 129.7
1903020 129.7
1903030 129.8
1903040 129.9
1903050 129.9
1903060 130.1
1903070 130.1
1903080 130.1
1903090 130.0
1903100 129.9
1903110 129.9
1903120 129.8
1903130 129.6
1903140 129.6
1903150 129.5
1903160 129.8
1903170 129.8
1903180 130.0
1903190 130.0
1903200 130.0
1903210 129.9
1903220 129.9
1903230 129.9
1903240 129.9
1903250 130.0
1903260 130.0
1903270 130.0
1903280 130.0
1903290 130.0
1903300 130.0
1903310 130.0
1903320 130.0
1903330 130.0
1903340 130.0
1903350 130.0
1903360 129.9
1903370 129.9
1903380 129.9
1903390 129.9
1903400 129.9
1903410 129.9
1903420 129.9
1903430 129.8
1903440 129.8
1903450 129.9
1903460 129.7
1903470 129.7
1903480 129.6
1903490 129.5
1903500 129.5
1903510 129.5
1903520 129.6
1903530 129.6
1903540 129.5
1903550 129.6
1903560 129.6
1903570 129.6
1903580 129.6
1903590 129.4
1903600 129.4
1903610 129.3
1903620 129.2
1903630 129.2
1903640 129.1
1903650 129.1
1903660 129.1
1903670 129.1
1903680 129.1
1903690 129.1
1903700 129.1
1903710 129.1
1903720 129.1
1903730 129.1
1903740 129.1
1903750 129.1
1903760 129.1
1903770 129.0
1903780 129.0
1903790 129.0
1903800 129.0
1903810 129.0
1903820 129.0
1903830 128.9
1903840 128.9
1903850 128.9
1903860 129.0
1903870 129.0
1903880 129.0
1903890 129.0
1903900 129.0
1903910 129.0
1903920 128.9
1903930 128.9
1903940 129.0
1903950 129.0
1903960 129.0
1903970 129.0
1903980 129.0
1903990 129.0
1904000 129.2
1904010 129.4
1904020 129.4
1904030 129.5
1904040 129.5
1904050 129.5
1904060 129.5
1904070 129.5
1904080 129.5
1904090 129.5
1904100 129.6
1904110 129.6
1904120 129.5
1904130 129.6
1904140 129.6
1904150 129.6
1904160 129.6
1904170 129.6
1904180 129.6
1904190 129.6
1904200 129.6
1904210 129.5
1904220 129.5
1904230 129.5
1904240 129.4
1904250 129.4
1904260 129.4
1904270 129.4
1904280 129.5
1904290 129.5
1904300 129.6
1904310 129.4
1904320 129.4
1904330 129.4
1904340 129.4
1904350 129.4
1904360 129.5
1904370 129.5
1904380 129.5
1904390 129.4
1904400 129.5
1904410 129.5
1904420 129.5
1904430 129.5
1904440 129.5
1904450 129.4
1904460 129.4
1904470 129.3
1904480 129.3
1904490 129.3
1904500 129.3
1904510 129.3
1904520 129.3
1904530 129.3
1904540 129.3
1904550 129.4
1904560 129.4
1904570 129.4
1904580 129.4
1904590 129.4
1904600 129.4
1904610 129.4
1904620 129.4
1904630 129.4
1904640 129.4
1904650 129.4
1904660 129.4
1904670 129.3
1904680 129.3
1904690 129.3
1904700 129.4
1904710 129.4
1904720 129.4
1904730 129.3
1904740 129.2
1904750 129.2
1904760 129.2
1904770 129.2
1904780 129.2
1904790 129.2
1904800 129.2
1904810 129.2
1904820 129.3
1904830 129.4
1904840 129.4
1904850 129.4
1904860 129.5
1904870 129.5
1904880 129.6
1904890 129.6
1904900 129.6
1904910 129.5
1904920 129.5
1904930 129.5
1904940 129.4
1904950 129.4
1904960 129.4
1904970 129.4
1904980 129.3
1904990 129.3
1905000 129.2
1905010 129.2
1905020 129.2
1905030 129.2
1905040 129.2
1905050 129.2
1905060 129.1
1905070 129.1
1905080 129.1
1905090 129.1
1905100 129.1
1905110 129.1
1905120 129.1
1905130 129.1
1905140 129.1
1905150 129.1
1905160 129.1
1905170 129.1
1905180 129.1
1905190 129.1
1905200 129.1
1905210 129.2
1905220 129.2
1905230 129.2
1905240 129.2
1905250 129.2
1905260 129.2
1905270 129.2
1905280 129.3
1905290 129.3
1905300 129.2
1905310 129.0
1905320 129.0
1905330 129.0
1905340 129.1
1905350 129.1
1905360 129.0
1905370 128.9
1905380 128.9
1905390 129.0
1905400 128.9
1905410 128.9
1905420 128.9
1905430 128.9
1905440 128.9
1905450 129.0
1905460 129.1
1905470 129.1
1905480 129.1
1905490 129.1
1905500 129.1
1905510 129.1
1905520 129.2
1905530 129.2
1905540 129.2
1905550 129.1
1905560 129.1
1905570 129.0
1905580 128.9
1905590 128.9
1905600 129.0
1905610 129.1
1905620 129.1
1905630 129.0
1905640 128.9
1905650 129.0
1905660 129.0
1905670 129.0
1905680 129.1
1905690 129.1
1905700 129.3
1905710 129.4
1905720 129.4
1905730 129.4
1905740 129.3
1905750 129.3
1905760 129.2
1905770 129.3
1905780 129.3
1905790 129.3
1905800 129.3
1905810 129.3
1905820 129.4
1905830 129.3
1905840 129.3
1905850 129.2
1905860 129.1
1905870 129.1
1905880 129.3
1905890 129.4
1905900 129.4
1905910 129.3
1905920 129.3
1905930 129.3
1905940 129.2
1905950 129.1
1905960 129.1
1905970 129.0
1905980 129.0
1905990 129.0
1906000 129.1
1906010 129.2
1906020 129.2
1906030 129.2
1906040 129.1
1906050 129.1
1906060 129.1
1906070 129.0
1906080 129.0
1906090 129.0
1906100 129.0
1906110 129.0
1906120 129.0
1906130 129.1
1906140 129.1
1906150 129.1
1906160 129.1
1906170 129.1
1906180 129.0
1906190 128.9
1906200 128.9
1906210 128.9
1906220 128.9
1906230 128.9
1906240 128.9
1906250 129.0
1906260 129.0
1906270 128.9
1906280 128.8
1906290 128.8
1906300 128.8
1906310 128.7
1906320 128.7
1906330 128.8
1906340 128.8
1906350 128.8
1906360 128.8
1906370 128.7
1906380 128.7
1906390 128.7
1906400 128.6
1906410 128.6
1906420 128.6
1906430 128.7
1906440 128.7
1906450 128.7
1906460 128.7
1906470 128.7
1906480 128.6
1906490 128.7
1906500 128.7
1906510 128.7
1906520 128.8
1906530 128.8
1906540 128.9
1906550 128.8
1906560 128.8
1906570 128.9
1906580 129.0
1906590 129.0
1906600 129.0
