1900000 131.0
1900010 130.9
1900020 130.9
1900030 130.9
1900040 130.9
1900050 130.9
1900060 130.9
1900070 130.9
1900080 130.9
1900090 131.0
1900100 131.1
1900110 131.1
1900120 131.1
1900130 131.0
1900140 131.0
1900150 131.0
1900160 131.0
1900170 131.0
1900180 131.1
1900190 130.9
1900200 130.9
1900210 131.0
1900220 131.1
1900230 131.1
1900240 131.1
1900250 131.1
1900260 131.1
1900270 131.1
1900280 131.1
1900290 131.1
1900300 131.1
1900310 131.3
1900320 131.3
1900330 131.3
1900340 130.9
1900350 130.9
1900360 131.0
1900370 131.2
1900380 131.2
1900390 130.8
1900400 130.9
1900410 130.9
1900420 130.9
1900430 130.9
1900440 130.9
1900450 130.9
1900460 130.9
1900470 130.9
1900480 130.9
1900490 131.0
1900500 131.0
1900510 131.1
1900520 131.2
1900530 131.2
1900540 131.2
1900550 131.1
1900560 131.1
1900570 131.1
1900580 131.1
1900590 131.1
1900600 131.1
1900610 131.1
1900620 131.1
1900630 131.1
1900640 131.0
1900650 131.0
1900660 131.0
1900670 131.0
1900680 131.0
1900690 131.0
1900700 131.0
1900710 131.0
1900720 131.1
1900730 131.1
1900740 131.1
1900750 131.2
1900760 131.2
1900770 131.2
1900780 131.2
1900790 131.1
1900800 131.1
1900810 131.1
1900820 131.1
1900830 131.0
1900840 131.0
1900850 131.0
1900860 131.0
1900870 131.0
1900880 131.0
1900890 131.1
1900900 131.1
1900910 131.1
1900920 131.1
1900930 131.1
1900940 131.2
1900950 131.2
1900960 131.2
1900970 131.3
1900980 131.3
1900990 131.3
1901000 131.4
1901010 131.4
1901020 131.4
1901030 131.4
1901040 131.4
1901050 131.4
1901060 131.4
1901070 131.5
1901080 131.5
1901090 131.5
1901100 131.5
1901110 131.5
1901120 131.4
1901130 131.5
1901140 131.5
1901150 131.5
1901160 131.4
1901170 131.4
1901180 131.4
1901190 131.4
1901200 131.4
1901210 131.4
1901220 131.4
1901230 131.4
1901240 131.4
1901250 131.3
1901260 131.3
1901270 131.3
1901280 131.3
1901290 131.3
1901300 131.4
1901310 131.3
1901320 131.3
1901330 131.3
1901340 131.4
1901350 131.4
1901360 131.5
1901370 131.5
1901380 131.5
1901390 131.3
1901400 131.2
1901410 131.2
1901420 131.1
1901430 131.0
1901440 131.0
1901450 130.9
1901460 130.9
1901470 130.9
1901480 131.0
1901490 131.0
1901500 131.0
1901510 130.9
1901520 130.9
1901530 130.9
1901540 130.9
1901550 130.8
1901560 130.8
1901570 130.9
1901580 130.9
1901590 130.9
1901600 130.8
1901610 130.8
1901620 130.8
1901630 130.9
1901640 130.9
1901650 130.9
1901660 130.9
1901670 130.8
1901680 130.8
1901690 130.8
1901700 130.8
1901710 130.8
1901720 130.7
1901730 130.7
1901740 130.8
1901750 130.8
1901760 130.7
1901770 130.7
1901780 130.6
1901790 130.5
1901800 130.5
1901810 130.3
1901820 130.2
1901830 130.2
1901840 130.2
1901850 130.2
1901860 130.2
1901870 130.2
1901880 130.2
1901890 130.1
1901900 130.1
1901910 130.3
1901920 130.4
1901930 130.4
1901940 130.5
1901950 130.6
1901960 130.6
1901970 130.7
1901980 130.7
1901990 130.7
1902000 130.8
1902010 130.8
1902020 130.8
1902030 130.8
1902040 130.8
1902050 130.8
1902060 130.8
1902070 130.7
1902080 130.7
1902090 130.8
1902100 131.1
1902110 131.1
1902120 131.2
1902130 131.1
1902140 131.1
1902150 131.1
1902160 130.9
1902170 130.9
1902180 130.8
1902190 130.7
1902200 130.7
1902210 130.7
1902220 130.7
1902230 130.7
1902240 130.6
1902250 130.5
1902260 130.5
1902270 130.5
1902280 130.5
1902290 130.5
1902300 130.5
1902310 130.5
1902320 130.5
1902330 130.5
1902340 130.4
1902350 130.4
1902360 130.4
1902370 130.4
1902380 130.4
1902390 130.3
1902400 130.4
1902410 130.4
1902420 130.5
1902430 130.5
1902440 130.5
1902450 130.5
1902460 130.4
1902470 130.4
1902480 130.3
1902490 130.4
1902500 130.4
1902510 130.6
1902520 130.7
1902530 130.7
1902540 130.5
1902550 130.3
1902560 130.3
1902570 130.2
1902580 130.2
1902590 130.2
1902600 130.3
1902610 130.4
1902620 130.4
1902630 130.3
1902640 130.3
1902650 130.3
1902660 130.3
1902670 130.3
1902680 130.3
1902690 130.4
1902700 130.4
1902710 130.4
1902720 130.4
1902730 130.4
1902740 130.4
1902750 130.4
1902760 130.3
1902770 130.3
1902780 130.3
1902790 130.3
1902800 130.3
1902810 130.3
1902820 130.3
1902830 130.3
1902840 130.4
1902850 130.4
1902860 130.4
1902870 130.4
1902880 130.4
1902890 130.4
1902900 130.5
1902910 130.6
1902920 130.6
1902930 130.6
1902940 130.6
1902950 130.6
1902960 130.6
1902970 130.5
1902980 130.6
1902990 130.5
1903000 130.5
1903010 130.5
1903020 130.5
1903030 130.6
1903040 130.6
1903050 130.6
1903060 130.6
1903070 130.5
1903080 130.5
1903090 130.7
1903100 130.9
1903110 130.9
1903120 130.7
1903130 130.4
1903140 130.4
1903150 130.4
1903160 130.4
1903170 130.4
1903180 130.5
1903190 130.5
1903200 130.5
1903210 130.5
1903220 130.5
1903230 130.5
1903240 130.5
1903250 130.4
1903260 130.4
1903270 130.4
1903280 130.3
1903290 130.3
1903300 130.3
1903310 130.2
1903320 130.2
1903330 130.2
1903340 130.2
1903350 130.2
1903360 130.2
1903370 130.3
1903380 130.3
1903390 130.3
1903400 130.3
1903410 130.3
1903420 130.2
1903430 130.1
1903440 130.1
1903450 130.1
1903460 130.1
1903470 130.1
1903480 130.2
1903490 130.2
1903500 130.2
1903510 130.2
1903520 130.2
1903530 130.2
1903540 130.2
1903550 130.1
1903560 130.1
1903570 130.2
1903580 130.2
1903590 130.2
1903600 130.2
1903610 130.2
1903620 130.2
1903630 130.2
1903640 130.2
1903650 130.2
1903660 130.1
1903670 130.1
1903680 130.1
1903690 130.1
1903700 130.1
1903710 130.1
1903720 130.1
1903730 130.2
1903740 130.2
1903750 130.2
1903760 130.2
1903770 130.2
1903780 130.2
1903790 130.2
1903800 130.2
1903810 130.1
1903820 130.0
1903830 130.0
1903840 130.0
1903850 130.0
1903860 130.0
1903870 130.0
1903880 130.0
1903890 130.0
1903900 130.0
1903910 130.0
1903920 130.0
1903930 130.0
1903940 130.0
1903950 130.0
1903960 130.0
1903970 130.0
1903980 130.0
1903990 130.0
1904000 130.0
1904010 130.0
1904020 130.1
1904030 130.1
1904040 130.1
1904050 130.0
1904060 130.0
1904070 130.0
1904080 130.0
1904090 130.0
1904100 130.1
1904110 130.1
1904120 130.3
1904130 130.5
1904140 130.5
1904150 130.2
1904160 130.2
1904170 130.2
1904180 130.1
1904190 130.1
1904200 130.1
1904210 130.1
1904220 130.2
1904230 130.2
1904240 130.2
1904250 130.2
1904260 130.2
1904270 130.2
1904280 130.2
1904290 130.2
1904300 130.5
1904310 130.6
1904320 130.6
1904330 130.6
1904340 130.5
1904350 130.5
1904360 130.4
1904370 130.2
1904380 130.2
1904390 130.1
1904400 129.9
1904410 129.9
1904420 129.9
1904430 129.8
1904440 129.8
1904450 129.8
1904460 129.7
1904470 129.7
1904480 129.7
1904490 129.6
1904500 129.6
1904510 129.5
1904520 129.5
1904530 129.5
1904540 129.5
1904550 129.6
1904560 129.6
1904570 129.6
1904580 129.6
1904590 129.6
1904600 129.6
1904610 129.6
1904620 129.6
1904630 129.5
1904640 129.5
1904650 129.5
1904660 129.5
1904670 129.5
1904680 129.5
1904690 129.6
1904700 129.5
1904710 129.5
1904720 129.6
1904730 129.6
1904740 129.6
1904750 129.7
1904760 129.8
1904770 129.8
1904780 129.9
1904790 129.9
1904800 129.9
1904810 130.0
1904820 130.1
1904830 130.1
1904840 130.1
1904850 130.1
1904860 130.1
1904870 130.1
1904880 130.0
1904890 130.0
1904900 130.0
1904910 130.0
1904920 130.0
1904930 130.1
1904940 130.1
1904950 130.1
1904960 130.0
1904970 130.0
1904980 130.0
1904990 130.0
1905000 130.0
1905010 130.0
1905020 130.0
1905030 130.0
1905040 130.0
1905050 130.0
1905060 130.0
1905070 130.0
1905080 130.1
1905090 130.1
1905100 130.1
1905110 130.1
1905120 130.1
1905130 130.1
1905140 130.1
1905150 130.1
1905160 130.1
1905170 130.1
1905180 130.1
1905190 130.0
1905200 130.0
1905210 130.0
1905220 130.0
1905230 130.0
1905240 130.0
1905250 130.0
1905260 130.0
1905270 130.1
1905280 130.1
1905290 130.1
1905300 130.1
1905310 130.3
1905320 130.3
1905330 130.3
1905340 130.3
1905350 130.3
1905360 130.3
1905370 130.3
1905380 130.3
1905390 130.2
1905400 130.2
1905410 130.2
1905420 130.2
1905430 130.3
1905440 130.3
1905450 130.3
1905460 130.4
1905470 130.4
1905480 130.5
1905490 130.5
1905500 130.5
1905510 130.4
1905520 130.4
1905530 130.4
1905540 130.5
1905550 130.5
1905560 130.5
1905570 130.5
1905580 130.5
1905590 130.5
1905600 130.5
1905610 130.4
1905620 130.4
1905630 130.4
1905640 130.3
1905650 130.3
1905660 130.3
1905670 130.3
1905680 130.3
1905690 130.2
1905700 130.3
1905710 130.3
1905720 130.4
1905730 130.3
1905740 130.2
1905750 130.2
1905760 130.2
1905770 130.2
1905780 130.3
1905790 130.3
1905800 130.3
1905810 130.4
1905820 130.5
1905830 130.5
1905840 130.5
1905850 130.6
1905860 130.6
1905870 130.6
1905880 130.5
1905890 130.5
1905900 130.4
1905910 130.3
1905920 130.3
1905930 130.3
1905940 130.2
1905950 130.2
1905960 130.1
1905970 130.1
1905980 130.1
1905990 130.0
1906000 130.0
1906010 130.0
1906020 129.9
1906030 129.9
1906040 129.9
1906050 129.9
1906060 129.9
1906070 129.9
1906080 129.7
1906090 129.7
1906100 129.7
1906110 129.6
1906120 129.6
1906130 129.6
1906140 129.6
1906150 129.6
1906160 129.6
1906170 129.6
1906180 129.6
1906190 129.6
1906200 129.7
1906210 129.7
1906220 129.7
1906230 129.7
1906240 129.7
1906250 129.7
1906260 129.6
1906270 129.5
1906280 129.5
1906290 129.5
1906300 129.5
1906310 129.4
1906320 129.4
1906330 129.4
1906340 129.4
1906350 129.4
1906360 129.3
1906370 129.2
1906380 129.2
