1900000 130.3
1900010 130.3
1900020 130.4
1900030 130.3
1900040 130.3
1900050 130.3
1900060 130.6
1900070 130.6
1900080 130.5
1900090 130.4
1900100 130.4
1900110 130.5
1900120 130.5
1900130 130.5
1900140 130.7
1900150 130.7
1900160 130.7
1900170 130.8
1900180 130.7
1900190 130.7
1900200 130.6
1900210 130.5
1900220 130.5
1900230 130.6
1900240 130.5
1900250 130.5
1900260 130.6
1900270 130.6
1900280 130.6
1900290 130.5
1900300 130.6
1900310 130.6
1900320 130.8
1900330 130.9
1900340 130.9
1900350 130.9
1900360 130.8
1900370 130.8
1900380 130.7
1900390 130.5
1900400 130.5
1900410 130.5
1900420 130.5
1900430 130.5
1900440 130.5
1900450 130.8
1900460 130.8
1900470 130.8
1900480 130.8
1900490 130.8
1900500 130.8
1900510 130.8
1900520 130.8
1900530 130.8
1900540 130.8
1900550 130.8
1900560 130.8
1900570 130.8
1900580 130.8
1900590 130.8
1900600 130.8
1900610 130.8
1900620 130.8
1900630 130.8
1900640 130.8
1900650 130.8
1900660 130.7
1900670 130.7
1900680 130.7
1900690 130.7
1900700 130.7
1900710 130.7
1900720 130.7
1900730 130.7
1900740 130.6
1900750 130.5
1900760 130.5
1900770 130.5
1900780 130.5
1900790 130.5
1900800 130.5
1900810 130.5
1900820 130.5
1900830 130.5
1900840 130.5
1900850 130.5
1900860 130.6
1900870 130.6
1900880 130.6
1900890 130.6
1900900 130.7
1900910 130.7
1900920 130.8
1900930 130.7
1900940 130.8
1900950 130.8
1900960 130.8
1900970 130.8
1900980 130.8
1900990 131.0
1901000 131.0
1901010 131.0
1901020 131.0
1901030 131.0
1901040 131.0
1901050 131.0
1901060 131.0
1901070 131.0
1901080 130.9
1901090 130.9
1901100 130.9
1901110 130.9
1901120 131.0
1901130 131.0
1901140 131.1
1901150 131.0
1901160 131.0
1901170 131.0
1901180 130.9
1901190 130.9
1901200 130.9
1901210 130.8
1901220 130.8
1901230 130.9
1901240 130.9
1901250 130.9
1901260 130.9
1901270 130.8
1901280 130.8
1901290 130.8
1901300 130.8
1901310 130.8
1901320 130.9
1901330 130.9
1901340 130.9
1901350 130.9
1901360 130.9
1901370 130.9
1901380 130.8
1901390 130.8
1901400 130.8
1901410 130.9
1901420 130.8
1901430 130.8
1901440 130.8
1901450 130.9
1901460 130.9
1901470 130.8
1901480 130.8
1901490 130.8
1901500 130.8
1901510 130.9
1901520 130.9
1901530 130.9
1901540 130.9
1901550 130.9
1901560 130.9
1901570 130.8
1901580 130.8
1901590 130.8
1901600 130.9
1901610 130.9
1901620 131.0
1901630 131.1
1901640 131.1
1901650 131.1
1901660 131.0
1901670 131.0
1901680 130.9
1901690 130.8
1901700 130.8
1901710 130.8
1901720 130.7
1901730 130.7
1901740 130.6
1901750 130.6
1901760 130.6
1901770 130.6
1901780 130.6
1901790 130.6
1901800 130.5
1901810 130.6
1901820 130.6
1901830 130.6
1901840 130.6
1901850 130.6
1901860 130.6
1901870 130.6
1901880 130.6
1901890 130.6
1901900 130.6
1901910 130.6
1901920 130.6
1901930 130.7
1901940 130.7
1901950 130.7
1901960 130.8
1901970 130.8
1901980 130.9
1901990 130.9
1902000 130.9
1902010 131.0
1902020 130.9
1902030 130.9
1902040 130.9
1902050 130.8
1902060 130.8
1902070 130.9
1902080 130.9
1902090 130.9
1902100 130.9
1902110 130.9
1902120 130.9
1902130 130.9
1902140 130.8
1902150 130.8
1902160 130.7
1902170 130.6
1902180 130.4
1902190 130.4
1902200 130.4
1902210 130.4
1902220 130.4
1902230 130.4
1902240 130.5
1902250 130.5
1902260 130.5
1902270 130.5
1902280 130.5
1902290 130.4
1902300 130.5
1902310 130.5
1902320 130.5
1902330 130.4
1902340 130.4
1902350 130.6
1902360 130.6
1902370 130.6
1902380 130.7
1902390 130.6
1902400 130.6
1902410 130.6
1902420 130.6
1902430 130.6
1902440 130.5
1902450 130.5
1902460 130.5
1902470 130.4
1902480 130.5
1902490 130.6
1902500 130.8
1902510 131.0
1902520 131.0
1902530 130.9
1902540 130.7
1902550 130.7
1902560 130.6
1902570 130.5
1902580 130.5
1902590 130.5
1902600 130.4
1902610 130.4
1902620 130.3
1902630 130.3
1902640 130.3
1902650 130.3
1902660 130.3
1902670 130.3
1902680 130.3
1902690 130.3
1902700 130.3
1902710 130.3
1902720 130.2
1902730 130.2
1902740 130.3
1902750 130.2
1902760 130.2
1902770 130.2
1902780 130.2
1902790 130.2
1902800 130.3
1902810 130.2
1902820 130.2
1902830 130.2
1902840 130.2
1902850 130.2
1902860 130.2
1902870 130.1
1902880 130.1
1902890 130.2
1902900 130.1
1902910 130.1
1902920 130.0
1902930 130.1
1902940 130.1
1902950 130.2
1902960 130.2
1902970 130.2
1902980 130.2
1902990 130.2
1903000 130.2
1903010 130.3
1903020 130.2
1903030 130.2
1903040 130.2
1903050 130.2
1903060 130.2
1903070 130.2
1903080 130.0
1903090 130.0
1903100 129.9
1903110 130.0
1903120 130.0
1903130 130.0
1903140 130.1
1903150 130.1
1903160 130.1
1903170 130.0
1903180 130.0
1903190 130.0
1903200 130.1
1903210 130.1
1903220 130.1
1903230 130.1
1903240 130.1
1903250 130.0
1903260 130.0
1903270 129.9
1903280 129.9
1903290 129.9
1903300 130.0
1903310 130.0
1903320 129.9
1903330 129.9
1903340 129.9
1903350 129.8
1903360 129.8
1903370 129.8
1903380 129.8
1903390 129.8
1903400 129.8
1903410 129.9
1903420 129.9
1903430 129.9
1903440 129.9
1903450 129.9
1903460 129.9
1903470 129.9
1903480 129.9
1903490 129.9
1903500 129.9
1903510 129.9
1903520 129.9
1903530 129.9
1903540 129.9
1903550 129.9
1903560 129.9
1903570 129.8
1903580 129.8
1903590 129.9
1903600 129.9
1903610 129.9
1903620 129.9
1903630 130.0
1903640 130.0
1903650 129.9
1903660 129.9
1903670 129.9
1903680 130.0
1903690 130.0
1903700 130.0
1903710 130.1
1903720 130.1
1903730 130.1
1903740 130.0
1903750 130.1
1903760 130.1
1903770 130.1
1903780 130.0
1903790 130.0
1903800 130.1
1903810 130.0
1903820 130.0
1903830 130.0
1903840 130.0
1903850 130.0
1903860 129.9
1903870 129.9
1903880 129.9
1903890 129.9
1903900 129.9
1903910 129.9
1903920 129.9
1903930 129.9
1903940 129.9
1903950 129.9
1903960 130.0
1903970 130.0
1903980 130.0
1903990 130.0
1904000 130.0
1904010 130.1
1904020 130.2
1904030 130.1
1904040 130.2
1904050 130.2
1904060 130.2
1904070 130.2
1904080 130.2
1904090 130.2
1904100 130.1
1904110 130.1
1904120 130.1
1904130 130.0
1904140 130.0
1904150 130.0
1904160 130.0
1904170 129.9
1904180 129.9
1904190 129.9
1904200 129.9
1904210 129.9
1904220 129.9
1904230 130.0
1904240 130.0
1904250 130.1
1904260 130.0
1904270 130.0
1904280 130.0
1904290 130.0
1904300 130.0
1904310 129.9
1904320 129.7
1904330 129.5
1904340 129.7
1904350 129.5
1904360 129.5
1904370 129.5
1904380 129.5
1904390 129.5
1904400 129.5
1904410 129.7
1904420 129.7
1904430 129.7
1904440 129.7
1904450 129.7
1904460 129.7
1904470 129.7
1904480 129.7
1904490 129.7
1904500 129.7
1904510 129.7
1904520 129.7
1904530 129.7
1904540 129.7
1904550 129.7
1904560 129.6
1904570 129.6
1904580 129.6
1904590 129.5
1904600 129.5
1904610 129.5
1904620 129.6
1904630 129.6
1904640 129.6
1904650 129.7
1904660 129.6
1904670 129.6
1904680 129.6
1904690 129.6
1904700 129.6
1904710 129.6
1904720 129.6
1904730 129.6
1904740 129.6
1904750 129.6
1904760 129.6
1904770 129.6
1904780 129.6
1904790 129.6
1904800 129.6
1904810 129.7
1904820 129.7
1904830 129.7
1904840 129.7
1904850 129.7
1904860 129.6
1904870 129.6
1904880 129.6
1904890 129.6
1904900 129.5
1904910 129.5
1904920 129.5
1904930 129.5
1904940 129.5
1904950 129.4
1904960 129.4
1904970 129.4
1904980 129.4
1904990 129.6
1905000 129.6
1905010 129.7
1905020 129.7
1905030 129.7
1905040 129.7
1905050 129.9
1905060 129.9
1905070 130.0
1905080 130.0
1905090 130.0
1905100 129.8
1905110 129.7
1905120 129.7
1905130 129.6
1905140 129.6
1905150 129.6
1905160 129.6
1905170 129.6
1905180 129.6
1905190 129.6
1905200 129.6
1905210 129.6
1905220 129.6
1905230 129.6
1905240 129.6
1905250 129.6
1905260 129.6
1905270 129.6
1905280 129.6
1905290 129.6
1905300 129.6
1905310 129.6
1905320 129.5
1905330 129.5
1905340 129.5
1905350 129.6
1905360 129.6
1905370 129.6
1905380 129.6
1905390 129.6
1905400 129.6
1905410 129.5
1905420 129.4
1905430 129.4
1905440 129.3
1905450 129.2
1905460 129.2
1905470 129.2
1905480 129.4
1905490 129.4
1905500 129.4
1905510 129.4
1905520 129.4
1905530 129.3
1905540 129.3
1905550 129.3
1905560 129.2
1905570 129.3
1905580 129.3
1905590 129.3
1905600 129.3
1905610 129.3
1905620 129.3
1905630 129.4
1905640 129.4
1905650 129.4
1905660 129.4
1905670 129.4
1905680 129.5
