1900000 130.7
1900010 130.7
1900020 130.7
1900030 130.7
1900040 130.7
1900050 130.6
1900060 130.7
1900070 130.7
1900080 130.7
1900090 130.7
1900100 130.7
1900110 130.8
1900120 130.7
1900130 130.7
1900140 130.7
1900150 130.6
1900160 130.6
1900170 130.6
1900180 130.7
1900190 130.7
1900200 130.7
1900210 130.8
1900220 130.8
1900230 130.9
1900240 131.0
1900250 131.0
1900260 131.1
1900270 130.9
1900280 130.9
1900290 130.7
1900300 130.6
1900310 130.6
1900320 130.7
1900330 130.9
1900340 130.9
1900350 131.0
1900360 131.1
1900370 131.1
1900380 131.2
1900390 131.3
1900400 131.3
1900410 131.2
1900420 131.2
1900430 131.2
1900440 131.1
1900450 131.1
1900460 131.1
1900470 131.1
1900480 131.0
1900490 131.0
1900500 131.0
1900510 131.0
1900520 131.1
1900530 131.0
1900540 131.0
1900550 131.0
1900560 131.0
1900570 131.0
1900580 131.1
1900590 131.1
1900600 131.1
1900610 131.0
1900620 131.0
1900630 131.0
1900640 131.0
1900650 131.0
1900660 130.9
1900670 130.9
1900680 130.9
1900690 131.0
1900700 131.1
1900710 131.1
1900720 131.1
1900730 131.0
1900740 131.0
1900750 130.9
1900760 130.8
1900770 130.8
1900780 130.8
1900790 130.8
1900800 130.8
1900810 130.8
1900820 130.7
1900830 130.7
1900840 130.8
1900850 130.8
1900860 130.8
1900870 130.8
1900880 130.8
1900890 130.8
1900900 130.9
1900910 130.9
1900920 130.9
1900930 130.9
1900940 130.9
1900950 130.9
1900960 130.9
1900970 130.9
1900980 130.9
1900990 131.0
1901000 131.0
1901010 131.0
1901020 131.1
1901030 131.0
1901040 131.0
1901050 131.0
1901060 131.0
1901070 131.0
1901080 131.0
1901090 131.0
1901100 131.0
1901110 130.9
1901120 130.9
1901130 130.9
1901140 130.9
1901150 130.9
1901160 130.9
1901170 131.0
1901180 131.0
1901190 131.0
1901200 131.0
1901210 130.9
1901220 130.9
1901230 130.9
1901240 131.0
1901250 131.0
1901260 131.0
1901270 131.1
1901280 131.1
1901290 131.1
1901300 131.1
1901310 131.1
1901320 131.0
1901330 131.0
1901340 131.0
1901350 131.0
1901360 131.0
1901370 131.0
1901380 130.9
1901390 131.0
1901400 131.0
1901410 131.0
1901420 130.9
1901430 130.9
1901440 131.0
1901450 130.9
1901460 130.9
1901470 130.9
1901480 130.9
1901490 130.9
1901500 130.9
1901510 130.8
1901520 130.8
1901530 130.8
1901540 130.8
1901550 130.8
1901560 130.7
1901570 130.7
1901580 130.7
1901590 130.7
1901600 130.7
1901610 130.7
1901620 130.6
1901630 130.7
1901640 130.7
1901650 130.7
1901660 130.7
1901670 130.8
1901680 130.8
1901690 130.7
1901700 130.6
1901710 130.6
1901720 130.6
1901730 130.6
1901740 130.6
1901750 130.7
1901760 130.8
1901770 130.8
1901780 130.9
1901790 131.0
1901800 131.0
1901810 131.0
1901820 131.1
1901830 131.1
1901840 130.8
1901850 130.9
1901860 130.9
1901870 130.8
1901880 130.7
1901890 130.7
1901900 130.7
1901910 130.7
1901920 130.7
1901930 130.6
1901940 130.5
1901950 130.5
1901960 130.5
1901970 130.5
1901980 130.5
1901990 130.5
1902000 130.5
1902010 130.5
1902020 130.6
1902030 130.5
1902040 130.5
1902050 130.5
1902060 130.5
1902070 130.5
1902080 130.6
1902090 130.7
1902100 130.7
1902110 130.7
1902120 130.7
1902130 130.7
1902140 130.7
1902150 130.8
1902160 130.8
1902170 130.7
1902180 130.6
1902190 130.6
1902200 130.7
1902210 130.8
1902220 130.8
1902230 130.7
1902240 130.7
1902250 130.7
1902260 130.7
1902270 130.7
1902280 130.7
1902290 130.6
1902300 130.6
1902310 130.6
1902320 130.7
1902330 130.8
1902340 130.8
1902350 130.7
1902360 130.8
1902370 130.8
1902380 130.8
1902390 130.7
1902400 130.7
1902410 130.6
1902420 130.6
1902430 130.6
1902440 130.7
1902450 130.7
1902460 130.7
1902470 130.8
1902480 130.8
1902490 130.8
1902500 130.6
1902510 130.6
1902520 130.6
1902530 130.7
1902540 130.7
1902550 130.7
1902560 130.8
1902570 130.7
1902580 130.7
1902590 130.6
1902600 130.5
1902610 130.5
1902620 130.4
1902630 130.4
1902640 130.4
1902650 130.5
1902660 130.5
1902670 130.5
1902680 130.4
1902690 130.3
1902700 130.3
1902710 130.3
1902720 130.2
1902730 130.2
1902740 130.2
1902750 130.2
1902760 130.2
1902770 130.2
1902780 130.1
1902790 130.1
1902800 130.1
1902810 130.2
1902820 130.2
1902830 130.2
1902840 130.2
1902850 130.1
1902860 130.1
1902870 130.3
1902880 130.2
1902890 130.2
1902900 130.0
1902910 130.1
1902920 130.1
1902930 130.2
1902940 130.1
1902950 130.1
1902960 130.1
1902970 130.1
1902980 130.1
1902990 130.1
1903000 130.1
1903010 130.1
1903020 130.1
1903030 130.1
1903040 130.1
1903050 130.1
1903060 130.1
1903070 130.1
1903080 130.1
1903090 130.1
1903100 130.1
1903110 130.2
1903120 130.2
1903130 130.2
1903140 130.2
1903150 130.2
1903160 130.2
1903170 130.1
1903180 130.1
1903190 130.1
1903200 130.0
1903210 129.9
1903220 129.9
1903230 130.0
1903240 130.0
1903250 130.0
1903260 130.1
1903270 130.1
1903280 130.1
1903290 130.0
1903300 129.9
1903310 129.9
1903320 130.0
1903330 130.0
1903340 130.0
1903350 130.0
1903360 130.1
1903370 130.1
1903380 130.2
1903390 130.2
1903400 130.2
1903410 130.1
1903420 130.1
1903430 130.1
1903440 129.9
1903450 129.8
1903460 129.8
1903470 129.8
1903480 129.8
1903490 129.8
1903500 129.8
1903510 129.9
1903520 129.9
1903530 130.0
1903540 130.1
1903550 130.1
1903560 130.1
1903570 130.0
1903580 130.0
1903590 130.0
1903600 130.0
1903610 130.0
1903620 130.0
1903630 130.0
1903640 130.0
1903650 130.1
1903660 130.2
1903670 130.2
1903680 130.2
1903690 130.2
1903700 130.2
1903710 130.2
1903720 130.2
1903730 130.2
1903740 130.2
1903750 130.2
1903760 130.2
1903770 130.2
1903780 130.3
1903790 130.3
1903800 130.2
1903810 130.2
1903820 130.1
1903830 130.1
1903840 130.1
1903850 130.1
1903860 130.1
1903870 130.1
1903880 130.2
1903890 130.2
1903900 130.2
1903910 130.2
1903920 130.2
1903930 130.2
1903940 130.0
1903950 130.0
1903960 130.0
1903970 129.9
1903980 129.9
1903990 129.9
1904000 129.9
1904010 129.9
1904020 129.9
1904030 129.9
1904040 129.9
1904050 129.9
1904060 129.9
1904070 129.9
1904080 129.9
1904090 129.8
1904100 129.8
1904110 129.8
1904120 129.9
1904130 129.9
1904140 129.8
1904150 129.8
1904160 129.8
1904170 129.8
1904180 129.9
1904190 129.9
1904200 129.9
1904210 129.9
1904220 129.9
1904230 129.9
1904240 129.9
1904250 129.9
1904260 129.9
1904270 130.0
1904280 130.0
1904290 130.0
1904300 130.0
1904310 130.0
1904320 130.0
1904330 129.9
1904340 129.9
1904350 129.9
1904360 129.8
1904370 129.8
1904380 129.7
1904390 129.6
1904400 129.6
1904410 129.7
1904420 129.8
1904430 129.8
1904440 129.8
1904450 129.9
1904460 129.9
1904470 129.9
1904480 129.9
1904490 129.9
1904500 129.9
1904510 130.0
1904520 130.0
1904530 130.1
1904540 130.1
1904550 130.1
1904560 130.1
1904570 130.1
1904580 130.1
1904590 130.1
1904600 130.0
1904610 130.0
1904620 130.0
1904630 130.0
1904640 130.0
1904650 129.9
1904660 129.9
1904670 129.9
1904680 129.7
1904690 129.6
1904700 129.6
1904710 129.6
1904720 129.7
1904730 129.7
1904740 129.7
1904750 129.8
1904760 129.8
1904770 130.0
1904780 130.0
1904790 130.0
1904800 129.9
1904810 129.8
1904820 129.8
1904830 129.7
1904840 129.6
1904850 129.6
1904860 129.7
1904870 129.7
1904880 129.7
1904890 129.7
1904900 129.7
1904910 129.6
1904920 129.6
1904930 129.5
1904940 129.5
1904950 129.5
1904960 129.5
1904970 129.6
1904980 129.6
1904990 129.6
1905000 129.7
1905010 129.7
1905020 129.7
1905030 129.7
1905040 129.7
1905050 129.7
1905060 129.7
1905070 129.7
1905080 129.6
1905090 129.6
1905100 129.6
1905110 129.6
1905120 129.5
1905130 129.5
1905140 129.5
1905150 129.6
1905160 129.6
1905170 129.6
1905180 129.5
1905190 129.5
1905200 129.5
1905210 129.5
1905220 129.5
1905230 129.5
1905240 129.5
1905250 129.5
1905260 129.5
1905270 129.5
1905280 129.5
1905290 129.5
1905300 129.5
1905310 129.5
1905320 129.4
1905330 129.5
1905340 129.5
1905350 129.5
1905360 129.3
1905370 129.3
1905380 129.2
1905390 129.2
1905400 129.2
1905410 129.3
1905420 129.3
1905430 129.3
1905440 129.3
1905450 129.4
1905460 129.4
1905470 129.5
1905480 129.7
1905490 129.7
1905500 129.7
1905510 129.6
1905520 129.6
1905530 129.5
1905540 129.5
1905550 129.5
1905560 129.5
1905570 129.5
1905580 129.5
1905590 129.5
1905600 129.5
1905610 129.5
1905620 129.4
1905630 129.4
1905640 129.4
1905650 129.4
1905660 129.4
1905670 129.4
1905680 129.5
1905690 129.5
1905700 129.5
1905710 129.5
1905720 129.4
1905730 129.4
1905740 129.4
1905750 129.4
1905760 129.3
1905770 129.4
1905780 129.5
1905790 129.5
1905800 129.6
1905810 129.7
1905820 129.7
1905830 129.6
1905840 129.6
1905850 129.6
1905860 129.5
1905870 129.5
1905880 129.5
