1900000 132.1
1900010 131.5
1900020 131.5
1900030 132.1
1900040 132.1
1900050 132.1
1900060 131.9
1900070 131.8
1900080 131.8
1900090 131.8
1900100 132.0
1900110 132.0
1900120 132.0
1900130 131.9
1900140 131.9
1900150 132.0
1900160 132.0
1900170 132.0
1900180 132.0
1900190 132.0
1900200 132.0
1900210 131.8
1900220 131.7
1900230 131.7
1900240 131.4
1900250 131.9
1900260 131.9
1900270 132.1
1900280 131.9
1900290 131.9
1900300 131.9
1900310 131.9
1900320 131.9
1900330 131.8
1900340 131.7
1900350 131.7
1900360 131.7
1900370 131.8
1900380 131.8
1900390 131.9
1900400 132.0
1900410 132.0
1900420 132.1
1900430 132.2
1900440 132.2
1900450 132.2
1900460 132.2
1900470 132.3
1900480 132.4
1900490 132.4
1900500 132.4
1900510 132.4
1900520 132.4
1900530 132.4
1900540 132.3
1900550 132.3
1900560 132.3
1900570 132.2
1900580 132.1
1900590 132.1
1900600 131.9
1900610 132.0
1900620 132.0
1900630 131.9
1900640 131.8
1900650 131.8
1900660 131.8
1900670 131.7
1900680 131.7
1900690 131.7
1900700 131.6
1900710 131.6
1900720 131.6
1900730 131.5
1900740 131.5
1900750 131.6
1900760 131.7
1900770 131.7
1900780 131.7
1900790 131.7
1900800 131.7
1900810 131.7
1900820 131.8
1900830 131.8
1900840 131.7
1900850 131.7
1900860 131.7
1900870 131.7
1900880 131.8
1900890 131.8
1900900 131.7
1900910 131.7
1900920 131.7
1900930 131.7
1900940 131.7
1900950 131.7
1900960 131.7
1900970 131.7
1900980 131.7
1900990 131.6
1901000 131.6
1901010 131.6
1901020 131.5
1901030 131.6
1901040 131.6
1901050 131.5
1901060 131.5
1901070 131.5
1901080 131.5
1901090 131.5
1901100 131.5
1901110 131.5
1901120 131.4
1901130 131.4
1901140 131.4
1901150 131.4
1901160 131.4
1901170 131.4
1901180 131.4
1901190 131.4
1901200 131.4
1901210 131.4
1901220 131.4
1901230 131.4
1901240 131.5
1901250 131.5
1901260 131.5
1901270 131.5
1901280 131.4
1901290 131.4
1901300 131.4
1901310 131.4
1901320 131.4
1901330 131.5
1901340 131.6
1901350 131.6
1901360 131.6
1901370 131.6
1901380 131.6
1901390 131.6
1901400 131.5
1901410 131.5
1901420 131.5
1901430 131.4
1901440 131.4
1901450 131.4
1901460 131.3
1901470 131.3
1901480 131.4
1901490 131.4
1901500 131.4
1901510 131.5
1901520 131.5
1901530 131.5
1901540 131.6
1901550 131.8
1901560 131.8
1901570 131.9
1901580 131.5
1901590 131.5
1901600 131.3
1901610 131.2
1901620 131.2
1901630 131.2
1901640 131.2
1901650 131.2
1901660 131.1
1901670 131.0
1901680 131.0
1901690 131.0
1901700 131.0
1901710 131.0
1901720 131.1
1901730 131.1
1901740 131.1
1901750 131.1
1901760 131.1
1901770 131.1
1901780 131.1
1901790 131.2
1901800 131.2
1901810 131.1
1901820 131.1
1901830 131.1
1901840 131.0
1901850 131.0
1901860 131.0
1901870 131.0
1901880 131.0
1901890 131.0
1901900 131.0
1901910 131.0
1901920 131.0
1901930 131.1
1901940 131.1
1901950 131.1
1901960 131.4
1901970 131.2
1901980 131.2
1901990 131.0
1902000 131.0
1902010 131.0
1902020 131.0
1902030 131.0
1902040 131.0
1902050 131.0
1902060 130.9
1902070 130.9
1902080 130.9
1902090 130.9
1902100 130.9
1902110 130.9
1902120 131.0
1902130 131.0
1902140 131.0
1902150 131.0
1902160 131.0
1902170 130.9
1902180 131.0
1902190 131.0
1902200 131.0
1902210 130.9
1902220 130.9
1902230 130.9
1902240 130.9
1902250 130.9
1902260 130.9
1902270 130.9
1902280 130.9
1902290 130.9
1902300 130.8
1902310 130.8
1902320 130.8
1902330 130.8
1902340 130.8
1902350 130.8
1902360 130.9
1902370 130.8
1902380 130.8
1902390 130.8
1902400 130.9
1902410 130.9
1902420 130.9
1902430 130.8
1902440 130.8
1902450 130.8
1902460 130.8
1902470 130.8
1902480 130.7
1902490 130.7
1902500 130.7
1902510 130.7
1902520 130.7
1902530 130.7
1902540 130.7
1902550 130.7
1902560 130.7
1902570 130.7
1902580 130.7
1902590 130.7
1902600 130.7
1902610 130.7
1902620 130.7
1902630 130.7
1902640 130.7
1902650 130.7
1902660 130.6
1902670 130.6
1902680 130.6
1902690 130.6
1902700 130.6
1902710 130.6
1902720 130.6
1902730 130.5
1902740 130.5
1902750 130.5
1902760 130.6
1902770 130.6
1902780 130.6
1902790 130.6
1902800 130.6
1902810 130.6
1902820 130.6
1902830 130.6
1902840 130.7
1902850 130.7
1902860 130.7
1902870 130.7
1902880 130.7
1902890 130.7
1902900 130.8
1902910 130.8
1902920 130.8
1902930 130.8
1902940 130.8
1902950 130.8
1902960 130.8
1902970 130.7
1902980 130.7
1902990 130.7
1903000 130.8
1903010 130.8
1903020 130.9
1903030 131.0
1903040 131.0
1903050 131.1
1903060 131.1
1903070 131.1
1903080 131.1
1903090 131.1
1903100 131.1
1903110 131.0
1903120 130.9
1903130 130.9
1903140 130.8
1903150 130.7
1903160 130.7
1903170 130.7
1903180 130.7
1903190 130.7
1903200 130.6
1903210 130.7
1903220 130.7
1903230 130.7
1903240 130.7
1903250 130.7
1903260 130.6
1903270 130.6
1903280 130.6
1903290 130.6
1903300 130.7
1903310 130.7
1903320 130.7
1903330 130.7
1903340 131.0
1903350 131.0
1903360 131.0
1903370 130.8
1903380 130.8
1903390 130.7
1903400 130.7
1903410 130.7
1903420 130.7
1903430 130.7
1903440 130.7
1903450 130.6
1903460 130.6
1903470 130.6
1903480 130.5
1903490 130.4
1903500 130.4
1903510 130.4
1903520 130.4
1903530 130.4
1903540 130.4
1903550 130.4
1903560 130.4
1903570 130.5
1903580 130.6
1903590 130.6
1903600 130.7
1903610 130.8
1903620 130.8
1903630 130.9
1903640 130.9
1903650 130.9
1903660 131.0
1903670 131.0
1903680 131.0
1903690 131.0
1903700 131.0
1903710 131.0
1903720 130.9
1903730 131.0
1903740 131.0
1903750 130.9
1903760 130.9
1903770 130.9
1903780 130.8
1903790 130.8
1903800 130.8
1903810 130.8
1903820 130.7
1903830 130.7
1903840 130.6
1903850 130.6
1903860 130.6
1903870 130.6
1903880 130.6
1903890 130.6
1903900 130.5
1903910 130.5
1903920 130.5
1903930 130.5
1903940 130.6
1903950 130.6
1903960 130.6
1903970 130.5
1903980 130.5
1903990 130.5
1904000 130.5
1904010 130.5
1904020 130.5
1904030 130.5
1904040 130.5
1904050 130.6
1904060 130.6
1904070 130.6
1904080 130.6
1904090 130.6
1904100 130.6
1904110 130.6
1904120 130.6
1904130 130.6
1904140 130.6
1904150 130.6
1904160 130.6
1904170 130.6
1904180 130.8
1904190 130.8
1904200 130.9
1904210 130.8
1904220 130.8
1904230 131.1
1904240 131.0
1904250 131.0
1904260 130.9
1904270 130.9
1904280 130.9
1904290 130.9
1904300 130.8
1904310 130.8
1904320 130.9
1904330 131.0
1904340 131.0
1904350 131.0
1904360 131.2
1904370 131.2
1904380 131.2
1904390 131.2
1904400 131.2
1904410 131.2
1904420 131.2
1904430 131.2
1904440 131.2
1904450 131.2
1904460 131.2
1904470 131.2
1904480 131.2
1904490 131.1
1904500 131.1
1904510 131.1
1904520 131.0
1904530 131.0
1904540 130.9
1904550 130.9
1904560 130.9
1904570 130.8
1904580 130.8
1904590 130.8
1904600 130.9
1904610 131.0
1904620 131.0
1904630 130.8
1904640 130.7
1904650 130.7
1904660 130.6
1904670 130.5
1904680 130.5
1904690 130.4
1904700 130.4
1904710 130.4
1904720 130.3
1904730 130.2
1904740 130.2
1904750 130.0
1904760 129.9
1904770 129.9
1904780 129.9
1904790 130.0
1904800 130.1
1904810 130.1
1904820 130.1
1904830 130.1
1904840 130.1
1904850 130.0
1904860 130.0
1904870 130.1
1904880 130.1
1904890 130.1
1904900 130.1
1904910 130.1
1904920 130.1
1904930 130.0
1904940 130.0
1904950 130.0
1904960 129.9
1904970 129.9
1904980 129.9
1904990 130.0
1905000 130.0
1905010 130.0
1905020 130.0
1905030 130.0
1905040 130.0
1905050 129.9
1905060 129.9
1905070 129.9
1905080 129.9
1905090 129.9
1905100 129.9
1905110 129.9
1905120 129.8
1905130 129.8
1905140 129.8
1905150 129.7
1905160 129.7
1905170 129.7
1905180 129.7
1905190 129.7
1905200 129.7
1905210 129.7
1905220 129.7
1905230 129.9
1905240 129.8
1905250 129.8
1905260 129.7
1905270 129.7
1905280 129.7
1905290 129.6
1905300 129.6
1905310 129.6
1905320 129.7
1905330 129.6
1905340 129.6
1905350 129.6
1905360 129.6
1905370 129.6
1905380 129.7
1905390 129.8
1905400 129.8
1905410 129.9
1905420 129.8
1905430 129.8
1905440 129.8
1905450 129.8
1905460 129.8
1905470 129.8
1905480 129.9
1905490 129.9
1905500 129.8
1905510 129.7
1905520 129.7
1905530 129.8
1905540 129.8
1905550 129.8
1905560 129.7
1905570 129.8
1905580 129.8
1905590 129.8
1905600 129.8
1905610 129.7
1905620 129.7
1905630 129.6
1905640 129.6
1905650 129.6
1905660 129.7
1905670 129.7
1905680 129.7
1905690 129.6
1905700 129.6
1905710 129.6
1905720 129.6
1905730 129.6
1905740 129.6
1905750 129.6
1905760 129.7
1905770 129.7
1905780 129.7
1905790 129.6
1905800 129.6
1905810 129.6
1905820 129.6
1905830 129.6
1905840 129.6
1905850 129.6
1905860 129.6
1905870 129.6
1905880 129.6
1905890 129.6
1905900 129.6
1905910 129.6
1905920 129.6
1905930 129.6
1905940 129.4
1905950 129.4
1905960 129.4
1905970 129.5
1905980 129.5
1905990 129.5
1906000 129.5
1906010 129.5
1906020 129.5
1906030 129.5
1906040 129.5
1906050 129.5
1906060 129.6
1906070 129.6
1906080 129.6
1906090 129.6
1906100 129.6
1906110 129.4
1906120 129.4
1906130 129.4
1906140 129.5
1906150 129.5
1906160 129.5
1906170 129.5
1906180 129.5
1906190 129.5
1906200 129.4
1906210 129.4
1906220 129.4
1906230 129.4
1906240 129.5
1906250 129.5
1906260 129.5
1906270 129.6
1906280 129.6
1906290 129.6
1906300 129.6
1906310 129.6
1906320 129.5
1906330 129.5
1906340 129.5
1906350 129.4
1906360 129.4
1906370 129.4
1906380 129.5
1906390 129.6
1906400 129.6
1906410 129.8
1906420 129.9
1906430 129.9
1906440 129.8
1906450 129.8
1906460 129.8
1906470 129.6
1906480 129.6
1906490 129.6
1906500 129.4
1906510 129.4
1906520 129.4
1906530 129.6
1906540 129.8
1906550 129.8
1906560 129.7
1906570 129.7
1906580 129.7
1906590 129.7
1906600 129.8
1906610 129.8
1906620 129.9
1906630 129.9
1906640 129.9
1906650 129.9
1906660 129.9
1906670 129.9
1906680 129.8
1906690 129.7
1906700 129.7
1906710 129.7
1906720 129.7
1906730 129.7
1906740 129.7
1906750 129.7
1906760 129.7
1906770 129.7
1906780 129.7
1906790 129.7
1906800 129.7
1906810 129.7
1906820 129.7
1906830 129.7
1906840 129.6
1906850 129.6
1906860 129.6
1906870 129.7
1906880 129.6
1906890 129.6
1906900 129.6
1906910 129.6
1906920 129.6
1906930 129.7
1906940 129.9
1906950 129.9
1906960 129.8
1906970 129.8
1906980 129.8
1906990 129.8
1907000 129.8
1907010 129.8
1907020 129.8
1907030 129.8
1907040 129.8
1907050 129.7
1907060 129.7
1907070 129.7
1907080 129.7
1907090 129.7
1907100 129.7
1907110 129.7
1907120 129.7
1907130 129.7
1907140 129.7
1907150 129.7
1907160 129.7
1907170 129.7
1907180 129.6
1907190 129.6
1907200 129.6
1907210 129.6
1907220 129.6
1907230 129.7
1907240 129.7
1907250 129.7
1907260 129.7
1907270 129.7
1907280 129.7
1907290 129.6
1907300 129.6
1907310 129.6
1907320 129.6
1907330 129.5
1907340 129.5
1907350 129.5
1907360 129.5
1907370 129.5
1907380 129.6
1907390 129.6
1907400 129.6
1907410 129.6
1907420 129.6
1907430 129.6
1907440 129.6
1907450 129.6
1907460 129.6
1907470 129.6
1907480 129.6
1907490 129.6
1907500 129.6
