1900000 132.0
1900010 132.0
1900020 132.0
1900030 132.0
1900040 132.0
1900050 132.3
1900060 132.3
1900070 132.2
1900080 131.3
1900090 131.3
1900100 132.2
1900110 132.0
1900120 132.0
1900130 132.0
1900140 131.8
1900150 131.8
1900160 131.7
1900170 131.7
1900180 131.7
1900190 131.3
1900200 132.2
1900210 132.2
1900220 132.1
1900230 132.2
1900240 132.2
1900250 132.2
1900260 132.1
1900270 132.1
1900280 132.2
1900290 132.2
1900300 132.2
1900310 132.3
1900320 132.8
1900330 132.8
1900340 132.0
1900350 132.4
1900360 132.4
1900370 132.5
1900380 132.5
1900390 132.4
1900400 132.4
1900410 132.2
1900420 132.1
1900430 132.1
1900440 132.1
1900450 132.1
1900460 132.1
1900470 132.0
1900480 131.9
1900490 131.9
1900500 132.0
1900510 132.1
1900520 132.1
1900530 132.2
1900540 132.4
1900550 132.4
1900560 132.4
1900570 132.5
1900580 132.5
1900590 132.5
1900600 132.5
1900610 132.5
1900620 132.5
1900630 132.4
1900640 132.4
1900650 132.4
1900660 132.3
1900670 132.3
1900680 132.4
1900690 132.2
1900700 132.2
1900710 132.3
1900720 132.2
1900730 132.2
1900740 132.2
1900750 132.1
1900760 132.1
1900770 132.1
1900780 132.1
1900790 132.1
1900800 132.0
1900810 131.9
1900820 131.9
1900830 131.8
1900840 131.9
1900850 131.9
1900860 131.9
1900870 131.9
1900880 131.9
1900890 131.8
1900900 131.8
1900910 131.8
1900920 131.8
1900930 131.8
1900940 131.8
1900950 131.8
1900960 131.8
1900970 131.8
1900980 131.8
1900990 131.8
1901000 131.8
1901010 131.8
1901020 131.7
1901030 131.7
1901040 131.7
1901050 131.6
1901060 131.6
1901070 131.7
1901080 131.6
1901090 131.6
1901100 131.6
1901110 131.6
1901120 131.6
1901130 131.6
1901140 131.7
1901150 131.7
1901160 131.7
1901170 131.7
1901180 131.7
1901190 131.8
1901200 131.8
1901210 131.8
1901220 131.7
1901230 131.8
1901240 131.8
1901250 131.9
1901260 131.9
1901270 131.9
1901280 131.9
1901290 131.9
1901300 131.9
1901310 132.0
1901320 131.9
1901330 131.9
1901340 131.9
1901350 131.8
1901360 131.8
1901370 131.7
1901380 131.8
1901390 131.8
1901400 131.8
1901410 131.9
1901420 131.9
1901430 132.1
1901440 132.1
1901450 132.1
1901460 131.9
1901470 131.8
1901480 131.7
1901490 131.7
1901500 131.6
1901510 131.6
1901520 131.6
1901530 131.6
1901540 131.5
1901550 131.5
1901560 131.5
1901570 131.4
1901580 131.4
1901590 131.3
1901600 131.3
1901610 131.4
1901620 131.4
1901630 131.4
1901640 131.4
1901650 131.4
1901660 131.5
1901670 131.5
1901680 131.4
1901690 131.3
1901700 131.3
1901710 131.2
1901720 131.0
1901730 131.0
1901740 131.0
1901750 130.9
1901760 130.9
1901770 130.8
1901780 130.9
1901790 130.9
1901800 131.0
1901810 131.0
1901820 131.0
1901830 131.0
1901840 131.0
1901850 131.0
1901860 131.0
1901870 131.0
1901880 131.0
1901890 131.0
1901900 131.0
1901910 131.0
1901920 131.0
1901930 131.0
1901940 131.0
1901950 131.0
1901960 131.0
1901970 131.0
1901980 131.0
1901990 131.1
1902000 131.1
1902010 131.3
1902020 131.1
1902030 131.1
1902040 131.0
1902050 131.0
1902060 131.0
1902070 131.0
1902080 131.0
1902090 131.0
1902100 131.0
1902110 131.1
1902120 131.1
1902130 131.1
1902140 131.1
1902150 131.1
1902160 131.1
1902170 131.1
1902180 131.1
1902190 131.1
1902200 131.0
1902210 131.0
1902220 131.0
1902230 131.0
1902240 131.0
1902250 131.0
1902260 131.0
1902270 131.0
1902280 131.0
1902290 130.9
1902300 130.9
1902310 130.9
1902320 130.8
1902330 130.8
1902340 130.8
1902350 130.8
1902360 130.8
1902370 130.8
1902380 130.8
1902390 130.8
1902400 130.8
1902410 130.8
1902420 130.8
1902430 130.8
1902440 130.8
1902450 130.8
1902460 130.8
1902470 130.8
1902480 130.8
1902490 130.8
1902500 130.8
1902510 130.8
1902520 130.8
1902530 130.8
1902540 130.8
1902550 130.8
1902560 130.8
1902570 130.8
1902580 130.9
1902590 130.9
1902600 130.9
1902610 130.8
1902620 130.8
1902630 130.7
1902640 130.7
1902650 130.7
1902660 130.6
1902670 130.6
1902680 130.6
1902690 130.6
1902700 130.6
1902710 130.7
1902720 130.7
1902730 130.7
1902740 130.7
1902750 130.7
1902760 130.7
1902770 130.7
1902780 130.8
1902790 130.8
1902800 130.7
1902810 130.7
1902820 130.7
1902830 130.7
1902840 130.6
1902850 130.6
1902860 130.7
1902870 130.7
1902880 130.7
1902890 130.7
1902900 130.7
1902910 130.7
1902920 130.7
1902930 130.7
1902940 130.7
1902950 130.8
1902960 130.8
1902970 130.8
1902980 130.8
1902990 130.8
1903000 130.8
1903010 130.8
1903020 130.7
1903030 130.7
1903040 130.7
1903050 130.7
1903060 130.7
1903070 130.7
1903080 130.7
1903090 130.7
1903100 130.7
1903110 130.7
1903120 130.7
1903130 130.6
1903140 130.6
1903150 130.8
1903160 131.1
1903170 131.1
1903180 131.1
1903190 130.9
1903200 130.8
1903210 130.8
1903220 130.7
1903230 130.7
1903240 130.7
1903250 130.7
1903260 130.7
1903270 130.7
1903280 130.7
1903290 130.8
1903300 130.8
1903310 130.8
1903320 130.8
1903330 130.8
1903340 130.8
1903350 130.8
1903360 130.8
1903370 130.8
1903380 130.7
1903390 130.7
1903400 130.6
1903410 130.7
1903420 130.7
1903430 130.7
1903440 130.6
1903450 130.6
1903460 130.8
1903470 130.8
1903480 130.8
1903490 130.8
1903500 130.9
1903510 130.9
1903520 131.0
1903530 131.0
1903540 131.0
1903550 130.9
1903560 130.9
1903570 130.9
1903580 130.9
1903590 130.9
1903600 130.9
1903610 131.0
1903620 131.1
1903630 131.1
1903640 131.2
1903650 131.2
1903660 131.2
1903670 131.2
1903680 131.1
1903690 131.1
1903700 131.1
1903710 131.0
1903720 131.0
1903730 131.0
1903740 130.9
1903750 130.9
1903760 130.9
1903770 131.0
1903780 131.0
1903790 131.0
1903800 131.0
1903810 131.1
1903820 131.1
1903830 131.2
1903840 131.2
1903850 131.2
1903860 131.1
1903870 131.1
1903880 131.1
1903890 131.1
1903900 131.1
1903910 131.1
1903920 131.1
1903930 131.0
1903940 131.0
1903950 131.0
1903960 131.0
1903970 131.0
1903980 130.9
1903990 130.9
1904000 130.9
1904010 130.8
1904020 130.7
1904030 130.7
1904040 130.7
1904050 130.8
1904060 130.8
1904070 131.0
1904080 131.0
1904090 131.0
1904100 131.0
1904110 131.0
1904120 131.0
1904130 131.0
1904140 131.1
1904150 131.1
1904160 131.2
1904170 131.3
1904180 131.3
1904190 131.3
1904200 131.3
1904210 131.3
1904220 131.2
1904230 131.1
1904240 131.1
1904250 131.1
1904260 131.1
1904270 131.1
1904280 131.1
1904290 131.1
1904300 131.1
1904310 131.1
1904320 131.0
1904330 131.0
1904340 131.0
1904350 131.1
1904360 131.1
1904370 131.4
1904380 131.3
1904390 131.3
1904400 131.5
1904410 131.3
1904420 131.3
1904430 131.0
1904440 130.9
1904450 130.9
1904460 130.8
1904470 130.8
1904480 130.8
1904490 130.8
1904500 130.9
1904510 130.9
1904520 130.8
1904530 130.8
1904540 130.8
1904550 130.8
1904560 130.8
1904570 130.8
1904580 130.8
1904590 130.8
1904600 130.8
1904610 130.7
1904620 130.5
1904630 130.5
1904640 130.4
1904650 130.3
1904660 130.3
1904670 130.4
1904680 130.4
1904690 130.4
1904700 130.3
1904710 130.2
1904720 130.2
1904730 130.2
1904740 130.1
1904750 130.1
1904760 130.1
1904770 130.0
1904780 130.0
1904790 130.0
1904800 130.0
1904810 130.0
1904820 130.0
1904830 129.9
1904840 129.9
1904850 129.8
1904860 129.8
1904870 129.9
1904880 129.9
1904890 129.9
1904900 129.9
1904910 129.9
1904920 129.9
1904930 129.9
1904940 129.9
1904950 130.0
1904960 130.0
1904970 130.0
1904980 130.0
1904990 130.1
1905000 130.0
1905010 129.9
1905020 130.0
1905030 130.0
1905040 130.0
1905050 130.0
1905060 130.0
1905070 129.9
1905080 129.8
1905090 129.8
1905100 129.8
1905110 129.9
1905120 129.9
1905130 130.0
1905140 130.0
1905150 130.0
1905160 130.0
1905170 129.9
1905180 129.9
1905190 129.8
1905200 129.8
1905210 129.8
1905220 129.8
1905230 129.8
1905240 129.8
1905250 129.8
1905260 129.8
1905270 129.8
1905280 129.8
1905290 129.8
1905300 129.8
1905310 129.9
1905320 130.0
1905330 130.0
1905340 130.0
1905350 129.9
1905360 129.9
1905370 129.8
1905380 129.8
1905390 129.8
1905400 129.9
1905410 130.0
1905420 130.0
1905430 129.9
1905440 129.9
1905450 129.9
1905460 129.9
1905470 129.9
1905480 129.9
1905490 129.9
1905500 129.9
1905510 129.9
1905520 129.9
1905530 130.0
1905540 130.0
1905550 129.9
1905560 129.9
1905570 129.9
1905580 129.9
1905590 129.8
1905600 129.8
1905610 129.8
1905620 129.7
1905630 129.7
1905640 129.7
1905650 129.9
1905660 129.9
1905670 129.8
1905680 129.7
1905690 129.7
1905700 129.7
1905710 129.7
1905720 129.7
1905730 129.7
1905740 129.7
1905750 129.7
1905760 129.7
1905770 129.7
1905780 129.7
1905790 129.7
1905800 129.6
1905810 129.6
1905820 129.6
1905830 129.6
1905840 129.6
1905850 129.6
1905860 129.6
1905870 129.6
1905880 129.5
1905890 129.6
1905900 129.6
1905910 129.6
1905920 129.6
1905930 129.6
1905940 129.6
1905950 129.6
1905960 129.6
1905970 129.5
1905980 129.6
1905990 129.6
1906000 129.6
1906010 129.6
1906020 129.7
1906030 129.7
1906040 129.7
1906050 129.6
1906060 129.6
1906070 129.6
1906080 129.6
1906090 129.6
1906100 129.6
1906110 129.7
1906120 129.7
1906130 129.7
1906140 129.7
1906150 129.7
1906160 129.6
1906170 129.6
1906180 129.6
1906190 129.6
1906200 129.6
1906210 129.6
1906220 129.6
1906230 129.8
1906240 129.8
1906250 129.9
1906260 129.9
1906270 129.9
1906280 129.9
1906290 130.0
1906300 130.0
1906310 129.7
1906320 129.6
1906330 129.6
1906340 129.5
1906350 129.5
1906360 129.5
1906370 129.5
1906380 129.6
1906390 129.6
1906400 129.6
1906410 129.7
1906420 129.7
1906430 129.7
1906440 129.6
1906450 129.6
1906460 129.7
1906470 129.6
1906480 129.6
1906490 129.7
1906500 129.8
1906510 129.8
1906520 129.8
1906530 129.8
1906540 129.8
1906550 129.8
1906560 129.8
1906570 129.8
1906580 129.8
1906590 129.8
1906600 129.8
1906610 129.8
1906620 129.9
1906630 129.9
1906640 129.9
1906650 129.9
1906660 129.9
1906670 129.9
1906680 129.9
1906690 129.9
1906700 129.9
1906710 129.9
1906720 129.9
1906730 129.8
1906740 129.8
1906750 129.8
1906760 129.7
1906770 129.7
1906780 129.7
1906790 129.8
1906800 129.9
1906810 129.9
1906820 129.9
1906830 129.8
1906840 129.8
1906850 129.7
1906860 129.6
1906870 129.6
1906880 129.7
1906890 129.8
1906900 129.8
1906910 129.9
1906920 129.9
1906930 129.9
1906940 129.9
1906950 129.9
1906960 129.9
1906970 129.9
1906980 130.0
1906990 130.0
1907000 130.0
1907010 129.9
1907020 129.9
1907030 129.9
1907040 129.9
1907050 129.9
1907060 129.9
1907070 129.9
1907080 129.9
1907090 129.9
1907100 129.9
1907110 129.9
1907120 129.9
1907130 129.9
1907140 129.9
1907150 129.9
1907160 129.9
1907170 129.8
1907180 129.8
1907190 129.8
1907200 129.8
1907210 129.8
1907220 129.7
1907230 129.7
1907240 129.7
1907250 129.6
1907260 129.7
1907270 129.7
1907280 129.7
1907290 129.7
1907300 129.7
1907310 129.7
1907320 129.7
1907330 129.7
1907340 129.7
1907350 129.7
1907360 129.7
1907370 129.7
1907380 129.7
1907390 129.7
1907400 129.6
1907410 129.6
1907420 129.6
1907430 129.6
1907440 129.6
1907450 129.6
1907460 129.6
1907470 129.7
1907480 129.7
1907490 129.7
1907500 129.8
1907510 129.8
1907520 129.8
1907530 129.7
1907540 129.7
1907550 129.6
1907560 129.6
1907570 129.6
1907580 129.6
1907590 129.6
1907600 129.6
1907610 129.6
1907620 129.6
1907630 129.6
1907640 129.6
1907650 129.6
1907660 129.6
