1900000 131.2
1900010 131.3
1900020 131.4
1900030 131.4
1900040 131.4
1900050 131.5
1900060 131.5
1900070 131.5
1900080 131.5
1900090 131.5
1900100 131.5
1900110 131.5
1900120 131.5
1900130 131.5
1900140 131.4
1900150 131.4
1900160 131.4
1900170 131.3
1900180 131.3
1900190 131.4
1900200 131.4
1900210 131.4
1900220 131.5
1900230 131.4
1900240 131.4
1900250 131.4
1900260 131.4
1900270 131.4
1900280 131.3
1900290 131.4
1900300 131.4
1900310 131.4
1900320 131.3
1900330 131.3
1900340 131.3
1900350 131.4
1900360 131.4
1900370 131.5
1900380 131.4
1900390 131.4
1900400 131.5
1900410 131.5
1900420 131.5
1900430 131.2
1900440 131.1
1900450 131.1
1900460 131.5
1900470 131.7
1900480 131.7
1900490 131.9
1900500 131.8
1900510 131.8
1900520 131.7
1900530 131.5
1900540 131.5
1900550 131.3
1900560 131.4
1900570 131.4
1900580 131.4
1900590 131.4
1900600 131.4
1900610 131.4
1900620 131.4
1900630 131.4
1900640 131.4
1900650 131.4
1900660 131.4
1900670 131.4
1900680 131.4
1900690 131.4
1900700 131.4
1900710 131.5
1900720 131.5
1900730 131.5
1900740 131.5
1900750 131.5
1900760 131.5
1900770 131.5
1900780 131.5
1900790 131.6
1900800 131.6
1900810 131.6
1900820 131.6
1900830 131.8
1900840 131.8
1900850 131.8
1900860 131.8
1900870 131.8
1900880 131.7
1900890 131.7
1900900 131.6
1900910 131.7
1900920 131.8
1900930 131.8
1900940 131.2
1900950 131.0
1900960 131.0
1900970 131.1
1900980 131.1
1900990 131.1
1901000 131.2
1901010 131.1
1901020 131.1
1901030 131.1
1901040 131.2
1901050 131.2
1901060 131.3
1901070 131.3
1901080 131.3
1901090 131.3
1901100 131.4
1901110 131.4
1901120 131.4
1901130 131.5
1901140 131.4
1901150 131.4
1901160 131.4
1901170 131.4
1901180 131.4
1901190 131.4
1901200 131.3
1901210 131.3
1901220 131.3
1901230 131.2
1901240 131.2
1901250 131.3
1901260 131.3
1901270 131.3
1901280 131.3
1901290 131.3
1901300 131.3
1901310 131.3
1901320 131.2
1901330 131.2
1901340 131.2
1901350 131.1
1901360 131.1
1901370 131.1
1901380 131.1
1901390 131.1
1901400 131.1
1901410 131.1
1901420 131.1
1901430 131.1
1901440 131.2
1901450 131.2
1901460 131.1
1901470 131.1
1901480 131.1
1901490 131.2
1901500 131.2
1901510 131.2
1901520 131.1
1901530 131.1
1901540 131.1
1901550 131.1
1901560 131.0
1901570 131.0
1901580 131.1
1901590 131.1
1901600 131.1
1901610 131.0
1901620 130.9
1901630 130.9
1901640 130.9
1901650 130.9
1901660 130.9
1901670 130.9
1901680 130.8
1901690 130.8
1901700 130.8
1901710 130.8
1901720 130.8
1901730 130.8
1901740 130.9
1901750 130.9
1901760 130.9
1901770 130.9
1901780 130.9
1901790 131.0
1901800 131.0
1901810 131.0
1901820 130.8
1901830 130.9
1901840 130.9
1901850 130.9
1901860 130.8
1901870 130.8
1901880 130.8
1901890 130.8
1901900 130.8
1901910 130.7
1901920 130.8
1901930 130.8
1901940 130.7
1901950 130.7
1901960 130.7
1901970 130.7
1901980 130.7
1901990 130.7
1902000 130.7
1902010 130.6
1902020 130.6
1902030 130.6
1902040 130.7
1902050 130.7
1902060 130.7
1902070 130.7
1902080 130.7
1902090 130.7
1902100 130.7
1902110 130.7
1902120 130.7
1902130 130.7
1902140 130.7
1902150 130.7
1902160 130.7
1902170 130.7
1902180 130.9
1902190 131.0
1902200 131.0
1902210 130.7
1902220 130.7
1902230 130.7
1902240 130.6
1902250 130.6
1902260 130.5
1902270 130.5
1902280 130.5
1902290 130.6
1902300 130.6
1902310 130.5
1902320 130.5
1902330 130.5
1902340 130.5
1902350 130.6
1902360 130.6
1902370 130.6
1902380 130.6
1902390 130.6
1902400 130.6
1902410 130.7
1902420 130.7
1902430 130.7
1902440 130.6
1902450 130.7
1902460 130.7
1902470 130.7
1902480 130.7
1902490 130.7
1902500 130.7
1902510 130.7
1902520 130.6
1902530 130.6
1902540 130.6
1902550 130.6
1902560 130.6
1902570 130.6
1902580 130.6
1902590 130.6
1902600 130.6
1902610 130.5
1902620 130.4
1902630 130.4
1902640 130.4
1902650 130.4
1902660 130.4
1902670 130.4
1902680 130.4
1902690 130.4
1902700 130.5
1902710 130.5
1902720 130.5
1902730 130.5
1902740 130.6
1902750 130.5
1902760 130.6
1902770 130.6
1902780 130.6
1902790 130.5
1902800 130.5
1902810 130.5
1902820 130.5
1902830 130.5
1902840 130.5
1902850 130.5
1902860 130.7
1902870 130.7
1902880 130.6
1902890 130.4
1902900 130.4
1902910 130.4
1902920 130.4
1902930 130.4
1902940 130.4
1902950 130.4
1902960 130.4
1902970 130.5
1902980 130.5
1902990 130.5
1903000 130.6
1903010 130.6
1903020 130.6
1903030 130.6
1903040 130.5
1903050 130.5
1903060 130.6
1903070 130.6
1903080 130.6
1903090 130.5
1903100 130.5
1903110 130.5
1903120 130.5
1903130 130.5
1903140 130.5
1903150 130.5
1903160 130.6
1903170 130.6
1903180 130.6
1903190 130.6
1903200 130.6
1903210 130.5
1903220 130.6
1903230 130.6
1903240 130.6
1903250 130.6
1903260 130.6
1903270 130.6
1903280 130.7
1903290 130.7
1903300 130.6
1903310 130.6
1903320 130.6
1903330 130.6
1903340 130.5
1903350 130.5
1903360 130.4
1903370 130.4
1903380 130.4
1903390 130.4
1903400 130.4
1903410 130.4
1903420 130.4
1903430 130.3
1903440 130.3
1903450 130.3
1903460 130.3
1903470 130.5
1903480 130.5
1903490 130.5
1903500 130.4
1903510 130.4
1903520 130.5
1903530 130.5
1903540 130.5
1903550 130.5
1903560 130.5
1903570 130.5
1903580 130.6
1903590 130.7
1903600 130.7
1903610 130.8
1903620 130.8
1903630 130.8
1903640 130.7
1903650 130.6
1903660 130.6
1903670 130.6
1903680 130.8
1903690 130.8
1903700 130.9
1903710 131.0
1903720 131.0
1903730 130.5
1903740 130.9
1903750 130.9
1903760 131.2
1903770 130.8
1903780 130.8
1903790 130.6
1903800 130.5
1903810 130.5
1903820 130.5
1903830 130.5
1903840 130.5
1903850 130.4
1903860 130.4
1903870 130.4
1903880 130.4
1903890 130.3
1903900 130.3
1903910 130.3
1903920 130.3
1903930 130.3
1903940 130.4
1903950 130.3
1903960 130.3
1903970 130.2
1903980 130.1
1903990 130.1
1904000 130.2
1904010 130.3
1904020 130.3
1904030 130.2
1904040 130.2
1904050 130.2
1904060 130.2
1904070 130.3
1904080 130.3
1904090 130.4
1904100 130.4
1904110 130.4
1904120 130.5
1904130 130.5
1904140 130.5
1904150 130.5
1904160 130.5
1904170 130.5
1904180 130.5
1904190 130.5
1904200 130.5
1904210 130.5
1904220 130.5
1904230 130.5
1904240 130.5
1904250 130.5
1904260 130.5
1904270 130.5
1904280 130.4
1904290 130.4
1904300 130.4
1904310 130.4
1904320 130.4
1904330 130.4
1904340 130.4
1904350 130.4
1904360 130.4
1904370 130.4
1904380 130.4
1904390 130.4
1904400 130.4
1904410 130.4
1904420 130.5
1904430 130.5
1904440 130.5
1904450 130.4
1904460 130.4
1904470 130.4
1904480 130.5
1904490 130.5
1904500 130.5
1904510 130.5
1904520 130.5
1904530 130.5
1904540 130.5
1904550 130.5
1904560 130.5
1904570 130.5
1904580 130.5
1904590 130.6
1904600 130.6
1904610 130.6
1904620 130.6
1904630 130.6
1904640 130.5
1904650 130.4
1904660 130.4
1904670 130.5
1904680 130.5
1904690 130.5
1904700 130.6
1904710 130.7
1904720 130.7
1904730 130.8
1904740 130.8
1904750 130.8
1904760 130.7
1904770 130.7
1904780 130.7
1904790 130.8
1904800 130.9
1904810 130.9
1904820 130.9
1904830 131.0
1904840 131.0
1904850 130.9
1904860 130.7
1904870 130.7
1904880 130.7
1904890 130.6
1904900 130.6
1904910 130.7
1904920 130.6
1904930 130.6
1904940 130.6
1904950 130.7
1904960 130.7
1904970 130.8
1904980 130.8
1904990 130.8
1905000 130.8
1905010 130.6
1905020 130.6
1905030 130.5
1905040 130.6
1905050 130.6
1905060 130.6
1905070 130.6
1905080 130.6
1905090 130.7
1905100 130.7
1905110 130.7
1905120 130.6
1905130 130.6
1905140 130.6
1905150 130.6
1905160 130.6
1905170 130.6
1905180 130.5
1905190 130.6
1905200 130.6
1905210 130.6
1905220 130.7
1905230 130.7
1905240 130.7
1905250 130.8
1905260 130.8
1905270 130.8
1905280 130.7
1905290 130.7
1905300 130.7
1905310 130.7
1905320 130.7
1905330 130.6
1905340 130.6
1905350 130.6
1905360 130.6
1905370 130.4
1905380 130.4
1905390 130.2
1905400 130.1
1905410 130.1
1905420 130.1
1905430 130.1
1905440 130.1
1905450 130.2
1905460 130.2
1905470 130.2
1905480 130.1
1905490 130.0
1905500 130.0
1905510 129.9
1905520 129.9
1905530 129.9
1905540 130.0
1905550 130.1
1905560 130.1
1905570 130.0
1905580 130.0
1905590 130.0
1905600 129.9
1905610 129.9
1905620 129.8
1905630 129.8
1905640 129.8
1905650 129.8
1905660 129.8
1905670 129.8
1905680 129.7
1905690 129.7
1905700 129.7
1905710 129.7
1905720 129.7
1905730 129.7
1905740 129.7
1905750 129.7
1905760 129.7
1905770 129.7
1905780 129.7
1905790 129.7
1905800 129.7
1905810 129.7
1905820 129.7
1905830 129.7
1905840 129.7
1905850 129.7
1905860 129.8
1905870 129.8
1905880 129.7
1905890 129.8
1905900 129.8
1905910 129.7
1905920 129.7
1905930 129.7
1905940 129.7
1905950 129.7
1905960 129.7
1905970 129.6
1905980 129.5
1905990 129.5
1906000 129.5
1906010 129.5
1906020 129.5
1906030 129.5
1906040 129.6
1906050 129.6
1906060 129.7
1906070 129.8
1906080 129.8
1906090 129.7
1906100 129.7
1906110 129.7
1906120 129.8
1906130 129.7
1906140 129.7
1906150 129.6
1906160 129.5
1906170 129.5
1906180 129.4
1906190 129.3
1906200 129.3
1906210 129.3
1906220 129.3
1906230 129.3
1906240 129.3
1906250 129.3
1906260 129.3
1906270 129.3
1906280 129.4
1906290 129.4
1906300 129.4
1906310 129.4
1906320 129.4
1906330 129.4
1906340 129.4
1906350 129.4
1906360 129.4
1906370 129.4
1906380 129.4
1906390 129.4
1906400 129.4
1906410 129.4
1906420 129.3
1906430 129.3
1906440 129.4
1906450 129.3
1906460 129.3
1906470 129.3
1906480 129.4
1906490 129.3
1906500 129.3
1906510 129.4
1906520 129.4
1906530 129.4
1906540 129.3
1906550 129.3
1906560 129.3
1906570 129.2
1906580 129.2
1906590 129.2
1906600 129.2
1906610 129.3
1906620 129.3
1906630 129.3
1906640 129.3
1906650 129.3
1906660 129.3
1906670 129.3
1906680 129.3
1906690 129.3
1906700 129.3
1906710 129.3
1906720 129.3
1906730 129.3
1906740 129.3
1906750 129.4
1906760 129.3
1906770 129.3
1906780 129.3
1906790 129.3
1906800 129.3
1906810 129.3
1906820 129.3
1906830 129.4
1906840 129.4
1906850 129.6
1906860 129.6
1906870 129.6
1906880 129.5
1906890 129.6
1906900 129.6
1906910 129.5
1906920 129.3
1906930 129.3
