1900000 131.6
1900010 131.6
1900020 131.6
1900030 131.6
1900040 131.6
1900050 131.6
1900060 131.6
1900070 131.6
1900080 131.6
1900090 131.6
1900100 131.6
1900110 131.6
1900120 131.6
1900130 131.6
1900140 131.6
1900150 131.6
1900160 131.7
1900170 131.6
1900180 131.6
1900190 131.7
1900200 131.9
1900210 131.9
1900220 132.1
1900230 132.2
1900240 132.2
1900250 132.3
1900260 132.3
1900270 132.3
1900280 132.4
1900290 132.4
1900300 132.4
1900310 131.9
1900320 132.4
1900330 132.4
1900340 132.6
1900350 132.0
1900360 132.0
1900370 132.5
1900380 132.3
1900390 132.3
1900400 132.2
1900410 132.3
1900420 132.3
1900430 132.1
1900440 132.1
1900450 132.1
1900460 132.1
1900470 132.1
1900480 132.1
1900490 132.1
1900500 132.2
1900510 132.2
1900520 132.3
1900530 132.3
1900540 132.4
1900550 132.4
1900560 132.4
1900570 132.3
1900580 132.3
1900590 132.2
1900600 132.1
1900610 132.1
1900620 132.0
1900630 132.0
1900640 132.0
1900650 131.9
1900660 131.9
1900670 131.9
1900680 132.0
1900690 132.0
1900700 132.0
1900710 132.0
1900720 131.9
1900730 131.9
1900740 131.9
1900750 132.0
1900760 132.1
1900770 132.1
1900780 132.2
1900790 132.2
1900800 132.3
1900810 132.4
1900820 132.4
1900830 132.4
1900840 132.4
1900850 132.4
1900860 132.4
1900870 132.5
1900880 132.5
1900890 132.5
1900900 132.6
1900910 132.6
1900920 132.7
1900930 132.9
1900940 132.9
1900950 132.8
1900960 132.7
1900970 132.7
1900980 132.6
1900990 132.7
1901000 132.7
1901010 132.6
1901020 132.5
1901030 132.5
1901040 132.4
1901050 132.4
1901060 132.4
1901070 132.2
1901080 132.2
1901090 132.2
1901100 132.1
1901110 132.0
1901120 132.0
1901130 132.0
1901140 132.0
1901150 132.0
1901160 132.0
1901170 132.0
1901180 132.0
1901190 132.1
1901200 132.2
1901210 132.2
1901220 132.3
1901230 132.3
1901240 132.3
1901250 132.2
1901260 132.2
1901270 132.2
1901280 132.2
1901290 132.1
1901300 132.1
1901310 132.1
1901320 132.0
1901330 132.0
1901340 131.9
1901350 131.8
1901360 131.8
1901370 131.7
1901380 131.7
1901390 131.7
1901400 131.7
1901410 131.8
1901420 131.8
1901430 131.8
1901440 131.8
1901450 131.8
1901460 131.7
1901470 131.8
1901480 131.8
1901490 131.8
1901500 131.9
1901510 131.9
1901520 132.0
1901530 132.0
1901540 132.0
1901550 132.0
1901560 131.9
1901570 131.9
1901580 131.9
1901590 131.8
1901600 131.8
1901610 131.8
1901620 131.9
1901630 131.9
1901640 131.9
1901650 131.8
1901660 131.8
1901670 131.8
1901680 131.9
1901690 131.8
1901700 131.8
1901710 131.9
1901720 131.8
1901730 131.8
1901740 131.8
1901750 131.9
1901760 131.9
1901770 132.0
1901780 131.9
1901790 131.9
1901800 131.9
1901810 131.9
1901820 131.9
1901830 131.9
1901840 131.9
1901850 131.9
1901860 131.8
1901870 131.8
1901880 131.8
1901890 131.8
1901900 131.8
1901910 131.8
1901920 131.8
1901930 131.8
1901940 131.8
1901950 131.9
1901960 132.0
1901970 132.0
1901980 132.1
1901990 132.0
1902000 132.1
1902010 132.0
1902020 131.9
1902030 131.9
1902040 131.9
1902050 131.9
1902060 131.9
1902070 131.8
1902080 131.8
1902090 131.8
1902100 131.9
1902110 131.8
1902120 131.8
1902130 131.7
1902140 131.7
1902150 131.7
1902160 131.7
1902170 132.0
1902180 132.0
1902190 132.1
1902200 131.9
1902210 131.9
1902220 131.7
1902230 131.8
1902240 131.8
1902250 131.8
1902260 131.6
1902270 131.6
1902280 131.4
1902290 131.4
1902300 131.4
1902310 131.6
1902320 131.7
1902330 131.7
1902340 131.7
1902350 131.8
1902360 131.8
1902370 131.8
1902380 131.7
1902390 131.7
1902400 131.6
1902410 131.6
1902420 131.6
1902430 131.6
1902440 131.6
1902450 131.6
1902460 131.7
1902470 131.7
1902480 131.7
1902490 131.6
1902500 131.6
1902510 131.6
1902520 131.6
1902530 131.7
1902540 131.7
1902550 131.7
1902560 131.7
1902570 131.7
1902580 131.7
1902590 131.7
1902600 131.7
1902610 131.8
1902620 131.8
1902630 131.8
1902640 131.8
1902650 131.7
1902660 131.7
1902670 131.6
1902680 131.6
1902690 131.6
1902700 131.5
1902710 131.5
1902720 131.5
1902730 131.5
1902740 131.4
1902750 131.4
1902760 131.3
1902770 131.4
1902780 131.4
1902790 131.4
1902800 131.4
1902810 131.4
1902820 131.4
1902830 131.4
1902840 131.4
1902850 131.4
1902860 131.5
1902870 131.5
1902880 131.5
1902890 131.5
1902900 131.5
1902910 131.5
1902920 131.5
1902930 131.5
1902940 131.5
1902950 131.5
1902960 131.7
1902970 131.7
1902980 131.6
1902990 131.4
1903000 131.4
1903010 131.3
1903020 131.0
1903030 131.0
1903040 130.9
1903050 131.0
1903060 131.0
1903070 131.0
1903080 131.0
1903090 131.0
1903100 131.0
1903110 130.9
1903120 130.9
1903130 131.0
1903140 131.0
1903150 131.0
1903160 131.0
1903170 130.9
1903180 130.9
1903190 130.8
1903200 130.9
1903210 130.9
1903220 130.9
1903230 130.9
1903240 130.9
1903250 130.9
1903260 130.9
1903270 130.9
1903280 130.9
1903290 130.9
1903300 130.9
1903310 131.0
1903320 131.1
1903330 131.1
1903340 131.1
1903350 131.0
1903360 131.0
1903370 131.0
1903380 130.9
1903390 130.9
1903400 130.9
1903410 130.9
1903420 130.9
1903430 131.1
1903440 131.4
1903450 131.4
1903460 131.7
1903470 131.6
1903480 131.6
1903490 131.4
1903500 131.3
1903510 131.3
1903520 131.2
1903530 131.1
1903540 131.1
1903550 131.0
1903560 130.9
1903570 130.9
1903580 130.9
1903590 130.8
1903600 130.8
1903610 130.9
1903620 130.9
1903630 130.9
1903640 130.9
1903650 130.9
1903660 130.9
1903670 130.9
1903680 130.8
1903690 130.8
1903700 130.8
1903710 130.7
1903720 130.7
1903730 130.7
1903740 130.7
1903750 130.7
1903760 130.7
1903770 130.8
1903780 130.8
1903790 130.7
1903800 130.8
1903810 130.8
1903820 130.8
1903830 130.8
1903840 130.8
1903850 130.8
1903860 130.8
1903870 130.8
1903880 130.8
1903890 130.8
1903900 130.8
1903910 130.8
1903920 130.7
1903930 130.7
1903940 130.7
1903950 130.6
1903960 130.6
1903970 130.6
1903980 130.5
1903990 130.6
1904000 130.6
1904010 130.5
1904020 130.5
1904030 130.5
1904040 130.5
1904050 130.5
1904060 130.5
1904070 130.5
1904080 130.5
1904090 130.5
1904100 130.5
1904110 130.5
1904120 130.5
1904130 130.5
1904140 130.5
1904150 130.5
1904160 130.5
1904170 130.6
1904180 130.6
1904190 130.6
1904200 130.6
1904210 130.6
1904220 130.6
1904230 130.6
1904240 130.6
1904250 130.7
1904260 130.7
1904270 130.7
1904280 130.6
1904290 130.5
1904300 130.5
1904310 130.4
1904320 130.3
1904330 130.3
1904340 130.3
1904350 130.3
1904360 130.3
1904370 130.4
1904380 130.3
1904390 130.3
1904400 130.3
1904410 130.3
1904420 130.3
1904430 130.2
1904440 130.2
1904450 130.2
1904460 130.1
1904470 130.2
1904480 130.2
1904490 130.3
1904500 130.3
1904510 130.3
1904520 130.3
1904530 130.2
1904540 130.2
1904550 130.1
1904560 130.1
1904570 130.1
1904580 130.2
1904590 130.2
1904600 130.2
1904610 130.2
1904620 130.2
1904630 130.2
1904640 130.2
1904650 130.2
1904660 130.2
1904670 130.2
1904680 130.3
1904690 130.3
1904700 130.3
1904710 130.2
1904720 130.2
1904730 130.2
1904740 130.2
1904750 130.2
1904760 130.1
1904770 130.1
1904780 130.1
1904790 130.1
1904800 130.1
1904810 130.1
1904820 130.0
1904830 130.0
1904840 130.0
1904850 130.1
1904860 130.1
1904870 130.1
1904880 130.0
1904890 130.1
1904900 130.1
1904910 130.1
1904920 130.1
1904930 130.1
1904940 130.0
1904950 130.0
1904960 130.0
1904970 130.0
1904980 130.0
1904990 130.0
1905000 130.0
1905010 130.0
1905020 130.0
1905030 130.0
1905040 130.0
1905050 130.0
1905060 130.1
1905070 130.1
1905080 130.1
1905090 130.1
1905100 130.1
1905110 130.1
1905120 130.2
1905130 130.6
1905140 130.7
1905150 130.7
1905160 130.4
1905170 130.1
1905180 130.1
1905190 130.0
1905200 130.0
1905210 130.0
1905220 130.0
1905230 130.0
1905240 130.0
1905250 130.0
1905260 130.0
1905270 130.0
1905280 129.9
1905290 129.9
1905300 129.9
1905310 130.0
1905320 130.0
1905330 130.0
1905340 130.1
1905350 130.1
1905360 130.1
1905370 130.2
1905380 130.1
1905390 130.1
1905400 130.1
1905410 130.1
1905420 130.1
1905430 130.1
1905440 130.0
1905450 130.0
1905460 130.0
1905470 130.0
1905480 130.0
1905490 129.9
1905500 129.9
1905510 129.9
1905520 129.9
1905530 129.9
1905540 129.9
1905550 130.1
1905560 130.3
1905570 130.3
1905580 130.3
1905590 130.0
1905600 130.0
1905610 130.2
1905620 130.1
1905630 130.1
1905640 130.1
1905650 130.1
1905660 130.1
1905670 130.0
1905680 130.0
1905690 130.1
1905700 130.1
1905710 130.1
1905720 130.1
1905730 130.1
1905740 130.1
1905750 130.1
1905760 130.1
1905770 130.2
1905780 130.2
1905790 130.2
1905800 130.2
1905810 130.2
1905820 130.2
1905830 130.2
1905840 130.2
1905850 130.2
1905860 130.2
1905870 130.2
1905880 130.2
1905890 130.1
1905900 130.1
1905910 130.2
1905920 130.1
1905930 130.1
1905940 130.0
1905950 130.0
1905960 130.0
1905970 130.0
1905980 130.0
1905990 130.0
1906000 130.2
1906010 130.2
1906020 130.2
1906030 130.1
1906040 130.1
1906050 130.1
1906060 130.2
1906070 130.1
1906080 130.1
1906090 129.9
1906100 129.8
1906110 129.8
1906120 129.5
1906130 129.3
1906140 129.3
1906150 129.2
1906160 129.1
1906170 129.1
1906180 129.1
1906190 129.2
1906200 129.2
1906210 129.2
1906220 129.4
1906230 129.4
1906240 129.3
1906250 129.4
1906260 129.4
1906270 129.4
1906280 129.6
1906290 129.6
1906300 129.7
1906310 129.8
1906320 130.1
1906330 130.1
1906340 130.3
1906350 130.3
1906360 130.3
1906370 130.3
1906380 130.3
1906390 130.3
1906400 130.2
1906410 130.1
1906420 130.1
1906430 130.1
1906440 130.1
1906450 130.1
1906460 130.1
1906470 130.1
1906480 130.1
1906490 130.2
1906500 130.3
1906510 130.3
1906520 130.3
1906530 130.3
1906540 130.3
1906550 130.4
1906560 130.5
1906570 130.5
1906580 130.5
1906590 130.4
1906600 130.4
1906610 130.2
1906620 130.2
1906630 130.2
1906640 130.2
1906650 130.1
1906660 130.1
1906670 130.0
1906680 129.9
1906690 129.9
1906700 129.8
1906710 129.7
1906720 129.7
1906730 129.8
1906740 129.8
1906750 129.8
1906760 129.8
1906770 129.8
1906780 129.8
1906790 129.8
1906800 129.9
1906810 129.9
1906820 129.9
1906830 129.9
1906840 129.9
1906850 129.9
1906860 129.9
1906870 129.9
1906880 129.9
1906890 130.0
1906900 130.0
1906910 130.0
1906920 130.1
1906930 130.1
1906940 130.1
1906950 130.1
1906960 130.1
1906970 130.1
1906980 130.1
1906990 130.1
1907000 130.1
1907010 130.0
1907020 130.0
1907030 130.0
1907040 130.0
1907050 130.0
1907060 130.0
1907070 129.9
1907080 129.9
1907090 129.8
1907100 129.9
1907110 129.9
1907120 129.9
1907130 129.9
1907140 129.9
1907150 130.0
1907160 129.9
1907170 129.9
1907180 129.9
1907190 129.9
1907200 129.9
1907210 129.9
1907220 129.8
1907230 129.8
1907240 129.8
1907250 129.8
1907260 129.8
1907270 129.8
1907280 129.8
1907290 129.8
1907300 129.8
1907310 129.8
1907320 129.8
1907330 129.8
1907340 129.9
1907350 129.9
1907360 129.9
1907370 129.9
1907380 129.9
1907390 129.9
1907400 130.0
1907410 130.0
1907420 130.0
1907430 130.0
1907440 130.0
1907450 130.0
1907460 129.9
1907470 129.9
1907480 129.9
1907490 129.9
1907500 129.9
1907510 129.9
1907520 129.9
1907530 129.9
1907540 129.9
1907550 129.8
1907560 129.8
1907570 129.8
1907580 129.9
1907590 130.0
1907600 130.0
1907610 129.9
1907620 129.9
1907630 129.9
1907640 129.7
1907650 129.7
1907660 129.7
1907670 129.8
1907680 129.9
1907690 129.9
1907700 129.9
1907710 129.8
1907720 129.8
1907730 129.8
1907740 129.8
1907750 129.8
1907760 129.9
1907770 130.0
1907780 130.0
1907790 130.0
1907800 130.0
1907810 130.0
1907820 130.0
1907830 130.0
1907840 130.0
1907850 130.0
1907860 130.1
1907870 130.1
1907880 130.1
1907890 130.1
1907900 130.1
1907910 130.1
1907920 130.1
1907930 130.1
1907940 130.1
1907950 130.1
1907960 130.1
1907970 130.1
1907980 130.1
1907990 130.1
1908000 130.2
1908010 130.3
1908020 130.3
1908030 130.6
1908040 130.6
1908050 130.6
1908060 130.5
1908070 130.5
1908080 130.5
1908090 130.4
1908100 130.3
1908110 130.3
1908120 130.3
1908130 130.3
1908140 130.2
1908150 130.2
1908160 130.3
1908170 130.3
1908180 130.2
1908190 130.1
1908200 130.1
1908210 130.1
1908220 130.1
1908230 130.1
1908240 130.1
1908250 130.1
1908260 130.1
1908270 130.1
1908280 130.1
1908290 130.1
1908300 130.1
1908310 130.0
1908320 130.0
1908330 130.0
1908340 130.1
1908350 130.1
