1900000 132.0
1900010 132.0
1900020 132.0
1900030 132.0
1900040 132.0
1900050 132.0
1900060 131.8
1900070 131.8
1900080 131.7
1900090 131.7
1900100 131.7
1900110 131.7
1900120 131.7
1900130 131.7
1900140 131.8
1900150 131.9
1900160 131.9
1900170 131.7
1900180 131.9
1900190 131.9
1900200 131.8
1900210 131.7
1900220 131.7
1900230 131.7
1900240 131.7
1900250 131.7
1900260 131.9
1900270 131.8
1900280 131.7
1900290 131.7
1900300 131.6
1900310 131.6
1900320 131.6
1900330 131.6
1900340 131.5
1900350 131.5
1900360 131.5
1900370 131.4
1900380 131.4
1900390 131.4
1900400 131.4
1900410 131.4
1900420 131.5
1900430 131.7
1900440 131.7
1900450 131.5
1900460 131.5
1900470 131.5
1900480 131.7
1900490 132.1
1900500 132.1
1900510 132.1
1900520 132.3
1900530 132.3
1900540 132.4
1900550 132.0
1900560 132.0
1900570 131.7
1900580 131.5
1900590 131.5
1900600 131.4
1900610 131.3
1900620 131.3
1900630 131.3
1900640 131.3
1900650 131.3
1900660 131.3
1900670 131.3
1900680 131.3
1900690 131.5
1900700 131.9
1900710 131.9
1900720 132.2
1900730 132.4
1900740 132.4
1900750 132.6
1900760 132.5
1900770 132.5
1900780 132.4
1900790 132.3
1900800 132.3
1900810 132.2
1900820 132.1
1900830 132.1
1900840 132.1
1900850 132.0
1900860 132.0
1900870 131.9
1900880 131.9
1900890 131.9
1900900 132.0
1900910 132.0
1900920 132.0
1900930 132.1
1900940 132.0
1900950 132.0
1900960 132.0
1900970 132.0
1900980 132.0
1900990 132.0
1901000 132.0
1901010 132.0
1901020 132.0
1901030 131.9
1901040 131.9
1901050 131.9
1901060 131.9
1901070 131.9
1901080 131.9
1901090 131.9
1901100 131.9
1901110 131.9
1901120 132.0
1901130 132.0
1901140 132.1
1901150 132.1
1901160 132.1
1901170 132.1
1901180 132.2
1901190 132.1
1901200 132.2
1901210 132.2
1901220 132.2
1901230 132.3
1901240 132.4
1901250 132.4
1901260 132.4
1901270 132.4
1901280 132.4
1901290 132.3
1901300 132.5
1901310 132.5
1901320 132.6
1901330 132.3
1901340 132.3
1901350 132.2
1901360 132.3
1901370 132.3
1901380 132.4
1901390 132.4
1901400 132.4
1901410 132.3
1901420 132.1
1901430 132.0
1901440 132.0
1901450 132.0
1901460 132.0
1901470 132.0
1901480 132.0
1901490 132.0
1901500 132.0
1901510 131.9
1901520 131.9
1901530 131.9
1901540 131.9
1901550 131.8
1901560 131.8
1901570 131.8
1901580 131.8
1901590 131.8
1901600 131.7
1901610 131.6
1901620 131.6
1901630 131.6
1901640 131.5
1901650 131.5
1901660 131.5
1901670 131.4
1901680 131.4
1901690 131.4
1901700 131.4
1901710 131.4
1901720 131.3
1901730 131.3
1901740 131.3
1901750 131.3
1901760 131.3
1901770 131.3
1901780 131.2
1901790 131.2
1901800 131.2
1901810 131.2
1901820 131.2
1901830 131.2
1901840 131.2
1901850 131.2
1901860 131.2
1901870 131.2
1901880 131.2
1901890 131.2
1901900 131.2
1901910 131.2
1901920 131.2
1901930 131.1
1901940 131.1
1901950 131.1
1901960 131.1
1901970 131.1
1901980 131.1
1901990 131.0
1902000 131.0
1902010 131.0
1902020 131.0
1902030 131.1
1902040 131.1
1902050 131.2
1902060 131.4
1902070 131.4
1902080 131.0
1902090 131.0
1902100 131.0
1902110 131.1
1902120 131.2
1902130 131.2
1902140 131.2
1902150 131.2
1902160 131.2
1902170 131.1
1902180 131.1
1902190 131.1
1902200 131.0
1902210 131.0
1902220 131.0
1902230 131.0
1902240 131.0
1902250 131.0
1902260 131.0
1902270 131.0
1902280 131.0
1902290 131.0
1902300 131.0
1902310 131.0
1902320 131.0
1902330 131.0
1902340 131.0
1902350 131.1
1902360 131.1
1902370 131.1
1902380 131.1
1902390 131.1
1902400 131.1
1902410 131.1
1902420 131.1
1902430 131.1
1902440 131.1
1902450 131.0
1902460 131.0
1902470 131.0
1902480 131.0
1902490 131.0
1902500 131.0
1902510 131.0
1902520 131.0
1902530 131.0
1902540 130.9
1902550 130.9
1902560 130.9
1902570 130.8
1902580 130.9
1902590 130.9
1902600 130.8
1902610 130.8
1902620 130.8
1902630 130.8
1902640 130.8
1902650 130.8
1902660 130.8
1902670 130.8
1902680 130.8
1902690 130.8
1902700 130.9
1902710 130.9
1902720 130.9
1902730 130.9
1902740 130.9
1902750 130.9
1902760 130.9
1902770 130.9
1902780 130.8
1902790 130.8
1902800 130.8
1902810 130.9
1902820 130.9
1902830 130.9
1902840 131.0
1902850 131.3
1902860 131.3
1902870 131.4
1902880 131.3
1902890 131.3
1902900 131.1
1902910 131.0
1902920 131.0
1902930 130.9
1902940 131.0
1902950 131.0
1902960 131.0
1902970 130.9
1902980 130.9
1902990 130.9
1903000 130.9
1903010 130.9
1903020 130.9
1903030 130.9
1903040 131.0
1903050 130.9
1903060 130.9
1903070 130.9
1903080 130.9
1903090 130.9
1903100 130.9
1903110 130.9
1903120 130.9
1903130 130.9
1903140 130.9
1903150 130.9
1903160 130.9
1903170 130.9
1903180 130.9
1903190 130.9
1903200 130.8
1903210 130.9
1903220 130.9
1903230 130.9
1903240 130.9
1903250 130.9
1903260 130.8
1903270 130.8
1903280 130.8
1903290 130.8
1903300 130.8
1903310 130.8
1903320 130.7
1903330 130.7
1903340 130.7
1903350 130.7
1903360 130.7
1903370 130.7
1903380 130.7
1903390 130.8
1903400 130.8
1903410 130.8
1903420 130.8
1903430 130.8
1903440 130.8
1903450 130.8
1903460 130.8
1903470 130.8
1903480 130.9
1903490 130.9
1903500 130.9
1903510 131.0
1903520 131.0
1903530 131.0
1903540 130.9
1903550 130.9
1903560 131.0
1903570 131.0
1903580 131.0
1903590 131.0
1903600 131.0
1903610 131.0
1903620 131.0
1903630 131.0
1903640 131.0
1903650 131.0
1903660 131.0
1903670 131.1
1903680 131.1
1903690 131.1
1903700 131.1
1903710 131.1
1903720 131.0
1903730 131.0
1903740 131.0
1903750 131.2
1903760 131.0
1903770 131.0
1903780 131.0
1903790 130.9
1903800 130.9
1903810 130.9
1903820 131.0
1903830 131.0
1903840 131.0
1903850 131.0
1903860 131.0
1903870 130.9
1903880 131.0
1903890 131.0
1903900 131.1
1903910 131.1
1903920 131.1
1903930 131.1
1903940 131.1
1903950 131.1
1903960 131.0
1903970 131.1
1903980 131.1
1903990 131.2
1904000 131.3
1904010 131.3
1904020 131.3
1904030 131.2
1904040 131.2
1904050 131.1
1904060 131.0
1904070 131.0
1904080 130.9
1904090 131.0
1904100 131.0
1904110 131.1
1904120 131.3
1904130 131.3
1904140 131.2
1904150 131.2
1904160 131.2
1904170 131.1
1904180 131.0
1904190 131.0
1904200 130.9
1904210 130.9
1904220 130.9
1904230 130.8
1904240 130.9
1904250 130.9
1904260 130.9
1904270 130.9
1904280 130.9
1904290 130.9
1904300 130.9
1904310 130.9
1904320 130.9
1904330 130.8
1904340 130.8
1904350 130.8
1904360 130.8
1904370 130.8
1904380 130.8
1904390 130.8
1904400 130.8
1904410 130.8
1904420 130.8
1904430 130.8
1904440 130.7
1904450 130.7
1904460 130.7
1904470 130.7
1904480 130.6
1904490 130.6
1904500 130.5
1904510 130.5
1904520 130.5
1904530 130.5
1904540 130.5
1904550 130.5
1904560 130.6
1904570 130.7
1904580 130.6
1904590 130.6
1904600 130.6
1904610 130.6
1904620 130.8
1904630 130.9
1904640 130.9
1904650 130.6
1904660 130.4
1904670 130.4
1904680 130.4
1904690 130.4
1904700 130.4
1904710 130.3
1904720 130.2
1904730 130.2
1904740 130.1
1904750 130.0
1904760 130.0
1904770 130.0
1904780 130.1
1904790 130.1
1904800 130.1
1904810 130.2
1904820 130.2
1904830 130.2
1904840 130.0
1904850 130.0
1904860 130.0
1904870 130.0
1904880 130.1
1904890 130.1
1904900 130.1
1904910 130.0
1904920 130.0
1904930 130.0
1904940 130.0
1904950 130.0
1904960 130.1
1904970 130.1
1904980 130.1
1904990 130.1
1905000 130.0
1905010 130.0
1905020 130.0
1905030 130.1
1905040 130.1
1905050 130.1
1905060 130.1
1905070 130.1
1905080 130.1
1905090 130.0
1905100 130.0
1905110 130.0
1905120 129.9
1905130 129.9
1905140 129.9
1905150 129.9
1905160 129.9
1905170 130.0
1905180 130.0
1905190 130.0
1905200 129.9
1905210 129.9
1905220 129.9
1905230 129.9
1905240 130.0
1905250 130.0
1905260 129.9
1905270 129.9
1905280 129.9
1905290 129.9
1905300 129.9
1905310 129.9
1905320 129.9
1905330 130.0
1905340 130.0
1905350 130.0
1905360 130.0
1905370 130.0
1905380 129.9
1905390 129.8
1905400 129.8
1905410 129.9
1905420 130.0
1905430 130.0
1905440 130.0
1905450 130.0
1905460 130.0
1905470 130.0
1905480 129.9
1905490 129.9
1905500 129.9
1905510 129.8
1905520 129.8
1905530 129.8
1905540 129.7
1905550 129.7
1905560 129.7
1905570 129.6
1905580 129.6
1905590 129.7
1905600 129.7
1905610 129.7
1905620 129.8
1905630 129.8
1905640 129.8
1905650 129.8
1905660 129.8
1905670 129.8
1905680 129.7
1905690 129.7
1905700 129.7
1905710 129.7
1905720 129.7
1905730 129.7
1905740 129.7
1905750 129.7
1905760 129.7
1905770 129.6
1905780 129.6
1905790 129.6
1905800 129.6
1905810 129.7
1905820 129.7
1905830 129.6
1905840 129.6
1905850 129.6
1905860 129.7
1905870 129.7
1905880 129.7
1905890 129.8
1905900 129.9
1905910 129.9
1905920 129.9
1905930 129.8
1905940 129.8
1905950 129.9
1905960 129.8
1905970 129.7
1905980 129.7
1905990 129.6
1906000 129.6
1906010 129.6
1906020 129.6
1906030 129.8
1906040 129.8
1906050 130.0
1906060 130.1
1906070 130.1
1906080 130.1
1906090 129.8
1906100 129.8
1906110 129.8
1906120 129.6
1906130 129.6
1906140 129.7
1906150 129.7
1906160 129.7
1906170 129.7
1906180 129.7
1906190 129.7
1906200 129.8
1906210 129.8
1906220 129.8
1906230 129.8
1906240 129.8
1906250 129.8
1906260 129.9
1906270 130.0
1906280 130.0
1906290 130.0
1906300 130.0
1906310 130.0
1906320 130.0
1906330 130.0
1906340 130.0
1906350 130.0
1906360 130.0
1906370 130.0
1906380 130.0
1906390 130.0
1906400 130.0
1906410 130.0
1906420 130.0
1906430 130.0
1906440 130.0
1906450 130.1
1906460 130.1
1906470 130.1
1906480 130.0
1906490 130.0
1906500 130.0
1906510 129.9
1906520 129.9
1906530 129.8
1906540 129.8
1906550 129.8
1906560 129.8
1906570 129.8
1906580 129.8
1906590 129.8
1906600 129.8
1906610 129.8
1906620 129.8
1906630 129.8
1906640 129.8
1906650 129.9
1906660 129.9
1906670 129.9
1906680 130.0
1906690 129.9
1906700 129.9
1906710 129.9
1906720 129.9
1906730 129.9
1906740 130.0
1906750 130.0
1906760 130.0
1906770 130.0
1906780 130.1
1906790 130.1
1906800 130.1
1906810 130.1
1906820 130.1
1906830 130.2
1906840 130.2
1906850 130.2
1906860 130.1
1906870 130.2
1906880 130.2
1906890 130.2
1906900 130.2
1906910 130.2
1906920 130.2
1906930 130.1
1906940 130.1
1906950 130.1
1906960 130.1
1906970 130.1
1906980 130.1
1906990 130.0
1907000 130.0
1907010 129.8
1907020 129.8
1907030 129.9
1907040 129.8
1907050 129.9
1907060 129.9
1907070 129.9
1907080 129.9
1907090 129.9
1907100 129.9
1907110 129.8
1907120 129.8
1907130 129.8
1907140 129.7
1907150 129.8
1907160 129.8
1907170 129.8
1907180 129.9
1907190 129.9
1907200 129.9
1907210 129.9
1907220 129.9
1907230 129.9
1907240 129.9
1907250 129.9
1907260 129.9
1907270 129.8
1907280 129.8
1907290 129.7
1907300 129.7
1907310 129.7
1907320 129.6
1907330 129.6
1907340 129.6
1907350 129.7
1907360 129.7
1907370 129.7
1907380 129.6
1907390 129.6
1907400 129.6
1907410 129.6
1907420 129.7
1907430 129.7
1907440 129.6
1907450 129.7
1907460 129.7
1907470 129.7
1907480 129.7
1907490 129.7
1907500 129.7
1907510 129.8
1907520 129.8
1907530 129.9
1907540 129.9
1907550 129.9
1907560 129.9
1907570 129.8
1907580 129.8
1907590 129.9
1907600 129.9
1907610 129.9
1907620 129.9
1907630 129.9
1907640 129.9
1907650 129.9
1907660 129.8
1907670 129.8
1907680 129.8
1907690 129.8
1907700 129.8
1907710 129.8
1907720 129.7
1907730 129.7
1907740 129.7
1907750 129.8
1907760 129.8
1907770 129.8
1907780 129.9
1907790 129.9
1907800 129.9
1907810 129.9
1907820 129.9
1907830 129.9
1907840 130.0
1907850 130.0
1907860 130.0
1907870 130.0
1907880 130.0
1907890 129.9
