1900000 132.0
1900010 131.9
1900020 131.8
1900030 131.8
1900040 131.6
1900050 131.6
1900060 131.6
1900070 131.7
1900080 131.7
1900090 131.7
1900100 131.9
1900110 131.8
1900120 131.8
1900130 131.8
1900140 131.8
1900150 131.9
1900160 131.9
1900170 131.9
1900180 131.9
1900190 131.9
1900200 132.0
1900210 132.0
1900220 132.0
1900230 131.9
1900240 131.9
1900250 131.9
1900260 131.6
1900270 131.6
1900280 131.8
1900290 132.1
1900300 132.1
1900310 132.0
1900320 132.0
1900330 132.0
1900340 131.9
1900350 131.8
1900360 131.8
1900370 131.9
1900380 131.9
1900390 131.9
1900400 131.8
1900410 131.9
1900420 131.9
1900430 131.9
1900440 131.9
1900450 131.9
1900460 132.1
1900470 132.2
1900480 132.2
1900490 132.0
1900500 132.0
1900510 132.0
1900520 132.0
1900530 131.8
1900540 131.8
1900550 131.7
1900560 131.6
1900570 131.6
1900580 131.6
1900590 131.6
1900600 131.6
1900610 131.6
1900620 131.5
1900630 131.5
1900640 131.3
1900650 131.3
1900660 131.3
1900670 131.3
1900680 131.3
1900690 131.4
1900700 131.4
1900710 131.4
1900720 131.5
1900730 131.5
1900740 131.6
1900750 131.8
1900760 131.8
1900770 131.9
1900780 132.0
1900790 132.0
1900800 131.9
1900810 132.0
1900820 132.0
1900830 132.0
1900840 132.0
1900850 132.0
1900860 132.0
1900870 132.2
1900880 132.2
1900890 132.1
1900900 132.0
1900910 132.0
1900920 132.1
1900930 132.0
1900940 132.0
1900950 132.0
1900960 132.2
1900970 132.2
1900980 132.1
1900990 132.1
1901000 132.1
1901010 132.1
1901020 132.0
1901030 132.0
1901040 132.0
1901050 132.0
1901060 132.0
1901070 132.0
1901080 132.1
1901090 132.1
1901100 132.2
1901110 132.3
1901120 132.3
1901130 132.4
1901140 132.5
1901150 132.5
1901160 132.6
1901170 132.9
1901180 132.9
1901190 132.9
1901200 132.7
1901210 132.7
1901220 132.6
1901230 132.6
1901240 132.6
1901250 132.5
1901260 132.4
1901270 132.4
1901280 132.4
1901290 132.3
1901300 132.3
1901310 132.3
1901320 132.2
1901330 132.2
1901340 132.2
1901350 132.2
1901360 132.2
1901370 132.0
1901380 132.0
1901390 132.0
1901400 131.9
1901410 131.9
1901420 131.9
1901430 131.9
1901440 131.8
1901450 131.8
1901460 131.9
1901470 131.9
1901480 131.9
1901490 132.0
1901500 132.0
1901510 132.0
1901520 132.0
1901530 132.0
1901540 132.0
1901550 132.2
1901560 132.1
1901570 132.1
1901580 131.8
1901590 131.8
1901600 131.8
1901610 131.7
1901620 131.7
1901630 131.7
1901640 131.7
1901650 131.6
1901660 131.6
1901670 131.6
1901680 131.6
1901690 131.6
1901700 131.6
1901710 131.5
1901720 131.5
1901730 131.5
1901740 131.4
1901750 131.4
1901760 131.4
1901770 131.4
1901780 131.4
1901790 131.4
1901800 131.4
1901810 131.4
1901820 131.4
1901830 131.5
1901840 131.5
1901850 131.5
1901860 131.5
1901870 131.5
1901880 131.5
1901890 131.4
1901900 131.3
1901910 131.3
1901920 131.3
1901930 131.2
1901940 131.2
1901950 131.2
1901960 131.2
1901970 131.2
1901980 131.2
1901990 131.3
1902000 131.3
1902010 131.3
1902020 131.3
1902030 131.3
1902040 131.4
1902050 131.4
1902060 131.4
1902070 131.5
1902080 131.4
1902090 131.4
1902100 131.7
1902110 131.4
1902120 131.4
1902130 131.3
1902140 131.3
1902150 131.3
1902160 131.3
1902170 131.3
1902180 131.3
1902190 131.3
1902200 131.3
1902210 131.3
1902220 131.3
1902230 131.3
1902240 131.3
1902250 131.3
1902260 131.3
1902270 131.3
1902280 131.4
1902290 131.3
1902300 131.3
1902310 131.3
1902320 131.3
1902330 131.3
1902340 131.3
1902350 131.3
1902360 131.3
1902370 131.3
1902380 131.3
1902390 131.3
1902400 131.3
1902410 131.3
1902420 131.3
1902430 131.3
1902440 131.3
1902450 131.3
1902460 131.3
1902470 131.2
1902480 131.2
1902490 131.2
1902500 131.2
1902510 131.2
1902520 131.2
1902530 131.2
1902540 131.2
1902550 131.1
1902560 131.1
1902570 131.1
1902580 131.2
1902590 131.2
1902600 131.2
1902610 131.4
1902620 131.6
1902630 131.3
1902640 131.2
1902650 131.1
1902660 131.1
1902670 131.1
1902680 131.0
1902690 131.0
1902700 131.0
1902710 131.1
1902720 131.1
1902730 131.3
1902740 131.1
1902750 131.1
1902760 131.1
1902770 131.2
1902780 131.2
1902790 131.1
1902800 131.1
1902810 131.1
1902820 131.1
1902830 131.1
1902840 131.1
1902850 131.1
1902860 131.1
1902870 131.1
1902880 131.1
1902890 131.1
1902900 131.1
1902910 131.1
1902920 131.1
1902930 131.1
1902940 131.1
1902950 131.0
1902960 131.0
1902970 131.0
1902980 131.1
1902990 131.1
1903000 131.1
1903010 131.1
1903020 131.1
1903030 131.1
1903040 131.0
1903050 131.0
1903060 131.0
1903070 131.1
1903080 131.1
1903090 131.1
1903100 131.0
1903110 131.0
1903120 131.0
1903130 131.1
1903140 131.1
1903150 131.1
1903160 131.0
1903170 131.0
1903180 131.0
1903190 131.0
1903200 131.0
1903210 131.0
1903220 131.0
1903230 131.0
1903240 131.0
1903250 131.0
1903260 131.0
1903270 131.0
1903280 130.9
1903290 130.9
1903300 130.9
1903310 130.9
1903320 130.9
1903330 130.9
1903340 130.9
1903350 130.9
1903360 130.9
1903370 130.9
1903380 131.0
1903390 131.0
1903400 131.0
1903410 131.1
1903420 131.1
1903430 131.1
1903440 131.1
1903450 131.1
1903460 131.1
1903470 131.1
1903480 131.1
1903490 131.1
1903500 131.2
1903510 131.2
1903520 131.2
1903530 131.3
1903540 131.3
1903550 131.3
1903560 131.3
1903570 131.3
1903580 131.3
1903590 131.4
1903600 131.4
1903610 131.4
1903620 131.4
1903630 131.4
1903640 131.4
1903650 131.4
1903660 131.4
1903670 131.4
1903680 131.3
1903690 131.3
1903700 131.3
1903710 131.2
1903720 131.2
1903730 131.2
1903740 131.2
1903750 131.2
1903760 131.1
1903770 131.0
1903780 131.0
1903790 131.0
1903800 131.0
1903810 131.0
1903820 131.2
1903830 131.3
1903840 131.3
1903850 131.3
1903860 131.3
1903870 131.3
1903880 131.3
1903890 131.2
1903900 131.2
1903910 131.3
1903920 131.1
1903930 131.1
1903940 130.9
1903950 130.8
1903960 130.8
1903970 130.8
1903980 130.8
1903990 130.8
1904000 130.8
1904010 130.8
1904020 130.8
1904030 130.8
1904040 130.7
1904050 130.7
1904060 130.7
1904070 130.7
1904080 130.7
1904090 130.7
1904100 130.7
1904110 130.7
1904120 130.7
1904130 130.7
1904140 130.7
1904150 130.7
1904160 130.7
1904170 130.6
1904180 130.6
1904190 130.6
1904200 130.5
1904210 130.5
1904220 130.5
1904230 130.5
1904240 130.5
1904250 130.6
1904260 130.7
1904270 130.7
1904280 130.7
1904290 130.8
1904300 130.8
1904310 130.8
1904320 130.8
1904330 130.8
1904340 130.8
1904350 130.8
1904360 130.8
1904370 130.8
1904380 130.8
1904390 130.8
1904400 130.9
1904410 130.9
1904420 130.9
1904430 130.8
1904440 130.7
1904450 130.7
1904460 130.7
1904470 130.6
1904480 130.7
1904490 130.6
1904500 130.5
1904510 130.5
1904520 130.5
1904530 130.5
1904540 130.5
1904550 130.4
1904560 130.4
1904570 130.4
1904580 130.4
1904590 130.3
1904600 130.3
1904610 130.3
1904620 130.3
1904630 130.3
1904640 130.3
1904650 130.3
1904660 130.3
1904670 130.2
1904680 130.2
1904690 130.2
1904700 130.2
1904710 130.2
1904720 130.2
1904730 130.2
1904740 130.2
1904750 130.2
1904760 130.2
1904770 130.4
1904780 130.2
1904790 130.4
1904800 130.4
1904810 130.4
1904820 130.1
1904830 130.0
1904840 130.0
1904850 130.1
1904860 130.2
1904870 130.2
1904880 130.1
1904890 130.1
1904900 130.1
1904910 130.0
1904920 130.0
1904930 130.0
1904940 130.0
1904950 130.1
1904960 130.1
1904970 130.1
1904980 130.0
1904990 130.0
1905000 129.9
1905010 129.9
1905020 129.9
1905030 129.9
1905040 130.0
1905050 130.0
1905060 130.0
1905070 130.0
1905080 130.0
1905090 130.0
1905100 130.0
1905110 130.0
1905120 130.0
1905130 130.0
1905140 130.0
1905150 129.9
1905160 129.9
1905170 129.9
1905180 129.9
1905190 129.9
1905200 129.9
1905210 129.9
1905220 129.9
1905230 130.0
1905240 130.0
1905250 130.0
1905260 129.9
1905270 129.9
1905280 129.9
1905290 130.0
1905300 130.0
1905310 130.0
1905320 130.0
1905330 130.0
1905340 130.0
1905350 130.0
1905360 130.0
1905370 130.0
1905380 130.1
1905390 130.1
1905400 130.0
1905410 129.9
1905420 129.9
1905430 129.9
1905440 129.9
1905450 129.9
1905460 129.9
1905470 129.9
1905480 129.9
1905490 129.9
1905500 129.9
1905510 129.9
1905520 129.8
1905530 129.9
1905540 129.9
1905550 129.9
1905560 129.9
1905570 129.9
1905580 129.9
1905590 129.9
1905600 129.9
1905610 130.1
1905620 130.0
1905630 130.0
1905640 129.9
1905650 129.9
1905660 129.9
1905670 129.8
1905680 129.8
1905690 129.8
1905700 129.8
1905710 129.7
1905720 129.7
1905730 129.6
1905740 129.7
1905750 129.7
1905760 129.7
1905770 129.8
1905780 129.8
1905790 129.8
1905800 129.8
1905810 129.8
1905820 129.8
1905830 129.7
1905840 129.7
1905850 129.7
1905860 129.8
1905870 129.8
1905880 129.9
1905890 130.0
1905900 130.0
1905910 130.2
1905920 130.1
1905930 130.1
1905940 130.1
1905950 130.0
1905960 130.0
1905970 129.9
1905980 129.9
1905990 129.9
1906000 129.7
1906010 129.8
1906020 129.8
1906030 129.8
1906040 129.9
1906050 129.9
1906060 129.9
1906070 129.9
1906080 129.9
1906090 129.9
1906100 129.9
1906110 129.9
1906120 129.8
1906130 129.8
1906140 129.8
1906150 129.8
1906160 129.9
1906170 129.9
1906180 129.9
1906190 129.8
1906200 129.8
1906210 129.8
1906220 129.9
1906230 129.9
1906240 129.9
1906250 130.0
1906260 130.0
1906270 130.1
1906280 130.2
1906290 130.2
1906300 130.2
1906310 130.2
1906320 130.3
1906330 130.2
1906340 130.2
1906350 130.2
1906360 130.2
1906370 130.2
1906380 130.1
1906390 130.1
1906400 130.1
1906410 130.1
1906420 130.1
1906430 130.0
1906440 130.0
1906450 130.0
1906460 130.0
1906470 130.0
1906480 130.0
1906490 130.0
1906500 130.0
1906510 130.0
1906520 130.1
1906530 130.2
1906540 130.2
1906550 130.2
1906560 130.3
1906570 130.3
1906580 130.2
1906590 130.0
1906600 130.0
1906610 129.9
1906620 130.0
1906630 130.0
1906640 130.0
1906650 130.0
1906660 130.0
1906670 130.0
1906680 129.9
1906690 129.9
1906700 129.9
1906710 130.0
1906720 130.0
1906730 130.0
1906740 130.0
1906750 130.0
1906760 130.0
1906770 130.0
1906780 130.0
1906790 130.0
1906800 130.0
1906810 130.0
1906820 130.1
1906830 130.1
1906840 130.1
1906850 130.2
1906860 130.2
1906870 130.2
1906880 130.3
1906890 130.1
1906900 130.1
1906910 130.0
1906920 129.9
1906930 129.9
1906940 129.9
1906950 129.9
1906960 129.9
1906970 130.0
1906980 129.9
1906990 129.9
1907000 129.9
1907010 129.9
1907020 129.9
1907030 129.9
1907040 129.9
1907050 129.9
1907060 129.8
1907070 129.8
1907080 129.8
1907090 129.7
1907100 129.8
1907110 129.8
1907120 129.8
1907130 129.8
1907140 129.8
1907150 129.8
1907160 129.9
1907170 129.9
1907180 129.9
1907190 129.9
1907200 129.9
1907210 129.8
1907220 129.7
1907230 129.8
1907240 129.7
1907250 129.7
1907260 129.7
1907270 129.7
1907280 129.7
1907290 129.7
1907300 129.8
1907310 129.7
1907320 129.7
1907330 129.7
1907340 129.7
1907350 129.7
1907360 129.8
1907370 129.9
1907380 129.9
1907390 129.9
1907400 129.9
1907410 129.9
1907420 129.9
1907430 129.9
1907440 129.9
1907450 129.9
1907460 129.9
1907470 129.9
1907480 129.9
1907490 129.9
1907500 129.9
1907510 129.9
1907520 129.9
1907530 129.8
1907540 129.8
1907550 129.8
1907560 129.7
1907570 129.7
1907580 129.8
1907590 129.8
1907600 129.8
1907610 129.8
1907620 129.7
1907630 129.7
1907640 129.7
1907650 129.7
1907660 129.7
1907670 129.7
1907680 129.8
1907690 129.8
1907700 129.8
1907710 129.8
1907720 129.8
1907730 129.7
1907740 129.7
1907750 129.7
1907760 129.7
1907770 129.7
1907780 129.7
1907790 129.7
1907800 129.7
1907810 129.7
1907820 129.7
1907830 129.7
1907840 129.8
1907850 129.7
1907860 129.6
1907870 129.6
1907880 129.6
1907890 129.6
1907900 129.6
1907910 129.6
1907920 129.6
1907930 129.6
1907940 129.6
1907950 129.6
1907960 129.6
1907970 129.5
1907980 129.6
1907990 129.6
1908000 129.6
1908010 129.6
1908020 129.6
1908030 129.6
1908040 129.7
1908050 129.7
