1900000 132.7
1900010 132.5
1900020 132.4
1900030 132.4
1900040 132.4
1900050 132.4
1900060 132.4
1900070 132.5
1900080 132.7
1900090 132.7
1900100 132.8
1900110 132.7
1900120 132.7
1900130 132.5
1900140 132.3
1900150 132.3
1900160 132.2
1900170 132.3
1900180 132.3
1900190 132.4
1900200 132.8
1900210 132.8
1900220 132.9
1900230 132.9
1900240 132.9
1900250 132.9
1900260 132.8
1900270 132.8
1900280 132.7
1900290 132.7
1900300 132.7
1900310 132.7
1900320 132.7
1900330 132.7
1900340 132.7
1900350 132.7
1900360 132.7
1900370 132.6
1900380 132.5
1900390 132.5
1900400 132.5
1900410 132.5
1900420 132.5
1900430 132.5
1900440 132.5
1900450 132.5
1900460 132.5
1900470 132.5
1900480 132.5
1900490 132.6
1900500 132.5
1900510 132.5
1900520 132.5
1900530 132.5
1900540 132.5
1900550 132.5
1900560 132.1
1900570 132.1
1900580 132.6
1900590 132.2
1900600 132.2
1900610 132.5
1900620 132.5
1900630 132.6
1900640 132.6
1900650 132.6
1900660 132.6
1900670 132.6
1900680 132.5
1900690 132.5
1900700 132.6
1900710 132.6
1900720 132.6
1900730 132.6
1900740 132.6
1900750 132.6
1900760 132.6
1900770 132.6
1900780 132.7
1900790 132.7
1900800 132.7
1900810 132.7
1900820 132.7
1900830 132.7
1900840 132.9
1900850 132.9
1900860 133.0
1900870 133.0
1900880 133.0
1900890 133.0
1900900 132.8
1900910 132.8
1900920 132.7
1900930 132.7
1900940 132.6
1900950 132.5
1900960 132.6
1900970 132.6
1900980 132.8
1900990 132.8
1901000 132.8
1901010 132.8
1901020 132.9
1901030 132.9
1901040 132.9
1901050 133.0
1901060 133.0
1901070 133.1
1901080 133.1
1901090 133.1
1901100 133.0
1901110 133.0
1901120 133.0
1901130 133.0
1901140 133.0
1901150 133.0
1901160 132.9
1901170 132.9
1901180 132.9
1901190 132.9
1901200 132.8
1901210 132.8
1901220 132.8
1901230 132.7
1901240 132.7
1901250 132.7
1901260 132.7
1901270 132.7
1901280 132.8
1901290 132.6
1901300 132.6
1901310 132.4
1901320 132.4
1901330 132.4
1901340 132.3
1901350 132.2
1901360 132.2
1901370 132.2
1901380 132.1
1901390 132.1
1901400 132.1
1901410 132.1
1901420 132.1
1901430 132.0
1901440 132.0
1901450 132.0
1901460 131.9
1901470 131.8
1901480 131.8
1901490 131.9
1901500 131.8
1901510 131.8
1901520 131.7
1901530 131.7
1901540 131.7
1901550 131.8
1901560 131.8
1901570 131.8
1901580 131.9
1901590 131.7
1901600 131.7
1901610 131.7
1901620 131.7
1901630 131.7
1901640 131.7
1901650 131.7
1901660 131.7
1901670 131.6
1901680 131.6
1901690 131.6
1901700 131.6
1901710 131.5
1901720 131.5
1901730 131.4
1901740 131.4
1901750 131.4
1901760 131.3
1901770 131.4
1901780 131.4
1901790 131.4
1901800 131.3
1901810 131.3
1901820 131.4
1901830 131.4
1901840 131.4
1901850 131.4
1901860 131.5
1901870 131.6
1901880 131.7
1901890 131.9
1901900 131.9
1901910 131.9
1901920 131.8
1901930 131.7
1901940 131.7
1901950 131.8
1901960 131.8
1901970 131.8
1901980 131.8
1901990 131.7
1902000 131.7
1902010 131.4
1902020 131.3
1902030 131.3
1902040 131.3
1902050 131.4
1902060 131.4
1902070 131.4
1902080 131.4
1902090 131.4
1902100 131.4
1902110 131.5
1902120 131.5
1902130 131.6
1902140 131.5
1902150 131.5
1902160 131.5
1902170 131.6
1902180 131.4
1902190 131.4
1902200 131.4
1902210 131.4
1902220 131.4
1902230 131.4
1902240 131.4
1902250 131.4
1902260 131.5
1902270 131.5
1902280 131.4
1902290 131.5
1902300 131.5
1902310 131.4
1902320 131.6
1902330 131.6
1902340 131.8
1902350 131.7
1902360 131.7
1902370 131.6
1902380 131.6
1902390 131.6
1902400 131.5
1902410 131.5
1902420 131.5
1902430 131.5
1902440 131.6
1902450 131.6
1902460 131.7
1902470 131.6
1902480 131.6
1902490 131.4
1902500 131.4
1902510 131.4
1902520 131.3
1902530 131.3
1902540 131.3
1902550 131.3
1902560 131.3
1902570 131.3
1902580 131.4
1902590 131.4
1902600 131.4
1902610 131.3
1902620 131.4
1902630 131.4
1902640 131.4
1902650 131.4
1902660 131.4
1902670 131.4
1902680 131.5
1902690 131.5
1902700 131.4
1902710 131.5
1902720 131.5
1902730 131.5
1902740 131.5
1902750 131.5
1902760 131.4
1902770 131.4
1902780 131.4
1902790 131.4
1902800 131.3
1902810 131.3
1902820 131.3
1902830 131.3
1902840 131.3
1902850 131.3
1902860 131.2
1902870 131.2
1902880 131.3
1902890 131.3
1902900 131.3
1902910 131.2
1902920 131.2
1902930 131.2
1902940 131.2
1902950 131.2
1902960 131.2
1902970 131.2
1902980 131.2
1902990 131.2
1903000 131.3
1903010 131.3
1903020 131.3
1903030 131.2
1903040 131.2
1903050 131.2
1903060 131.2
1903070 131.2
1903080 131.2
1903090 131.2
1903100 131.2
1903110 131.2
1903120 131.2
1903130 131.2
1903140 131.1
1903150 131.1
1903160 131.2
1903170 131.1
1903180 131.1
1903190 131.1
1903200 131.1
1903210 131.1
1903220 131.1
1903230 131.1
1903240 131.1
1903250 131.1
1903260 131.1
1903270 131.1
1903280 130.9
1903290 130.9
1903300 130.9
1903310 130.9
1903320 130.9
1903330 130.9
1903340 130.9
1903350 130.9
1903360 130.9
1903370 130.9
1903380 131.0
1903390 131.0
1903400 131.0
1903410 131.0
1903420 131.0
1903430 131.0
1903440 130.9
1903450 130.9
1903460 130.9
1903470 131.0
1903480 131.0
1903490 130.9
1903500 130.9
1903510 130.9
1903520 130.9
1903530 130.9
1903540 130.9
1903550 130.9
1903560 130.9
1903570 130.9
1903580 130.9
1903590 130.9
1903600 130.9
1903610 130.9
1903620 130.9
1903630 130.9
1903640 130.9
1903650 130.8
1903660 130.8
1903670 130.8
1903680 130.9
1903690 130.9
1903700 130.9
1903710 130.9
1903720 130.9
1903730 130.8
1903740 130.7
1903750 130.7
1903760 130.7
1903770 130.7
1903780 130.7
1903790 130.7
1903800 130.6
1903810 130.6
1903820 130.6
1903830 130.6
1903840 130.6
1903850 130.5
1903860 130.4
1903870 130.4
1903880 130.5
1903890 130.5
1903900 130.5
1903910 130.6
1903920 130.7
1903930 130.7
1903940 130.7
1903950 130.7
1903960 130.7
1903970 130.7
1903980 130.6
1903990 130.6
1904000 130.5
1904010 130.4
1904020 130.4
1904030 130.4
1904040 130.6
1904050 130.6
1904060 130.6
1904070 130.5
1904080 130.5
1904090 130.6
1904100 130.7
1904110 130.7
1904120 130.6
1904130 130.5
1904140 130.5
1904150 130.6
1904160 130.6
1904170 130.6
1904180 130.6
1904190 130.6
1904200 130.6
1904210 130.7
1904220 130.7
1904230 130.7
1904240 130.6
1904250 130.6
1904260 130.6
1904270 130.6
1904280 130.7
1904290 130.7
1904300 130.7
1904310 130.7
1904320 130.6
1904330 130.6
1904340 130.6
1904350 130.6
1904360 130.6
1904370 130.6
1904380 130.6
1904390 130.6
1904400 130.6
1904410 130.7
1904420 130.7
1904430 130.8
1904440 130.8
1904450 130.8
1904460 130.9
1904470 131.0
1904480 131.0
1904490 131.0
1904500 131.1
1904510 131.1
1904520 131.2
1904530 131.2
1904540 131.2
1904550 131.1
1904560 130.8
1904570 130.8
1904580 131.0
1904590 131.1
1904600 131.1
1904610 130.9
1904620 130.6
1904630 130.6
1904640 130.5
1904650 130.5
1904660 130.5
1904670 130.5
1904680 130.5
1904690 130.5
1904700 130.5
1904710 130.5
1904720 130.5
1904730 130.5
1904740 130.5
1904750 130.5
1904760 130.6
1904770 130.6
1904780 130.6
1904790 130.6
1904800 130.6
1904810 130.6
1904820 130.7
1904830 130.8
1904840 130.8
1904850 130.7
1904860 130.8
1904870 130.8
1904880 130.8
1904890 130.8
1904900 130.8
1904910 130.7
1904920 130.7
1904930 130.7
1904940 130.7
1904950 130.7
1904960 130.7
1904970 130.6
1904980 130.5
1904990 130.5
1905000 130.5
1905010 130.4
1905020 130.4
1905030 130.4
1905040 130.4
1905050 130.4
1905060 130.4
1905070 130.4
1905080 130.4
1905090 130.4
1905100 130.4
1905110 130.4
1905120 130.4
1905130 130.5
1905140 130.5
1905150 130.5
1905160 130.5
1905170 130.5
1905180 130.5
1905190 130.6
1905200 130.6
1905210 130.6
1905220 130.6
1905230 130.6
1905240 130.6
1905250 130.6
1905260 130.6
1905270 130.5
1905280 130.5
1905290 130.5
1905300 130.7
1905310 130.9
1905320 130.9
1905330 130.8
1905340 130.7
1905350 130.7
1905360 130.7
1905370 130.7
1905380 130.7
1905390 130.4
1905400 130.5
1905410 130.5
1905420 130.5
1905430 130.5
1905440 130.5
1905450 130.6
1905460 130.6
1905470 130.7
1905480 130.7
1905490 130.7
1905500 130.8
1905510 130.8
1905520 130.7
1905530 130.6
1905540 130.6
1905550 130.4
1905560 130.4
1905570 130.4
1905580 130.4
1905590 130.4
1905600 130.4
1905610 130.4
1905620 130.4
1905630 130.4
1905640 130.5
1905650 130.5
1905660 130.5
1905670 130.4
1905680 130.4
1905690 130.4
1905700 130.4
1905710 130.3
1905720 130.3
1905730 130.3
1905740 130.4
1905750 130.4
1905760 130.4
1905770 130.4
1905780 130.4
1905790 130.3
1905800 130.3
1905810 130.3
1905820 130.3
1905830 130.4
1905840 130.4
1905850 130.5
1905860 130.5
1905870 130.5
1905880 130.7
1905890 130.7
1905900 130.7
1905910 130.7
1905920 130.7
1905930 130.7
1905940 130.7
1905950 130.7
1905960 130.7
1905970 130.7
1905980 130.7
1905990 130.7
1906000 130.6
1906010 130.5
1906020 130.5
1906030 130.4
1906040 130.4
1906050 130.4
1906060 130.4
1906070 130.3
1906080 130.3
1906090 130.3
1906100 130.3
1906110 130.3
1906120 130.3
1906130 130.2
1906140 130.2
1906150 130.2
1906160 130.1
1906170 130.1
1906180 130.1
1906190 130.1
1906200 130.1
1906210 130.2
1906220 130.3
1906230 130.3
1906240 130.5
1906250 130.6
1906260 130.6
1906270 130.5
1906280 130.3
1906290 130.3
1906300 130.2
1906310 130.1
1906320 130.1
1906330 130.1
1906340 130.2
1906350 130.2
1906360 130.2
1906370 130.3
1906380 130.3
1906390 130.3
1906400 130.4
1906410 130.4
1906420 130.4
1906430 130.4
1906440 130.4
1906450 130.5
1906460 130.5
1906470 130.5
1906480 130.6
1906490 130.6
1906500 130.6
1906510 130.7
1906520 130.8
1906530 130.8
1906540 130.8
1906550 130.7
1906560 130.7
1906570 130.7
1906580 130.7
1906590 130.7
1906600 130.7
1906610 130.7
1906620 130.7
1906630 130.7
1906640 130.7
1906650 130.6
1906660 130.6
1906670 130.6
1906680 130.6
1906690 130.6
1906700 130.6
1906710 130.6
1906720 130.6
1906730 130.5
1906740 130.5
1906750 130.5
1906760 130.5
1906770 130.5
1906780 130.5
1906790 130.5
1906800 130.5
1906810 130.5
1906820 130.6
1906830 130.6
1906840 130.6
1906850 130.5
1906860 130.6
1906870 130.6
1906880 130.6
1906890 130.6
1906900 130.6
1906910 130.6
1906920 130.6
1906930 130.6
1906940 130.5
1906950 130.5
1906960 130.5
1906970 130.5
1906980 130.5
1906990 130.5
1907000 130.5
1907010 130.5
1907020 130.5
1907030 130.5
1907040 130.5
1907050 130.5
1907060 130.5
1907070 130.4
1907080 130.4
1907090 130.5
1907100 130.6
1907110 130.6
1907120 130.6
1907130 130.5
1907140 130.5
1907150 130.5
1907160 130.6
1907170 130.6
1907180 130.6
1907190 130.6
1907200 130.6
1907210 130.6
1907220 130.6
1907230 130.6
1907240 130.7
1907250 130.9
1907260 130.9
1907270 131.0
1907280 131.0
1907290 131.0
1907300 131.0
1907310 130.9
1907320 130.9
1907330 130.8
1907340 130.7
1907350 130.7
1907360 130.7
1907370 130.7
1907380 130.7
1907390 130.6
1907400 130.6
1907410 130.6
1907420 130.6
1907430 130.6
1907440 130.6
1907450 130.6
1907460 130.6
1907470 130.6
1907480 130.6
1907490 130.6
1907500 130.6
1907510 130.6
1907520 130.6
1907530 130.6
1907540 130.6
1907550 130.6
1907560 130.6
1907570 130.5
1907580 130.5
1907590 130.5
1907600 130.5
1907610 130.7
1907620 130.7
1907630 130.9
1907640 130.9
1907650 130.9
1907660 130.8
1907670 130.8
1907680 130.8
1907690 130.8
1907700 130.7
1907710 130.8
1907720 130.7
1907730 130.7
1907740 130.7
1907750 130.7
1907760 130.7
1907770 130.7
1907780 130.7
1907790 130.7
1907800 130.7
1907810 130.7
1907820 130.8
1907830 130.8
1907840 130.8
1907850 130.7
1907860 130.7
1907870 130.7
1907880 130.6
1907890 130.6
1907900 130.6
1907910 130.6
1907920 130.6
1907930 130.6
1907940 130.6
1907950 130.6
1907960 130.6
1907970 130.6
1907980 130.6
1907990 130.6
1908000 130.6
1908010 130.6
1908020 130.6
1908030 130.6
1908040 130.6
1908050 130.6
1908060 130.6
1908070 130.6
1908080 130.6
1908090 130.7
1908100 130.7
1908110 130.7
1908120 130.6
1908130 130.6
1908140 130.6
1908150 130.6
1908160 130.6
1908170 130.6
1908180 130.6
1908190 130.6
1908200 130.6
1908210 130.6
1908220 130.6
1908230 130.6
1908240 130.7
1908250 130.7
1908260 130.7
1908270 130.7
1908280 130.6
1908290 130.6
1908300 130.6
1908310 130.6
1908320 130.7
1908330 130.7
1908340 130.7
1908350 130.7
1908360 130.7
1908370 130.8
1908380 130.8
1908390 130.7
1908400 130.7
1908410 130.7
1908420 130.7
1908430 130.7
1908440 130.7
1908450 130.6
1908460 130.6
1908470 130.6
1908480 130.6
1908490 130.6
1908500 130.6
1908510 130.7
1908520 130.8
1908530 130.8
1908540 130.7
1908550 130.7
1908560 130.7
1908570 130.7
1908580 130.7
1908590 130.7
1908600 130.6
1908610 130.6
1908620 130.6
1908630 130.6
1908640 130.6
1908650 130.6
1908660 130.6
1908670 130.6
1908680 130.6
1908690 130.5
1908700 130.6
1908710 130.6
1908720 130.6
1908730 130.6
1908740 130.6
1908750 130.6
1908760 130.6
1908770 130.6
1908780 130.6
1908790 130.6
1908800 130.6
1908810 130.7
1908820 130.7
1908830 130.7
1908840 130.8
1908850 130.7
1908860 130.7
1908870 130.7
1908880 130.6
1908890 130.6
1908900 130.5
1908910 130.5
1908920 130.5
1908930 130.4
1908940 130.4
1908950 130.4
1908960 130.4
1908970 130.3
1908980 130.3
1908990 130.3
1909000 130.4
1909010 130.4
1909020 130.6
1909030 130.6
1909040 130.5
1909050 130.4
1909060 130.4
1909070 130.4
1909080 130.3
1909090 130.3
1909100 130.3
1909110 130.3
1909120 130.2
1909130 130.1
1909140 130.1
1909150 130.1
1909160 130.1
1909170 130.1
1909180 130.2
1909190 130.2
1909200 130.2
1909210 130.1
1909220 130.1
1909230 130.1
1909240 130.1
1909250 130.2
1909260 130.1
1909270 130.1
1909280 130.0
1909290 130.0
1909300 129.9
1909310 129.9
1909320 129.9
1909330 130.0
1909340 130.0
1909350 130.0
1909360 130.1
1909370 130.1
1909380 130.1
1909390 130.1
1909400 130.0
1909410 130.0
1909420 130.0
1909430 129.9
1909440 130.0
1909450 130.0
1909460 129.9
1909470 129.9
