1900000 132.2
1900010 132.2
1900020 132.2
1900030 132.2
1900040 132.2
1900050 132.2
1900060 132.2
1900070 132.2
1900080 132.2
1900090 132.2
1900100 132.2
1900110 132.2
1900120 132.2
1900130 132.2
1900140 132.2
1900150 132.2
1900160 132.2
1900170 132.2
1900180 132.2
1900190 132.2
1900200 132.2
1900210 132.2
1900220 132.2
1900230 132.2
1900240 132.3
1900250 132.3
1900260 132.3
1900270 132.2
1900280 132.2
1900290 132.2
1900300 132.2
1900310 132.2
1900320 132.2
1900330 132.2
1900340 132.3
1900350 132.3
1900360 132.3
1900370 132.2
1900380 132.2
1900390 132.2
1900400 132.2
1900410 132.2
1900420 132.2
1900430 132.2
1900440 132.2
1900450 132.4
1900460 132.5
1900470 132.5
1900480 132.6
1900490 132.7
1900500 132.6
1900510 132.7
1900520 132.8
1900530 132.8
1900540 132.9
1900550 133.0
1900560 133.0
1900570 133.0
1900580 132.7
1900590 132.7
1900600 132.3
1900610 132.5
1900620 132.5
1900630 132.8
1900640 132.9
1900650 132.9
1900660 132.8
1900670 132.8
1900680 132.8
1900690 132.7
1900700 132.7
1900710 132.7
1900720 132.7
1900730 132.7
1900740 132.7
1900750 132.6
1900760 132.4
1900770 132.4
1900780 132.3
1900790 132.2
1900800 132.2
1900810 132.2
1900820 132.3
1900830 132.3
1900840 132.4
1900850 132.5
1900860 132.5
1900870 132.4
1900880 132.4
1900890 132.4
1900900 132.5
1900910 132.5
1900920 132.5
1900930 132.5
1900940 132.5
1900950 132.5
1900960 132.5
1900970 132.5
1900980 132.5
1900990 132.5
1901000 132.4
1901010 132.4
1901020 132.4
1901030 132.5
1901040 132.5
1901050 132.7
1901060 132.7
1901070 132.7
1901080 132.8
1901090 133.1
1901100 133.1
1901110 132.9
1901120 132.8
1901130 132.8
1901140 132.8
1901150 132.8
1901160 132.8
1901170 132.7
1901180 132.7
1901190 132.7
1901200 132.6
1901210 132.4
1901220 132.4
1901230 132.3
1901240 132.3
1901250 132.3
1901260 132.2
1901270 132.1
1901280 132.1
1901290 132.1
1901300 132.0
1901310 132.0
1901320 132.0
1901330 131.9
1901340 131.9
1901350 132.0
1901360 132.0
1901370 132.0
1901380 132.0
1901390 131.8
1901400 131.8
1901410 131.6
1901420 131.7
1901430 131.7
1901440 131.7
1901450 131.7
1901460 131.7
1901470 131.7
1901480 131.7
1901490 131.7
1901500 131.7
1901510 131.6
1901520 131.6
1901530 131.6
1901540 131.6
1901550 131.6
1901560 131.6
1901570 131.6
1901580 131.7
1901590 131.7
1901600 131.7
1901610 131.7
1901620 131.7
1901630 131.8
1901640 131.8
1901650 131.8
1901660 131.7
1901670 131.6
1901680 131.6
1901690 131.6
1901700 131.6
1901710 131.6
1901720 131.6
1901730 131.6
1901740 131.5
1901750 131.5
1901760 131.5
1901770 131.5
1901780 131.6
1901790 131.6
1901800 131.6
1901810 131.4
1901820 131.4
1901830 131.4
1901840 131.4
1901850 131.4
1901860 131.4
1901870 131.3
1901880 131.3
1901890 131.3
1901900 131.4
1901910 131.4
1901920 131.4
1901930 131.5
1901940 131.5
1901950 131.5
1901960 131.5
1901970 131.4
1901980 131.4
1901990 131.5
1902000 131.5
1902010 131.5
1902020 131.4
1902030 131.4
1902040 131.4
1902050 131.4
1902060 131.4
1902070 131.4
1902080 131.4
1902090 131.4
1902100 131.4
1902110 131.4
1902120 131.4
1902130 131.4
1902140 131.4
1902150 131.4
1902160 131.4
1902170 131.5
1902180 131.4
1902190 131.4
1902200 131.4
1902210 131.4
1902220 131.4
1902230 131.4
1902240 131.5
1902250 131.5
1902260 131.6
1902270 131.7
1902280 131.7
1902290 131.7
1902300 131.8
1902310 131.8
1902320 131.6
1902330 131.4
1902340 131.4
1902350 131.2
1902360 131.2
1902370 131.2
1902380 131.2
1902390 131.2
1902400 131.2
1902410 131.2
1902420 131.2
1902430 131.2
1902440 131.2
1902450 131.2
1902460 131.2
1902470 131.2
1902480 131.2
1902490 131.2
1902500 131.1
1902510 131.1
1902520 131.1
1902530 131.0
1902540 131.1
1902550 131.1
1902560 131.1
1902570 131.2
1902580 131.2
1902590 131.1
1902600 131.1
1902610 131.1
1902620 131.1
1902630 131.2
1902640 131.2
1902650 131.2
1902660 131.2
1902670 131.3
1902680 131.3
1902690 131.2
1902700 131.2
1902710 131.2
1902720 131.2
1902730 131.3
1902740 131.3
1902750 131.3
1902760 131.3
1902770 131.3
1902780 131.3
1902790 131.3
1902800 131.3
1902810 131.3
1902820 131.4
1902830 131.4
1902840 131.4
1902850 131.3
1902860 131.3
1902870 131.4
1902880 131.3
1902890 131.3
1902900 131.3
1902910 131.4
1902920 131.4
1902930 131.3
1902940 131.2
1902950 131.2
1902960 131.2
1902970 131.3
1902980 131.3
1902990 131.3
1903000 131.3
1903010 131.3
1903020 131.3
1903030 131.3
1903040 131.3
1903050 131.3
1903060 131.3
1903070 131.3
1903080 131.3
1903090 131.3
1903100 131.3
1903110 131.3
1903120 131.6
1903130 131.6
1903140 131.4
1903150 131.3
1903160 131.3
1903170 131.3
1903180 131.2
1903190 131.2
1903200 131.2
1903210 131.2
1903220 131.2
1903230 131.3
1903240 131.3
1903250 131.3
1903260 131.3
1903270 131.2
1903280 131.2
1903290 131.3
1903300 131.3
1903310 131.3
1903320 131.3
1903330 131.4
1903340 131.4
1903350 131.4
1903360 131.1
1903370 131.1
1903380 131.1
1903390 131.7
1903400 131.7
1903410 131.6
1903420 131.2
1903430 131.2
1903440 131.1
1903450 131.0
1903460 131.0
1903470 131.0
1903480 131.0
1903490 131.0
1903500 131.0
1903510 131.0
1903520 131.0
1903530 131.0
1903540 131.0
1903550 131.0
1903560 131.0
1903570 131.1
1903580 131.1
1903590 131.1
1903600 131.0
1903610 131.0
1903620 131.0
1903630 130.9
1903640 130.9
1903650 130.8
1903660 130.8
1903670 130.8
1903680 130.8
1903690 130.8
1903700 130.8
1903710 130.9
1903720 131.0
1903730 131.0
1903740 131.0
1903750 131.1
1903760 131.1
1903770 131.1
1903780 131.1
1903790 131.1
1903800 131.2
1903810 131.2
1903820 131.2
1903830 131.2
1903840 131.1
1903850 131.1
1903860 131.1
1903870 131.0
1903880 131.0
1903890 130.9
1903900 130.8
1903910 130.8
1903920 130.8
1903930 130.8
1903940 130.7
1903950 130.7
1903960 130.8
1903970 130.9
1903980 130.9
1903990 130.9
1904000 130.9
1904010 130.9
1904020 130.9
1904030 130.9
1904040 130.9
1904050 131.0
1904060 131.1
1904070 131.1
1904080 131.2
1904090 131.2
1904100 131.2
1904110 131.3
1904120 131.5
1904130 131.5
1904140 131.4
1904150 131.2
1904160 131.2
1904170 131.2
1904180 131.2
1904190 131.2
1904200 131.2
1904210 131.2
1904220 131.2
1904230 131.2
1904240 131.2
1904250 131.2
1904260 131.2
1904270 131.1
1904280 131.1
1904290 131.1
1904300 131.1
1904310 131.1
1904320 131.0
1904330 131.1
1904340 131.1
1904350 131.1
1904360 131.1
1904370 131.1
1904380 131.1
1904390 131.1
1904400 131.1
1904410 131.2
1904420 131.2
1904430 131.2
1904440 131.2
1904450 131.2
1904460 131.2
1904470 131.2
1904480 131.1
1904490 131.1
1904500 131.1
1904510 131.1
1904520 131.1
1904530 131.1
1904540 131.0
1904550 131.0
1904560 131.1
1904570 131.1
1904580 131.1
1904590 131.1
1904600 131.1
1904610 131.1
1904620 131.1
1904630 131.0
1904640 131.0
1904650 131.0
1904660 131.1
1904670 131.1
1904680 131.2
1904690 131.1
1904700 131.1
1904710 131.1
1904720 131.0
1904730 131.0
1904740 131.0
1904750 131.0
1904760 131.0
1904770 131.0
1904780 131.0
1904790 131.0
1904800 131.0
1904810 131.0
1904820 131.0
1904830 131.0
1904840 131.0
1904850 131.0
1904860 131.0
1904870 131.0
1904880 131.0
1904890 131.0
1904900 131.0
1904910 131.0
1904920 131.1
1904930 131.0
1904940 131.0
1904950 131.0
1904960 131.0
1904970 131.0
1904980 130.9
1904990 130.9
1905000 130.9
1905010 130.9
1905020 130.9
1905030 130.9
1905040 131.0
1905050 131.0
1905060 131.0
1905070 131.1
1905080 131.1
1905090 131.1
1905100 131.1
1905110 131.1
1905120 131.0
1905130 131.1
1905140 131.0
1905150 131.0
1905160 131.0
1905170 131.1
1905180 131.1
1905190 131.1
1905200 131.1
1905210 131.1
1905220 131.1
1905230 131.1
1905240 131.1
1905250 131.1
1905260 131.1
1905270 131.2
1905280 131.2
1905290 131.2
1905300 131.2
1905310 131.2
1905320 131.2
1905330 131.2
1905340 131.2
1905350 131.1
1905360 131.1
1905370 131.1
1905380 131.1
1905390 131.1
1905400 131.1
1905410 131.0
1905420 131.0
1905430 131.0
1905440 131.0
1905450 131.0
1905460 131.0
1905470 131.0
1905480 131.0
1905490 131.0
1905500 131.0
1905510 131.0
1905520 131.0
1905530 131.2
1905540 131.4
1905550 131.4
1905560 131.1
1905570 131.1
1905580 131.1
1905590 131.0
1905600 131.1
1905610 131.1
1905620 131.1
1905630 131.2
1905640 131.2
1905650 131.1
1905660 131.2
1905670 131.2
1905680 131.2
1905690 131.2
1905700 131.2
1905710 131.2
1905720 131.2
1905730 131.2
1905740 131.3
1905750 131.3
1905760 131.3
1905770 131.3
1905780 131.3
1905790 131.3
1905800 131.4
1905810 131.4
1905820 131.4
1905830 131.3
1905840 131.3
1905850 131.3
1905860 131.3
1905870 131.3
1905880 131.3
1905890 131.3
1905900 131.3
1905910 131.3
1905920 131.4
1905930 131.4
1905940 131.4
1905950 131.4
1905960 131.4
1905970 131.4
1905980 131.4
1905990 131.4
1906000 131.4
1906010 131.4
1906020 131.4
1906030 131.4
1906040 131.3
1906050 131.3
1906060 131.3
1906070 131.3
1906080 131.3
1906090 131.3
1906100 131.3
1906110 131.3
1906120 131.3
1906130 131.2
1906140 131.2
1906150 131.2
1906160 131.1
1906170 131.3
1906180 131.3
1906190 131.3
1906200 131.3
1906210 131.3
1906220 131.3
1906230 131.2
1906240 131.2
1906250 131.3
1906260 131.3
1906270 131.3
1906280 131.4
1906290 131.4
1906300 131.4
1906310 131.4
1906320 131.5
1906330 131.5
1906340 131.5
1906350 131.4
1906360 131.4
1906370 131.4
1906380 131.5
1906390 131.5
1906400 131.5
1906410 131.5
1906420 131.4
1906430 131.4
1906440 131.3
1906450 131.2
1906460 131.2
1906470 131.2
1906480 131.1
1906490 131.1
1906500 131.1
1906510 131.0
1906520 131.0
1906530 131.0
1906540 130.9
1906550 130.9
1906560 130.9
1906570 130.9
1906580 130.9
1906590 130.8
1906600 130.8
1906610 130.8
1906620 130.9
1906630 131.2
1906640 131.2
1906650 131.2
1906660 131.0
1906670 131.2
1906680 131.1
1906690 131.0
1906700 131.0
1906710 130.9
1906720 130.9
1906730 130.9
1906740 130.9
1906750 131.1
1906760 131.1
1906770 131.1
1906780 131.2
1906790 131.2
1906800 131.2
1906810 131.2
1906820 131.2
1906830 131.2
1906840 131.2
1906850 131.2
1906860 131.2
1906870 131.2
1906880 131.2
1906890 131.1
1906900 131.1
1906910 131.1
1906920 131.1
1906930 131.2
1906940 131.2
1906950 131.2
1906960 131.2
1906970 131.3
1906980 131.2
1906990 131.2
1907000 131.2
1907010 131.2
1907020 131.2
1907030 131.2
1907040 131.2
1907050 131.2
1907060 131.2
1907070 131.3
1907080 131.3
1907090 131.3
1907100 131.3
1907110 131.4
1907120 131.4
1907130 131.4
1907140 131.3
1907150 131.3
1907160 131.3
1907170 131.3
1907180 131.3
1907190 131.3
1907200 131.3
1907210 131.3
1907220 131.3
1907230 131.3
1907240 131.3
1907250 131.2
1907260 131.2
1907270 131.2
1907280 131.2
1907290 131.2
1907300 131.2
1907310 131.2
1907320 131.2
1907330 131.2
1907340 131.2
1907350 131.2
1907360 131.2
1907370 131.2
1907380 131.1
1907390 131.1
1907400 131.2
1907410 131.1
1907420 131.1
1907430 131.1
1907440 131.0
1907450 131.0
1907460 131.0
1907470 131.0
1907480 131.0
1907490 131.0
1907500 131.1
1907510 131.1
1907520 131.3
1907530 131.5
1907540 131.5
1907550 131.2
1907560 131.1
1907570 131.0
1907580 131.1
1907590 131.0
1907600 131.0
1907610 131.0
1907620 131.0
1907630 131.1
1907640 131.1
1907650 131.1
1907660 131.1
1907670 131.1
1907680 131.1
1907690 131.0
1907700 131.0
1907710 130.9
1907720 131.0
1907730 131.0
1907740 131.1
1907750 131.1
1907760 131.1
1907770 131.1
1907780 131.2
1907790 131.2
1907800 131.1
1907810 131.2
1907820 131.2
1907830 131.1
1907840 131.1
1907850 131.1
1907860 131.1
1907870 131.1
1907880 131.1
1907890 131.2
1907900 131.2
1907910 131.2
1907920 131.3
1907930 131.4
1907940 131.4
1907950 131.4
1907960 131.5
1907970 131.5
1907980 131.5
1907990 131.4
1908000 131.4
1908010 131.3
1908020 131.3
1908030 131.3
1908040 131.3
1908050 131.2
1908060 131.2
1908070 131.2
1908080 131.2
1908090 131.2
1908100 131.2
1908110 131.1
1908120 131.1
1908130 131.0
1908140 131.0
1908150 131.0
1908160 131.0
1908170 131.0
1908180 131.0
1908190 130.8
1908200 130.7
1908210 130.7
1908220 130.7
1908230 130.6
1908240 130.6
1908250 130.5
1908260 130.5
1908270 130.5
1908280 130.4
1908290 130.4
1908300 130.4
1908310 130.3
1908320 130.3
1908330 130.3
1908340 130.3
1908350 130.2
1908360 130.2
1908370 130.2
1908380 130.2
1908390 130.2
1908400 130.1
1908410 130.1
1908420 130.1
1908430 130.2
1908440 130.3
1908450 130.3
1908460 130.2
1908470 130.2
1908480 130.2
1908490 130.2
1908500 130.4
1908510 130.4
1908520 130.4
1908530 130.4
1908540 130.4
1908550 130.4
1908560 130.5
1908570 130.5
1908580 130.8
1908590 131.0
1908600 131.0
1908610 131.1
1908620 131.2
1908630 131.2
1908640 131.3
1908650 131.3
1908660 131.3
1908670 131.3
1908680 131.4
1908690 131.4
1908700 131.4
1908710 131.3
1908720 131.3
1908730 131.2
1908740 131.2
1908750 131.2
1908760 131.2
1908770 131.2
1908780 131.2
1908790 131.2
1908800 131.2
1908810 131.2
1908820 131.2
1908830 131.2
1908840 131.1
1908850 131.1
1908860 131.1
1908870 131.2
1908880 131.2
1908890 131.1
1908900 131.2
1908910 131.2
1908920 131.2
1908930 131.2
1908940 131.2
1908950 131.2
1908960 131.2
1908970 131.2
1908980 131.2
1908990 131.2
1909000 131.2
1909010 131.1
1909020 131.1
1909030 131.2
1909040 131.2
1909050 131.2
1909060 131.1
1909070 131.1
1909080 131.1
1909090 131.1
1909100 131.1
1909110 131.1
1909120 131.1
1909130 131.1
1909140 131.1
1909150 131.1
1909160 131.1
1909170 131.1
1909180 131.1
1909190 131.1
1909200 131.1
1909210 131.1
1909220 131.0
1909230 131.0
1909240 131.0
1909250 131.0
1909260 131.0
1909270 131.0
1909280 131.0
1909290 130.9
1909300 130.9
1909310 130.9
1909320 130.8
1909330 130.8
1909340 130.8
1909350 130.8
1909360 130.9
1909370 130.9
1909380 130.9
1909390 131.0
1909400 131.0
1909410 131.0
1909420 131.0
1909430 131.0
1909440 130.9
1909450 131.0
1909460 131.0
1909470 131.0
1909480 131.0
1909490 131.0
1909500 131.0
1909510 131.0
1909520 131.0
1909530 131.0
1909540 131.1
1909550 131.2
1909560 131.2
1909570 131.3
1909580 131.3
1909590 131.3
1909600 131.2
1909610 131.2
1909620 131.2
1909630 131.2
1909640 131.2
1909650 131.2
1909660 131.2
1909670 131.1
1909680 131.1
1909690 131.1
1909700 131.1
1909710 131.1
1909720 131.1
1909730 131.1
1909740 131.1
1909750 131.0
1909760 131.0
1909770 131.0
1909780 131.0
1909790 131.0
1909800 131.1
1909810 131.1
1909820 131.2
1909830 131.1
1909840 131.1
1909850 130.9
1909860 130.9
1909870 130.8
1909880 130.8
1909890 130.8
1909900 130.8
1909910 130.8
1909920 130.8
1909930 130.8
1909940 130.8
1909950 130.7
1909960 130.8
1909970 130.8
1909980 131.0
1909990 131.0
1910000 131.1
1910010 131.0
1910020 131.0
1910030 130.9
1910040 130.9
1910050 130.9
1910060 130.9
1910070 130.9
1910080 130.9
1910090 130.9
1910100 131.0
1910110 130.9
1910120 130.9
1910130 130.9
1910140 131.0
1910150 131.0
1910160 131.2
1910170 131.2
1910180 131.2
1910190 131.1
1910200 131.1
1910210 131.0
1910220 131.0
1910230 130.9
1910240 130.8
1910250 130.8
1910260 130.9
1910270 130.9
1910280 131.0
1910290 130.9
1910300 130.9
1910310 130.8
1910320 130.8
1910330 130.7
1910340 130.8
1910350 130.8
1910360 130.8
1910370 130.8
1910380 130.7
