1900000 132.3
1900010 132.3
1900020 132.3
1900030 132.3
1900040 132.3
1900050 132.3
1900060 132.3
1900070 132.4
1900080 132.4
1900090 132.4
1900100 132.4
1900110 132.3
1900120 132.3
1900130 132.2
1900140 132.2
1900150 132.2
1900160 132.2
1900170 132.2
1900180 132.2
1900190 132.2
1900200 132.2
1900210 132.2
1900220 132.2
1900230 132.2
1900240 132.2
1900250 132.2
1900260 132.2
1900270 132.2
1900280 132.2
1900290 132.2
1900300 132.2
1900310 132.2
1900320 132.2
1900330 132.2
1900340 132.2
1900350 132.2
1900360 132.2
1900370 132.2
1900380 132.2
1900390 132.2
1900400 132.2
1900410 132.2
1900420 132.2
1900430 132.2
1900440 132.2
1900450 132.2
1900460 132.2
1900470 132.2
1900480 132.2
1900490 132.2
1900500 132.3
1900510 132.4
1900520 132.4
1900530 132.5
1900540 132.6
1900550 132.6
1900560 132.8
1900570 132.9
1900580 132.9
1900590 132.4
1900600 132.4
1900610 132.4
1900620 132.6
1900630 132.3
1900640 132.3
1900650 132.5
1900660 132.5
1900670 132.5
1900680 132.2
1900690 132.1
1900700 132.1
1900710 132.0
1900720 132.0
1900730 132.0
1900740 132.0
1900750 132.0
1900760 132.0
1900770 132.0
1900780 132.0
1900790 132.0
1900800 132.1
1900810 132.2
1900820 132.2
1900830 132.2
1900840 132.1
1900850 132.1
1900860 132.0
1900870 132.1
1900880 132.1
1900890 132.2
1900900 132.2
1900910 132.2
1900920 132.2
1900930 132.2
1900940 132.2
1900950 132.2
1900960 132.3
1900970 132.3
1900980 132.3
1900990 132.2
1901000 132.2
1901010 132.1
1901020 132.2
1901030 132.2
1901040 132.3
1901050 132.4
1901060 132.4
1901070 132.5
1901080 132.7
1901090 132.7
1901100 132.8
1901110 132.8
1901120 132.8
1901130 132.8
1901140 132.8
1901150 132.8
1901160 132.7
1901170 132.6
1901180 132.6
1901190 132.7
1901200 132.7
1901210 132.7
1901220 132.5
1901230 132.4
1901240 132.4
1901250 132.4
1901260 132.3
1901270 132.3
1901280 132.3
1901290 132.3
1901300 132.3
1901310 132.3
1901320 132.3
1901330 132.3
1901340 132.3
1901350 132.2
1901360 132.2
1901370 132.1
1901380 132.0
1901390 132.0
1901400 132.0
1901410 131.9
1901420 131.9
1901430 131.9
1901440 131.9
1901450 131.9
1901460 132.0
1901470 132.0
1901480 132.0
1901490 131.9
1901500 131.7
1901510 131.7
1901520 131.7
1901530 131.7
1901540 131.7
1901550 131.7
1901560 131.7
1901570 131.8
1901580 131.8
1901590 131.9
1901600 131.9
1901610 131.9
1901620 131.9
1901630 131.8
1901640 131.8
1901650 131.8
1901660 131.7
1901670 131.7
1901680 131.7
1901690 131.6
1901700 131.6
1901710 131.6
1901720 131.5
1901730 131.5
1901740 131.6
1901750 131.6
1901760 131.6
1901770 131.6
1901780 131.6
1901790 131.6
1901800 131.5
1901810 131.5
1901820 131.5
1901830 131.6
1901840 131.5
1901850 131.5
1901860 131.5
1901870 131.5
1901880 131.5
1901890 131.4
1901900 131.4
1901910 131.4
1901920 131.5
1901930 131.5
1901940 131.5
1901950 131.4
1901960 131.5
1901970 131.5
1901980 131.5
1901990 131.5
1902000 131.5
1902010 131.5
1902020 131.5
1902030 131.5
1902040 131.5
1902050 131.5
1902060 131.5
1902070 131.5
1902080 131.5
1902090 131.5
1902100 131.5
1902110 131.5
1902120 131.5
1902130 131.5
1902140 131.5
1902150 131.5
1902160 131.5
1902170 131.4
1902180 131.4
1902190 131.4
1902200 131.4
1902210 131.4
1902220 131.5
1902230 131.4
1902240 131.4
1902250 131.4
1902260 131.3
1902270 131.3
1902280 131.4
1902290 131.4
1902300 131.4
1902310 131.4
1902320 131.4
1902330 131.4
1902340 131.3
1902350 131.3
1902360 131.3
1902370 131.3
1902380 131.3
1902390 131.3
1902400 131.2
1902410 131.3
1902420 131.3
1902430 131.4
1902440 131.5
1902450 131.5
1902460 131.5
1902470 131.3
1902480 131.3
1902490 131.2
1902500 131.2
1902510 131.2
1902520 131.2
1902530 131.2
1902540 131.2
1902550 131.2
1902560 131.2
1902570 131.2
1902580 131.2
1902590 131.2
1902600 131.2
1902610 131.2
1902620 131.1
1902630 131.1
1902640 131.1
1902650 131.2
1902660 131.2
1902670 131.1
1902680 131.1
1902690 131.1
1902700 131.1
1902710 131.1
1902720 131.1
1902730 131.1
1902740 131.1
1902750 131.1
1902760 131.1
1902770 131.1
1902780 131.1
1902790 131.1
1902800 131.3
1902810 131.3
1902820 131.3
1902830 131.2
1902840 131.2
1902850 131.2
1902860 131.2
1902870 131.3
1902880 131.3
1902890 131.2
1902900 131.2
1902910 131.2
1902920 131.2
1902930 131.2
1902940 131.2
1902950 131.2
1902960 131.2
1902970 131.2
1902980 131.2
1902990 131.2
1903000 131.2
1903010 131.3
1903020 131.6
1903030 131.6
1903040 131.3
1903050 131.3
1903060 131.3
1903070 131.3
1903080 131.3
1903090 131.2
1903100 131.2
1903110 131.2
1903120 131.2
1903130 131.2
1903140 131.2
1903150 131.2
1903160 131.1
1903170 131.0
1903180 131.0
1903190 131.0
1903200 131.0
1903210 131.0
1903220 131.0
1903230 131.0
1903240 131.0
1903250 131.1
1903260 131.0
1903270 131.0
1903280 131.0
1903290 131.1
1903300 131.1
1903310 131.0
1903320 131.1
1903330 131.1
1903340 131.1
1903350 131.0
1903360 131.0
1903370 131.1
1903380 131.0
1903390 131.0
1903400 131.0
1903410 131.0
1903420 131.0
1903430 131.0
1903440 131.0
1903450 131.0
1903460 131.1
1903470 131.1
1903480 131.1
1903490 131.1
1903500 131.1
1903510 131.1
1903520 131.1
1903530 131.2
1903540 131.2
1903550 131.2
1903560 131.4
1903570 131.4
1903580 131.3
1903590 131.1
1903600 131.1
1903610 131.6
1903620 131.5
1903630 131.5
1903640 131.2
1903650 131.1
1903660 131.1
1903670 131.0
1903680 131.0
1903690 131.0
1903700 131.0
1903710 130.9
1903720 130.9
1903730 130.9
1903740 130.9
1903750 130.9
1903760 131.0
1903770 131.0
1903780 131.0
1903790 131.0
1903800 130.9
1903810 130.9
1903820 130.9
1903830 130.8
1903840 130.8
1903850 130.7
1903860 130.8
1903870 130.8
1903880 130.8
1903890 130.8
1903900 130.8
1903910 130.8
1903920 130.8
1903930 130.8
1903940 130.7
1903950 130.8
1903960 130.7
1903970 130.7
1903980 130.7
1903990 130.7
1904000 130.7
1904010 130.6
1904020 130.7
1904030 130.7
1904040 130.7
1904050 130.7
1904060 130.7
1904070 130.8
1904080 130.9
1904090 130.9
1904100 131.1
1904110 131.1
1904120 131.1
1904130 131.1
1904140 131.1
1904150 131.1
1904160 131.1
1904170 131.1
1904180 131.1
1904190 131.1
1904200 131.1
1904210 131.1
1904220 131.1
1904230 131.2
1904240 131.2
1904250 131.1
1904260 131.1
1904270 131.1
1904280 131.1
1904290 131.0
1904300 131.0
1904310 130.9
1904320 131.1
1904330 131.1
1904340 131.1
1904350 131.1
1904360 131.1
1904370 130.9
1904380 130.9
1904390 130.9
1904400 130.9
1904410 130.8
1904420 130.8
1904430 130.9
1904440 131.1
1904450 131.1
1904460 131.0
1904470 131.0
1904480 131.0
1904490 131.0
1904500 131.0
1904510 131.0
1904520 131.0
1904530 131.0
1904540 131.0
1904550 131.0
1904560 130.9
1904570 130.9
1904580 130.9
1904590 131.0
1904600 131.0
1904610 131.1
1904620 131.0
1904630 131.1
1904640 131.1
1904650 131.0
1904660 131.0
1904670 131.0
1904680 131.0
1904690 131.0
1904700 131.0
1904710 131.1
1904720 131.1
1904730 131.1
1904740 131.1
1904750 131.1
1904760 131.1
1904770 131.0
1904780 131.0
1904790 131.0
1904800 131.1
1904810 131.1
1904820 131.1
1904830 131.0
1904840 131.0
1904850 131.1
1904860 131.0
1904870 131.0
1904880 131.0
1904890 131.0
1904900 131.0
1904910 131.0
1904920 131.1
1904930 131.1
1904940 131.1
1904950 131.1
1904960 131.1
1904970 131.1
1904980 131.1
1904990 131.1
1905000 131.1
1905010 131.1
1905020 131.1
1905030 131.1
1905040 131.1
1905050 131.1
1905060 131.1
1905070 131.0
1905080 131.0
1905090 131.0
1905100 131.0
1905110 131.0
1905120 131.0
1905130 130.9
1905140 130.9
1905150 130.9
1905160 130.9
1905170 130.8
1905180 130.8
1905190 130.8
1905200 130.8
1905210 130.8
1905220 130.8
1905230 130.8
1905240 130.8
1905250 130.9
1905260 130.9
1905270 130.9
1905280 130.9
1905290 130.9
1905300 130.9
1905310 130.8
1905320 130.9
1905330 130.9
1905340 130.9
1905350 131.0
1905360 131.0
1905370 130.9
1905380 130.8
1905390 130.8
1905400 130.9
1905410 130.9
1905420 130.9
1905430 130.9
1905440 130.9
1905450 130.9
1905460 130.9
1905470 130.9
1905480 130.9
1905490 131.0
1905500 131.0
1905510 131.0
1905520 131.0
1905530 130.9
1905540 130.9
1905550 130.9
1905560 130.9
1905570 130.9
1905580 130.9
1905590 131.0
1905600 131.0
1905610 131.0
1905620 131.0
1905630 131.0
1905640 130.9
1905650 131.0
1905660 131.0
1905670 131.0
1905680 131.0
1905690 131.0
1905700 131.1
1905710 131.1
1905720 131.1
1905730 131.0
1905740 131.1
1905750 131.1
1905760 131.4
1905770 131.1
1905780 131.1
1905790 131.0
1905800 131.0
1905810 131.0
1905820 130.9
1905830 130.9
1905840 130.9
1905850 131.0
1905860 131.0
1905870 131.0
1905880 131.0
1905890 131.0
1905900 131.0
1905910 131.1
1905920 131.2
1905930 131.2
1905940 131.2
1905950 131.2
1905960 131.2
1905970 131.2
1905980 131.2
1905990 131.2
1906000 131.1
1906010 131.2
1906020 131.2
1906030 131.1
1906040 131.0
1906050 131.0
1906060 131.0
1906070 131.0
1906080 131.0
1906090 131.0
1906100 131.0
1906110 131.0
1906120 130.9
1906130 131.0
1906140 131.0
1906150 131.1
1906160 131.1
1906170 131.1
1906180 131.1
1906190 131.1
1906200 131.1
1906210 131.2
1906220 131.2
1906230 131.2
1906240 131.1
1906250 131.1
1906260 131.1
1906270 131.1
1906280 131.0
1906290 131.0
1906300 131.1
1906310 131.1
1906320 131.1
1906330 131.1
1906340 131.1
1906350 131.1
1906360 131.1
1906370 131.1
1906380 131.1
1906390 131.1
1906400 131.3
1906410 131.2
1906420 131.2
1906430 131.1
1906440 131.0
1906450 131.0
1906460 131.0
1906470 130.9
1906480 130.9
1906490 130.8
1906500 130.9
1906510 130.9
1906520 130.9
1906530 130.9
1906540 130.9
1906550 131.0
1906560 131.0
1906570 131.0
1906580 131.0
1906590 131.0
1906600 131.0
1906610 131.0
1906620 131.1
1906630 131.1
1906640 131.1
1906650 131.1
1906660 131.1
1906670 131.0
1906680 131.0
1906690 131.0
1906700 131.0
1906710 131.0
1906720 131.0
1906730 131.0
1906740 131.0
1906750 131.0
1906760 131.0
1906770 131.2
1906780 131.2
1906790 131.3
1906800 131.3
1906810 131.3
1906820 131.2
1906830 131.3
1906840 131.3
1906850 131.3
1906860 131.3
1906870 131.3
1906880 131.2
1906890 131.1
1906900 131.1
1906910 131.1
1906920 131.1
1906930 131.1
1906940 131.1
1906950 131.1
1906960 131.1
1906970 131.1
1906980 131.2
1906990 131.2
1907000 131.2
1907010 131.2
1907020 131.2
1907030 131.3
1907040 131.2
1907050 131.2
1907060 131.3
1907070 131.2
1907080 131.3
1907090 131.3
1907100 131.3
1907110 131.3
1907120 131.3
1907130 131.2
1907140 131.2
1907150 131.2
1907160 131.1
1907170 131.1
1907180 131.1
1907190 131.2
1907200 131.2
1907210 131.1
1907220 131.1
1907230 131.1
1907240 131.1
1907250 131.1
1907260 131.1
1907270 131.2
1907280 131.4
1907290 131.4
1907300 131.6
1907310 131.5
1907320 131.5
1907330 131.4
1907340 131.3
1907350 131.3
1907360 131.2
1907370 131.2
1907380 131.2
1907390 131.2
1907400 131.1
1907410 131.1
1907420 131.2
1907430 131.2
1907440 131.2
1907450 131.2
1907460 131.2
1907470 131.2
1907480 131.1
1907490 131.1
1907500 131.1
1907510 131.0
1907520 130.9
1907530 130.9
1907540 131.0
1907550 131.0
1907560 131.0
1907570 131.0
1907580 131.0
1907590 131.0
1907600 130.9
1907610 130.9
1907620 130.9
1907630 130.9
1907640 131.0
1907650 131.0
1907660 131.0
1907670 131.0
1907680 130.9
1907690 131.0
1907700 131.0
1907710 130.9
1907720 130.9
1907730 131.0
1907740 131.0
1907750 131.0
1907760 131.1
1907770 131.1
1907780 131.1
1907790 131.2
1907800 131.2
1907810 131.2
1907820 131.2
1907830 131.2
1907840 131.2
1907850 131.1
1907860 131.0
1907870 131.0
1907880 130.9
1907890 131.0
1907900 131.0
1907910 131.0
1907920 131.0
1907930 131.0
1907940 131.0
1907950 131.1
1907960 131.1
1907970 131.1
1907980 131.1
1907990 131.2
1908000 131.1
1908010 131.1
1908020 131.1
1908030 131.1
1908040 131.0
1908050 131.0
1908060 131.0
1908070 131.0
1908080 131.0
1908090 131.1
1908100 131.1
1908110 131.1
1908120 131.1
1908130 131.2
1908140 131.2
1908150 131.3
1908160 131.4
1908170 131.4
1908180 131.5
1908190 131.6
1908200 131.6
1908210 131.5
1908220 131.4
1908230 131.4
1908240 131.4
1908250 131.1
1908260 131.1
1908270 130.9
1908280 130.8
1908290 130.8
1908300 130.8
1908310 130.7
1908320 130.7
1908330 130.7
1908340 130.6
1908350 130.6
1908360 130.4
1908370 130.3
1908380 130.3
1908390 130.3
1908400 130.2
1908410 130.2
1908420 130.1
1908430 129.9
1908440 129.9
1908450 129.8
1908460 129.7
1908470 129.7
1908480 129.6
1908490 129.6
1908500 129.6
1908510 129.5
1908520 129.4
1908530 129.4
1908540 129.4
1908550 129.4
1908560 129.4
1908570 129.5
1908580 129.5
1908590 129.5
1908600 129.5
1908610 129.5
1908620 129.5
1908630 129.6
1908640 129.6
1908650 129.6
1908660 129.7
1908670 129.8
1908680 129.8
1908690 129.9
1908700 130.1
1908710 130.1
1908720 130.3
1908730 130.5
1908740 130.5
1908750 130.6
1908760 130.7
1908770 130.7
1908780 130.8
1908790 130.9
1908800 130.9
1908810 130.9
1908820 130.9
1908830 130.9
1908840 130.9
1908850 130.9
1908860 130.9
1908870 130.9
1908880 130.9
1908890 130.9
1908900 130.9
1908910 131.0
1908920 131.1
1908930 131.1
1908940 131.1
1908950 131.1
1908960 131.2
1908970 131.1
1908980 131.1
1908990 131.0
1909000 131.0
1909010 131.0
1909020 131.0
1909030 130.9
1909040 130.9
1909050 130.9
1909060 130.9
1909070 131.0
1909080 131.1
1909090 131.1
1909100 131.1
1909110 131.1
1909120 131.1
1909130 131.0
1909140 131.0
1909150 131.0
1909160 131.0
1909170 131.0
1909180 131.1
1909190 131.1
1909200 131.0
1909210 130.9
1909220 130.9
1909230 130.9
1909240 130.9
1909250 130.9
1909260 131.0
1909270 131.0
1909280 131.2
1909290 131.2
1909300 131.2
1909310 131.2
1909320 131.2
1909330 131.1
1909340 131.1
1909350 130.9
1909360 130.9
1909370 130.9
1909380 130.9
1909390 130.9
1909400 130.9
1909410 130.9
1909420 130.9
1909430 130.9
1909440 130.8
1909450 130.8
1909460 130.7
1909470 130.7
1909480 130.7
1909490 130.7
1909500 130.7
1909510 130.7
1909520 130.7
1909530 130.8
1909540 130.8
1909550 130.8
1909560 130.7
1909570 130.7
1909580 130.7
1909590 130.6
1909600 130.6
1909610 130.6
1909620 130.6
1909630 130.6
1909640 130.7
1909650 130.7
1909660 130.8
1909670 130.8
1909680 130.8
1909690 130.8
1909700 130.8
1909710 130.8
1909720 130.8
1909730 130.8
1909740 130.9
1909750 130.9
1909760 130.8
1909770 130.8
1909780 130.8
1909790 130.7
1909800 130.7
1909810 130.7
1909820 130.8
1909830 130.8
1909840 130.8
1909850 130.8
1909860 130.8
1909870 130.7
1909880 130.7
1909890 130.7
1909900 130.7
1909910 130.7
1909920 130.7
1909930 130.7
1909940 130.6
1909950 130.7
1909960 130.7
1909970 130.8
1909980 130.8
1909990 130.8
1910000 130.8
1910010 130.8
1910020 130.8
1910030 130.8
1910040 130.8
1910050 130.8
1910060 130.8
1910070 130.8
1910080 130.8
1910090 130.8
1910100 130.8
1910110 130.8
1910120 130.8
1910130 130.8
1910140 130.8
1910150 130.8
1910160 130.8
1910170 130.9
1910180 130.9
1910190 130.9
1910200 130.9
1910210 130.9
1910220 130.8
1910230 130.7
1910240 130.7
1910250 130.8
1910260 130.8
1910270 130.8
1910280 130.7
1910290 130.7
1910300 130.8
