1900000 132.1
1900010 132.2
1900020 132.2
1900030 132.2
1900040 132.2
1900050 132.2
1900060 132.2
1900070 132.2
1900080 132.3
1900090 132.3
1900100 132.2
1900110 132.3
1900120 132.3
1900130 132.3
1900140 132.3
1900150 132.3
1900160 132.2
1900170 132.2
1900180 132.2
1900190 132.2
1900200 132.2
1900210 132.2
1900220 132.2
1900230 132.2
1900240 132.2
1900250 132.2
1900260 132.2
1900270 132.2
1900280 132.2
1900290 132.2
1900300 132.2
1900310 132.2
1900320 132.2
1900330 132.2
1900340 132.2
1900350 132.2
1900360 132.2
1900370 132.2
1900380 132.2
1900390 132.2
1900400 132.2
1900410 132.2
1900420 132.2
1900430 132.2
1900440 132.3
1900450 132.3
1900460 132.3
1900470 132.3
1900480 132.3
1900490 132.4
1900500 132.4
1900510 132.4
1900520 132.5
1900530 132.6
1900540 132.6
1900550 132.7
1900560 132.8
1900570 132.8
1900580 132.9
1900590 132.6
1900600 132.6
1900610 132.5
1900620 132.7
1900630 132.7
1900640 132.9
1900650 132.7
1900660 132.7
1900670 132.5
1900680 132.5
1900690 132.5
1900700 132.5
1900710 132.5
1900720 132.5
1900730 132.4
1900740 132.3
1900750 132.3
1900760 132.2
1900770 132.2
1900780 132.2
1900790 132.2
1900800 132.1
1900810 132.1
1900820 132.1
1900830 132.2
1900840 132.2
1900850 132.3
1900860 132.3
1900870 132.3
1900880 132.4
1900890 132.4
1900900 132.4
1900910 132.5
1900920 132.5
1900930 132.4
1900940 132.4
1900950 132.4
1900960 132.4
1900970 132.3
1900980 132.3
1900990 132.3
1901000 132.3
1901010 132.2
1901020 132.2
1901030 132.2
1901040 132.2
1901050 132.2
1901060 132.1
1901070 132.0
1901080 132.0
1901090 132.0
1901100 132.1
1901110 132.1
1901120 132.2
1901130 132.4
1901140 132.4
1901150 132.5
1901160 132.6
1901170 132.6
1901180 132.6
1901190 132.7
1901200 132.7
1901210 132.7
1901220 132.7
1901230 132.6
1901240 132.8
1901250 132.8
1901260 132.7
1901270 132.7
1901280 132.7
1901290 132.7
1901300 132.7
1901310 132.8
1901320 132.6
1901330 132.6
1901340 132.5
1901350 132.4
1901360 132.4
1901370 132.4
1901380 132.4
1901390 132.4
1901400 132.3
1901410 132.3
1901420 132.3
1901430 132.3
1901440 132.3
1901450 132.3
1901460 132.3
1901470 132.3
1901480 132.3
1901490 132.3
1901500 132.3
1901510 132.3
1901520 132.2
1901530 132.0
1901540 132.0
1901550 132.1
1901560 132.1
1901570 132.1
1901580 132.1
1901590 131.9
1901600 131.9
1901610 131.8
1901620 131.6
1901630 131.6
1901640 131.7
1901650 131.6
1901660 131.6
1901670 131.6
1901680 131.5
1901690 131.5
1901700 131.5
1901710 131.5
1901720 131.5
1901730 131.6
1901740 131.5
1901750 131.5
1901760 131.5
1901770 131.5
1901780 131.5
1901790 131.5
1901800 131.6
1901810 131.6
1901820 131.6
1901830 131.6
1901840 131.6
1901850 131.6
1901860 131.6
1901870 131.6
1901880 131.5
1901890 131.5
1901900 131.5
1901910 131.4
1901920 131.4
1901930 131.4
1901940 131.4
1901950 131.4
1901960 131.4
1901970 131.4
1901980 131.3
1901990 131.3
1902000 131.4
1902010 131.3
1902020 131.3
1902030 131.3
1902040 131.3
1902050 131.3
1902060 131.3
1902070 131.3
1902080 131.3
1902090 131.3
1902100 131.3
1902110 131.3
1902120 131.4
1902130 131.5
1902140 131.5
1902150 131.6
1902160 131.5
1902170 131.5
1902180 131.5
1902190 131.5
1902200 131.5
1902210 131.5
1902220 131.5
1902230 131.5
1902240 131.4
1902250 131.4
1902260 131.4
1902270 131.4
1902280 131.4
1902290 131.4
1902300 131.4
1902310 131.4
1902320 131.4
1902330 131.4
1902340 131.4
1902350 131.4
1902360 131.4
1902370 131.4
1902380 131.4
1902390 131.4
1902400 131.4
1902410 131.3
1902420 131.3
1902430 131.4
1902440 131.3
1902450 131.3
1902460 131.3
1902470 131.3
1902480 131.3
1902490 131.2
1902500 131.2
1902510 131.2
1902520 131.2
1902530 131.2
1902540 131.2
1902550 131.1
1902560 131.1
1902570 131.1
1902580 131.2
1902590 131.2
1902600 131.2
1902610 131.2
1902620 131.2
1902630 131.2
1902640 131.2
1902650 131.2
1902660 131.2
1902670 131.1
1902680 131.1
1902690 131.1
1902700 131.1
1902710 131.1
1902720 131.1
1902730 131.1
1902740 131.1
1902750 131.1
1902760 131.1
1902770 131.1
1902780 131.1
1902790 131.1
1902800 131.1
1902810 131.1
1902820 131.0
1902830 131.0
1902840 131.0
1902850 131.1
1902860 131.2
1902870 131.2
1902880 131.4
1902890 131.0
1902900 131.0
1902910 131.0
1902920 131.1
1902930 131.1
1902940 131.1
1902950 131.0
1902960 131.0
1902970 131.1
1902980 131.1
1902990 131.1
1903000 131.1
1903010 131.1
1903020 131.1
1903030 131.1
1903040 131.1
1903050 131.1
1903060 131.0
1903070 131.1
1903080 131.1
1903090 131.2
1903100 131.2
1903110 131.2
1903120 131.1
1903130 131.0
1903140 131.0
1903150 131.0
1903160 131.0
1903170 131.0
1903180 131.0
1903190 131.0
1903200 131.0
1903210 131.0
1903220 131.0
1903230 131.0
1903240 131.0
1903250 131.0
1903260 131.0
1903270 131.1
1903280 131.0
1903290 131.0
1903300 131.1
1903310 131.1
1903320 131.1
1903330 131.0
1903340 131.0
1903350 131.0
1903360 131.0
1903370 131.1
1903380 131.1
1903390 131.0
1903400 131.1
1903410 131.1
1903420 131.1
1903430 131.1
1903440 131.1
1903450 131.1
1903460 131.1
1903470 131.1
1903480 131.1
1903490 131.1
1903500 131.1
1903510 131.2
1903520 131.1
1903530 131.1
1903540 131.1
1903550 131.2
1903560 131.2
1903570 131.2
1903580 131.2
1903590 131.1
1903600 131.1
1903610 131.1
1903620 131.1
1903630 131.1
1903640 131.1
1903650 131.1
1903660 131.1
1903670 131.1
1903680 131.0
1903690 131.0
1903700 131.0
1903710 130.9
1903720 130.9
1903730 130.9
1903740 130.9
1903750 130.9
1903760 130.9
1903770 130.9
1903780 130.9
1903790 130.9
1903800 131.0
1903810 131.0
1903820 131.2
1903830 131.1
1903840 131.1
1903850 130.9
1903860 131.2
1903870 131.2
1903880 131.4
1903890 131.1
1903900 131.1
1903910 130.9
1903920 130.9
1903930 130.9
1903940 130.9
1903950 130.8
1903960 130.8
1903970 130.8
1903980 130.8
1903990 130.8
1904000 130.8
1904010 130.7
1904020 130.8
1904030 130.8
1904040 130.9
1904050 130.9
1904060 131.0
1904070 131.0
1904080 131.0
1904090 131.0
1904100 131.0
1904110 131.0
1904120 131.1
1904130 131.1
1904140 131.1
1904150 131.1
1904160 131.1
1904170 131.1
1904180 131.1
1904190 131.0
1904200 131.0
1904210 131.0
1904220 130.9
1904230 130.9
1904240 130.9
1904250 130.9
1904260 130.9
1904270 130.8
1904280 130.7
1904290 130.7
1904300 130.8
1904310 130.8
1904320 130.7
1904330 130.7
1904340 130.7
1904350 130.7
1904360 130.6
1904370 130.7
1904380 130.7
1904390 130.8
1904400 130.8
1904410 130.8
1904420 130.9
1904430 130.9
1904440 130.9
1904450 131.0
1904460 131.0
1904470 131.0
1904480 131.0
1904490 131.0
1904500 131.0
1904510 131.0
1904520 131.0
1904530 131.0
1904540 131.0
1904550 131.1
1904560 131.1
1904570 131.1
1904580 130.9
1904590 130.9
1904600 131.0
1904610 131.2
1904620 131.2
1904630 131.1
1904640 131.0
1904650 131.0
1904660 130.9
1904670 130.9
1904680 130.9
1904690 130.9
1904700 130.9
1904710 130.9
1904720 130.9
1904730 131.0
1904740 131.0
1904750 131.0
1904760 131.0
1904770 131.1
1904780 131.1
1904790 131.1
1904800 131.1
1904810 131.1
1904820 131.0
1904830 131.0
1904840 131.0
1904850 130.9
1904860 130.9
1904870 130.9
1904880 130.9
1904890 130.9
1904900 130.9
1904910 130.9
1904920 131.0
1904930 131.0
1904940 131.0
1904950 131.1
1904960 131.1
1904970 131.1
1904980 131.1
1904990 131.1
1905000 131.0
1905010 131.0
1905020 131.0
1905030 131.1
1905040 131.1
1905050 131.1
1905060 131.1
1905070 131.1
1905080 131.1
1905090 131.0
1905100 131.0
1905110 131.0
1905120 131.0
1905130 131.0
1905140 131.0
1905150 131.0
1905160 131.0
1905170 131.0
1905180 130.9
1905190 130.9
1905200 130.9
1905210 131.0
1905220 130.9
1905230 130.9
1905240 130.9
1905250 130.9
1905260 130.9
1905270 130.9
1905280 130.8
1905290 130.8
1905300 130.9
1905310 130.9
1905320 130.9
1905330 130.8
1905340 130.8
1905350 130.8
1905360 130.8
1905370 130.8
1905380 130.8
1905390 130.9
1905400 130.9
1905410 130.9
1905420 131.0
1905430 131.0
1905440 131.0
1905450 130.9
1905460 130.9
1905470 130.9
1905480 130.9
1905490 130.9
1905500 130.9
1905510 130.9
1905520 130.8
1905530 130.8
1905540 130.9
1905550 130.9
1905560 130.9
1905570 130.9
1905580 130.8
1905590 130.8
1905600 130.8
1905610 130.8
1905620 130.8
1905630 130.8
1905640 130.8
1905650 130.8
1905660 130.8
1905670 130.8
1905680 130.8
1905690 130.7
1905700 130.7
1905710 130.7
1905720 130.8
1905730 130.7
1905740 130.7
1905750 130.7
1905760 130.7
1905770 130.7
1905780 130.7
1905790 130.8
1905800 130.8
1905810 130.8
1905820 130.8
1905830 130.8
1905840 130.8
1905850 130.9
1905860 130.9
1905870 131.0
1905880 131.0
1905890 131.0
1905900 130.9
1905910 130.8
1905920 130.8
1905930 130.8
1905940 130.7
1905950 130.7
1905960 130.7
1905970 130.7
1905980 130.8
1905990 130.8
1906000 131.0
1906010 131.2
1906020 131.2
1906030 131.0
1906040 130.9
1906050 130.9
1906060 130.8
1906070 130.8
1906080 130.8
1906090 130.8
1906100 130.8
1906110 130.8
1906120 131.0
1906130 131.2
1906140 131.2
1906150 131.1
1906160 131.0
1906170 131.1
1906180 131.0
1906190 130.9
1906200 130.9
1906210 131.0
1906220 130.9
1906230 130.9
1906240 130.9
1906250 130.9
1906260 130.9
1906270 130.9
1906280 130.8
1906290 130.8
1906300 130.9
1906310 130.9
1906320 130.9
1906330 130.9
1906340 131.0
1906350 131.0
1906360 131.0
1906370 131.0
1906380 131.0
1906390 131.1
1906400 131.1
1906410 131.1
1906420 131.1
1906430 131.1
1906440 131.1
1906450 131.0
1906460 131.0
1906470 131.0
1906480 130.9
1906490 130.8
1906500 130.8
1906510 130.8
1906520 130.8
1906530 130.8
1906540 130.8
1906550 130.8
1906560 130.8
1906570 130.8
1906580 130.8
1906590 130.8
1906600 130.8
1906610 130.8
1906620 130.8
1906630 130.7
1906640 130.7
1906650 130.7
1906660 130.7
1906670 130.8
1906680 130.8
1906690 130.8
1906700 130.7
1906710 130.7
1906720 130.8
1906730 130.8
1906740 130.8
1906750 130.9
1906760 130.9
1906770 130.9
1906780 130.8
1906790 130.8
1906800 130.8
1906810 130.8
1906820 130.9
1906830 130.9
1906840 130.9
1906850 131.0
1906860 131.0
1906870 131.0
1906880 131.1
1906890 131.1
1906900 131.2
1906910 131.2
1906920 131.2
1906930 131.2
1906940 131.1
1906950 131.1
1906960 131.1
1906970 131.1
1906980 131.1
1906990 131.2
1907000 131.3
1907010 131.3
1907020 131.5
1907030 131.3
1907040 131.3
1907050 131.1
1907060 131.1
1907070 131.1
1907080 131.1
1907090 131.0
1907100 131.0
1907110 131.0
1907120 131.0
1907130 131.0
1907140 131.1
1907150 131.1
1907160 131.1
1907170 131.1
1907180 131.0
1907190 131.0
1907200 131.0
1907210 131.0
1907220 131.0
1907230 131.0
1907240 131.0
1907250 131.1
1907260 131.1
1907270 131.1
1907280 131.1
1907290 131.1
1907300 131.2
1907310 131.2
1907320 131.2
1907330 131.2
1907340 131.3
1907350 131.3
1907360 131.2
1907370 131.2
1907380 131.2
1907390 131.2
1907400 131.2
1907410 131.2
1907420 131.3
1907430 131.3
1907440 131.3
1907450 131.3
1907460 131.1
1907470 131.1
1907480 131.1
1907490 131.0
1907500 131.0
1907510 131.0
1907520 131.1
1907530 131.1
1907540 131.0
1907550 130.9
1907560 130.9
1907570 130.9
1907580 130.9
1907590 130.9
1907600 130.8
1907610 130.7
1907620 130.7
1907630 130.8
1907640 130.8
1907650 130.8
1907660 130.9
1907670 130.9
1907680 130.9
1907690 130.9
1907700 130.9
1907710 130.9
1907720 130.9
1907730 131.0
1907740 131.0
1907750 131.0
1907760 131.1
1907770 131.1
1907780 131.1
1907790 131.1
1907800 131.1
1907810 131.0
1907820 131.1
1907830 131.1
1907840 131.2
1907850 131.4
1907860 131.4
1907870 131.4
1907880 131.4
1907890 131.4
1907900 131.2
1907910 131.1
1907920 131.1
1907930 131.0
1907940 130.8
1907950 130.8
1907960 130.7
1907970 130.8
1907980 130.8
1907990 130.9
1908000 130.9
1908010 130.9
1908020 130.9
1908030 131.0
1908040 131.0
1908050 131.0
1908060 131.0
1908070 131.0
1908080 131.1
1908090 131.1
1908100 131.1
1908110 131.0
1908120 131.0
1908130 131.0
1908140 131.0
1908150 131.1
1908160 131.1
1908170 131.0
1908180 131.0
1908190 131.0
1908200 130.9
1908210 130.9
1908220 130.9
1908230 130.8
1908240 130.8
1908250 130.8
1908260 130.9
1908270 130.9
1908280 130.9
1908290 130.9
1908300 131.0
1908310 131.0
1908320 130.9
1908330 131.0
1908340 131.0
1908350 130.9
1908360 130.9
1908370 130.9
1908380 130.9
1908390 130.8
1908400 130.8
1908410 130.8
1908420 130.7
1908430 130.7
1908440 130.7
1908450 130.6
1908460 130.6
1908470 130.6
1908480 130.6
1908490 130.5
1908500 130.5
1908510 130.4
1908520 130.3
1908530 130.3
1908540 130.2
1908550 130.1
1908560 130.1
1908570 130.0
1908580 130.0
1908590 130.0
1908600 130.0
1908610 130.0
1908620 130.0
1908630 130.1
1908640 130.2
1908650 130.2
1908660 130.3
1908670 130.4
1908680 130.4
1908690 130.4
1908700 130.4
1908710 130.4
1908720 130.5
1908730 130.5
1908740 130.5
1908750 130.4
1908760 130.4
1908770 130.4
1908780 130.3
1908790 130.3
1908800 130.3
1908810 130.2
1908820 130.1
1908830 130.1
1908840 130.0
1908850 129.9
1908860 129.9
1908870 129.8
1908880 129.8
1908890 129.8
1908900 129.9
1908910 130.0
1908920 130.0
1908930 130.3
1908940 130.6
1908950 130.6
1908960 130.8
1908970 130.9
1908980 130.9
1908990 131.0
1909000 131.0
1909010 131.0
1909020 130.9
1909030 130.9
1909040 130.8
1909050 130.7
1909060 130.7
1909070 130.8
1909080 130.8
1909090 130.9
1909100 131.0
1909110 131.0
1909120 131.0
1909130 131.1
1909140 131.1
1909150 131.1
1909160 131.1
1909170 131.1
1909180 131.0
1909190 131.0
1909200 130.9
1909210 130.9
1909220 130.9
1909230 130.8
1909240 130.8
1909250 130.8
1909260 130.8
1909270 130.8
1909280 130.8
1909290 130.8
1909300 130.7
1909310 130.7
1909320 130.7
1909330 130.6
1909340 130.6
1909350 130.6
1909360 130.6
1909370 130.6
1909380 130.5
1909390 130.5
1909400 130.5
1909410 130.4
1909420 130.4
1909430 130.5
1909440 130.5
1909450 130.5
1909460 130.5
1909470 130.5
1909480 130.5
1909490 130.5
1909500 130.5
1909510 130.5
1909520 130.5
1909530 130.5
1909540 130.5
1909550 130.6
1909560 130.6
1909570 130.6
1909580 130.6
1909590 130.6
1909600 130.5
1909610 130.5
1909620 130.5
1909630 130.5
1909640 130.4
1909650 130.4
1909660 130.3
1909670 130.3
1909680 130.3
1909690 130.5
1909700 130.5
1909710 130.6
1909720 130.6
1909730 130.7
1909740 130.6
1909750 130.6
1909760 130.5
1909770 130.5
1909780 130.3
1909790 130.3
1909800 130.3
1909810 130.3
1909820 130.3
1909830 130.3
1909840 130.3
1909850 130.3
1909860 130.3
1909870 130.3
1909880 130.3
1909890 130.4
1909900 130.4
1909910 130.3
1909920 130.4
1909930 130.4
1909940 130.5
1909950 130.5
1909960 130.5
1909970 130.6
1909980 130.6
1909990 130.6
1910000 130.6
1910010 130.7
1910020 130.7
1910030 130.7
1910040 130.7
1910050 130.7
1910060 130.7
1910070 130.7
1910080 130.7
1910090 130.7
1910100 130.7
1910110 130.7
1910120 130.7
1910130 130.7
1910140 130.7
1910150 130.8
1910160 130.8
1910170 130.9
1910180 130.9
1910190 130.9
1910200 130.9
1910210 130.9
