1900000 132.5
1900010 132.4
1900020 132.4
1900030 132.4
1900040 132.3
1900050 132.3
1900060 132.3
1900070 132.3
1900080 132.3
1900090 132.3
1900100 132.3
1900110 132.3
1900120 132.3
1900130 132.4
1900140 132.4
1900150 132.3
1900160 132.3
1900170 132.4
1900180 132.4
1900190 132.5
1900200 132.5
1900210 132.5
1900220 132.5
1900230 132.6
1900240 132.6
1900250 132.5
1900260 132.5
1900270 132.5
1900280 132.5
1900290 132.5
1900300 132.5
1900310 132.6
1900320 132.6
1900330 132.6
1900340 132.7
1900350 132.8
1900360 132.8
1900370 132.9
1900380 132.9
1900390 132.9
1900400 132.9
1900410 132.9
1900420 132.9
1900430 132.8
1900440 132.7
1900450 132.7
1900460 132.3
1900470 132.3
1900480 132.3
1900490 132.2
1900500 132.2
1900510 132.2
1900520 132.3
1900530 132.4
1900540 132.4
1900550 132.5
1900560 132.5
1900570 132.5
1900580 132.5
1900590 132.5
1900600 132.5
1900610 132.5
1900620 132.6
1900630 132.6
1900640 132.6
1900650 132.7
1900660 132.7
1900670 132.7
1900680 132.7
1900690 132.7
1900700 132.6
1900710 132.6
1900720 132.6
1900730 132.5
1900740 132.6
1900750 132.6
1900760 132.5
1900770 132.4
1900780 132.4
1900790 132.4
1900800 132.5
1900810 132.5
1900820 132.5
1900830 132.4
1900840 132.4
1900850 132.4
1900860 132.4
1900870 132.4
1900880 132.4
1900890 132.4
1900900 132.4
1900910 132.4
1900920 132.4
1900930 132.4
1900940 132.4
1900950 132.4
1900960 132.4
1900970 132.4
1900980 132.4
1900990 132.4
1901000 132.4
1901010 132.3
1901020 132.3
1901030 132.4
1901040 132.5
1901050 132.5
1901060 132.5
1901070 132.6
1901080 132.5
1901090 132.1
1901100 132.4
1901110 132.4
1901120 132.6
1901130 132.5
1901140 132.5
1901150 132.4
1901160 132.3
1901170 132.3
1901180 132.2
1901190 132.1
1901200 132.1
1901210 132.2
1901220 132.2
1901230 132.2
1901240 132.1
1901250 132.2
1901260 132.2
1901270 132.3
1901280 132.3
1901290 132.3
1901300 132.3
1901310 132.3
1901320 132.3
1901330 132.3
1901340 132.2
1901350 132.2
1901360 132.2
1901370 132.2
1901380 132.2
1901390 132.2
1901400 132.2
1901410 132.2
1901420 132.3
1901430 132.3
1901440 132.3
1901450 132.3
1901460 132.2
1901470 132.2
1901480 132.2
1901490 132.2
1901500 132.2
1901510 132.2
1901520 132.2
1901530 132.2
1901540 132.2
1901550 132.2
1901560 132.2
1901570 132.2
1901580 132.2
1901590 132.1
1901600 132.1
1901610 132.1
1901620 132.2
1901630 132.2
1901640 132.2
1901650 132.3
1901660 132.3
1901670 132.3
1901680 132.3
1901690 132.3
1901700 132.2
1901710 132.2
1901720 132.2
1901730 132.2
1901740 132.2
1901750 132.2
1901760 132.3
1901770 132.3
1901780 132.3
1901790 132.4
1901800 132.4
1901810 132.4
1901820 132.4
1901830 132.4
1901840 132.4
1901850 132.4
1901860 132.4
1901870 132.4
1901880 132.4
1901890 132.4
1901900 132.4
1901910 132.4
1901920 132.3
1901930 132.3
1901940 132.2
1901950 132.2
1901960 132.2
1901970 132.3
1901980 132.4
1901990 132.4
1902000 132.4
1902010 132.4
1902020 132.4
1902030 132.3
1902040 132.3
1902050 132.3
1902060 132.3
1902070 132.3
1902080 132.3
1902090 132.4
1902100 132.4
1902110 132.4
1902120 132.4
1902130 132.4
1902140 132.4
1902150 132.4
1902160 132.4
1902170 132.4
1902180 132.4
1902190 132.4
1902200 132.4
1902210 132.2
1902220 132.3
1902230 132.3
1902240 132.4
1902250 132.4
1902260 132.4
1902270 132.3
1902280 132.3
1902290 132.3
1902300 132.7
1902310 133.0
1902320 132.3
1902330 132.4
1902340 132.5
1902350 132.5
1902360 132.9
1902370 133.1
1902380 133.1
1902390 133.0
1902400 132.8
1902410 132.8
1902420 132.4
1902430 132.2
1902440 132.2
1902450 132.2
1902460 132.3
1902470 132.3
1902480 132.3
1902490 132.4
1902500 132.4
1902510 132.4
1902520 132.4
1902530 132.4
1902540 132.4
1902550 132.4
1902560 132.4
1902570 132.3
1902580 132.3
1902590 132.3
1902600 132.3
1902610 132.3
1902620 132.3
1902630 132.3
1902640 132.3
1902650 132.3
1902660 132.3
1902670 132.3
1902680 132.3
1902690 132.2
1902700 132.1
1902710 132.1
1902720 132.1
1902730 132.0
1902740 132.0
1902750 132.0
1902760 132.0
1902770 132.0
1902780 132.0
1902790 132.1
1902800 132.1
1902810 132.1
1902820 132.3
1902830 132.3
1902840 132.3
1902850 132.2
1902860 132.2
1902870 132.2
1902880 132.3
1902890 132.4
1902900 132.4
1902910 132.3
1902920 132.1
1902930 132.1
1902940 132.1
1902950 132.1
1902960 132.1
1902970 132.1
1902980 132.1
1902990 132.1
1903000 132.1
1903010 132.1
1903020 132.1
1903030 132.1
1903040 132.1
1903050 132.1
1903060 132.1
1903070 132.2
1903080 132.2
1903090 132.1
1903100 132.2
1903110 132.2
1903120 132.2
1903130 132.2
1903140 132.2
1903150 132.2
1903160 132.2
1903170 132.2
1903180 132.2
1903190 132.3
1903200 132.3
1903210 132.3
1903220 132.3
1903230 132.3
1903240 132.3
1903250 132.3
1903260 132.3
1903270 132.3
1903280 132.4
1903290 132.4
1903300 132.4
1903310 132.4
1903320 132.4
1903330 132.4
1903340 132.4
1903350 132.4
1903360 132.4
1903370 132.4
1903380 132.4
1903390 132.4
1903400 132.4
1903410 132.4
1903420 132.4
1903430 132.5
1903440 132.5
1903450 132.5
1903460 132.3
1903470 132.3
1903480 132.4
1903490 132.3
1903500 132.3
1903510 132.3
1903520 132.3
1903530 132.3
1903540 132.2
1903550 132.1
1903560 132.1
1903570 132.1
1903580 132.1
1903590 132.1
1903600 132.1
1903610 132.1
1903620 132.1
1903630 132.2
1903640 132.3
1903650 132.3
1903660 132.3
1903670 132.3
1903680 132.3
1903690 132.5
1903700 132.5
1903710 132.5
1903720 132.5
1903730 132.4
1903740 132.4
1903750 132.3
1903760 132.3
1903770 132.3
1903780 132.2
1903790 132.2
1903800 132.2
1903810 132.2
1903820 132.2
1903830 132.2
1903840 132.3
1903850 132.3
1903860 132.3
1903870 132.4
1903880 132.4
1903890 132.4
1903900 132.3
1903910 132.5
1903920 132.5
1903930 132.6
1903940 132.7
1903950 132.7
1903960 132.7
1903970 132.6
1903980 132.6
1903990 132.5
1904000 132.4
1904010 132.4
1904020 132.5
1904030 132.6
1904040 132.7
1904050 132.7
1904060 132.6
1904070 132.4
1904080 132.4
1904090 132.4
1904100 132.6
1904110 132.6
1904120 132.6
1904130 132.6
1904140 132.6
1904150 132.7
1904160 133.0
1904170 133.0
1904180 133.2
1904190 133.1
1904200 133.1
1904210 133.1
1904220 132.8
1904230 132.8
1904240 132.7
1904250 132.6
1904260 132.6
1904270 132.7
1904280 132.7
1904290 132.7
1904300 132.8
1904310 133.0
1904320 133.0
1904330 132.9
1904340 132.7
1904350 132.7
1904360 132.6
1904370 132.4
1904380 132.4
1904390 132.3
1904400 132.2
1904410 132.2
1904420 132.2
1904430 132.2
1904440 132.2
1904450 132.2
1904460 132.4
1904470 132.4
1904480 132.5
1904490 132.5
1904500 132.5
1904510 132.3
1904520 132.1
1904530 132.1
1904540 132.0
1904550 132.3
1904560 132.3
1904570 132.3
1904580 132.3
1904590 132.3
1904600 132.1
1904610 132.1
1904620 132.1
1904630 132.2
1904640 132.1
1904650 132.1
1904660 132.0
1904670 131.9
1904680 131.9
1904690 131.7
1904700 131.8
1904710 131.8
1904720 131.8
1904730 131.6
1904740 131.6
1904750 131.7
1904760 132.3
1904770 132.3
1904780 132.5
1904790 132.4
1904800 132.4
1904810 132.3
1904820 132.3
1904830 132.3
1904840 132.5
1904850 132.5
1904860 132.5
1904870 132.5
1904880 132.5
1904890 132.5
1904900 132.4
1904910 132.4
1904920 132.4
1904930 132.4
1904940 132.4
1904950 132.4
1904960 132.3
1904970 132.4
1904980 132.4
1904990 132.3
1905000 132.3
1905010 132.3
1905020 132.2
1905030 132.1
1905040 132.1
1905050 132.1
1905060 132.1
1905070 132.1
1905080 132.0
1905090 131.9
1905100 131.9
1905110 131.9
1905120 131.9
1905130 131.9
1905140 131.8
1905150 131.8
1905160 131.8
1905170 131.8
1905180 132.0
1905190 132.0
1905200 132.0
1905210 131.9
1905220 131.9
1905230 131.9
1905240 131.9
1905250 131.9
1905260 132.0
1905270 132.1
1905280 132.1
1905290 132.2
1905300 132.2
1905310 132.2
1905320 132.2
1905330 132.2
1905340 132.2
1905350 132.2
1905360 132.3
1905370 132.3
1905380 132.3
1905390 132.4
1905400 132.5
1905410 132.5
1905420 132.6
1905430 132.7
1905440 132.7
1905450 132.7
1905460 132.8
1905470 132.8
1905480 132.7
1905490 132.7
1905500 132.7
1905510 132.6
1905520 132.6
1905530 132.6
1905540 132.5
1905550 132.5
1905560 132.5
1905570 132.5
1905580 132.5
1905590 132.5
1905600 132.5
1905610 132.4
1905620 132.4
1905630 132.5
1905640 132.5
1905650 132.5
1905660 132.4
1905670 132.2
1905680 132.2
1905690 132.1
1905700 132.0
1905710 132.0
1905720 131.8
1905730 131.7
1905740 131.7
1905750 131.5
1905760 131.4
1905770 131.4
1905780 131.3
1905790 131.3
1905800 131.3
1905810 131.3
1905820 131.3
1905830 131.3
1905840 131.3
1905850 131.2
1905860 131.2
1905870 131.2
1905880 131.3
1905890 131.3
1905900 131.4
1905910 131.5
1905920 131.5
1905930 131.7
1905940 131.7
1905950 131.7
1905960 131.9
1905970 132.1
1905980 132.1
1905990 132.4
1906000 132.5
1906010 132.5
1906020 132.6
1906030 132.6
1906040 132.6
1906050 132.6
1906060 132.7
1906070 132.7
1906080 132.7
1906090 132.7
1906100 132.7
1906110 132.6
1906120 132.6
1906130 132.6
1906140 132.5
1906150 132.5
1906160 132.5
1906170 132.5
1906180 132.5
1906190 132.5
1906200 132.5
1906210 132.5
1906220 132.5
1906230 132.6
1906240 132.6
1906250 132.6
1906260 132.6
1906270 132.7
1906280 132.7
1906290 132.7
1906300 132.7
1906310 132.7
1906320 132.7
1906330 132.7
1906340 132.7
1906350 132.7
1906360 132.7
1906370 132.7
1906380 132.7
1906390 132.7
1906400 132.7
1906410 132.6
1906420 132.6
1906430 132.6
1906440 132.6
1906450 132.6
1906460 132.6
1906470 132.6
1906480 132.6
1906490 132.6
1906500 132.5
1906510 132.5
1906520 132.5
1906530 132.5
1906540 132.5
1906550 132.5
1906560 132.5
1906570 132.5
1906580 132.5
1906590 132.5
1906600 132.5
1906610 132.5
1906620 132.5
1906630 132.6
1906640 132.6
1906650 132.6
1906660 132.7
1906670 132.7
1906680 132.7
1906690 132.6
1906700 132.5
1906710 132.5
1906720 132.4
1906730 132.3
1906740 132.3
1906750 132.2
1906760 132.2
1906770 132.2
1906780 132.2
1906790 132.3
1906800 132.3
1906810 132.4
1906820 132.4
1906830 132.4
1906840 132.4
1906850 132.4
1906860 132.4
1906870 132.4
1906880 132.4
1906890 132.4
1906900 132.4
1906910 132.4
1906920 132.4
1906930 132.4
1906940 132.3
1906950 132.3
1906960 132.3
1906970 132.3
1906980 132.3
1906990 132.4
1907000 132.4
1907010 132.4
1907020 132.4
1907030 132.4
1907040 132.4
1907050 132.5
1907060 132.5
1907070 132.5
1907080 132.5
1907090 132.5
1907100 132.5
1907110 132.4
1907120 132.4
1907130 132.4
1907140 132.4
1907150 132.4
1907160 132.4
1907170 132.4
1907180 132.4
1907190 132.4
1907200 132.4
1907210 132.3
1907220 132.3
1907230 132.3
1907240 132.3
1907250 132.3
1907260 132.3
1907270 132.3
1907280 132.3
1907290 132.3
1907300 132.3
1907310 132.3
1907320 132.3
1907330 132.3
1907340 132.3
1907350 132.4
1907360 132.4
1907370 132.4
1907380 132.3
1907390 132.2
1907400 132.2
1907410 132.2
1907420 132.3
1907430 132.3
1907440 132.3
1907450 132.3
1907460 132.3
1907470 132.3
1907480 132.3
1907490 132.3
1907500 132.3
1907510 132.3
1907520 132.3
1907530 132.3
1907540 132.3
1907550 132.3
1907560 132.3
1907570 132.4
1907580 132.4
1907590 132.4
1907600 132.4
1907610 132.4
1907620 132.4
1907630 132.4
1907640 132.4
1907650 132.3
1907660 132.3
1907670 132.3
1907680 132.3
1907690 132.3
1907700 132.3
1907710 132.3
1907720 132.2
1907730 132.2
1907740 132.2
1907750 132.2
1907760 132.2
1907770 132.1
1907780 132.1
1907790 132.1
1907800 132.2
1907810 132.1
1907820 132.1
1907830 132.1
1907840 132.1
1907850 132.1
1907860 132.1
1907870 132.1
1907880 132.1
1907890 132.1
1907900 132.0
1907910 132.0
1907920 132.0
1907930 132.0
1907940 132.1
1907950 132.1
1907960 132.1
1907970 132.1
1907980 132.1
1907990 132.1
1908000 132.1
1908010 132.1
1908020 132.0
1908030 132.0
1908040 132.0
1908050 132.0
1908060 132.0
1908070 132.0
1908080 132.1
1908090 132.1
1908100 132.1
1908110 132.2
1908120 132.2
1908130 132.2
1908140 132.1
1908150 131.9
1908160 131.9
1908170 131.9
1908180 131.9
1908190 131.9
1908200 131.9
1908210 131.8
1908220 131.8
1908230 131.8
1908240 132.0
1908250 132.0
1908260 132.1
1908270 132.0
1908280 132.0
1908290 131.9
1908300 131.9
1908310 131.9
1908320 131.8
1908330 131.8
1908340 131.8
1908350 131.9
1908360 131.9
1908370 131.9
1908380 131.9
1908390 131.9
1908400 131.9
1908410 131.9
1908420 132.0
1908430 132.0
1908440 132.0
1908450 132.0
1908460 132.0
1908470 132.0
1908480 132.0
1908490 132.0
1908500 132.0
1908510 132.0
1908520 132.0
1908530 132.1
1908540 132.1
1908550 132.1
1908560 132.1
1908570 132.1
1908580 132.1
1908590 132.1
1908600 132.1
1908610 132.1
1908620 132.0
1908630 132.0
1908640 132.0
1908650 131.9
1908660 131.9
1908670 131.9
1908680 131.9
1908690 132.0
1908700 132.0
1908710 132.1
1908720 132.1
1908730 132.1
1908740 132.2
1908750 132.2
1908760 132.2
1908770 132.2
1908780 132.3
1908790 132.3
1908800 132.3
1908810 132.3
1908820 132.3
1908830 132.2
1908840 132.3
1908850 132.3
1908860 132.4
1908870 132.5
1908880 132.5
1908890 132.4
1908900 132.4
1908910 132.4
1908920 132.4
1908930 132.3
1908940 132.3
1908950 132.4
1908960 132.4
1908970 132.4
1908980 132.4
1908990 132.4
1909000 132.4
1909010 132.4
1909020 132.5
1909030 132.5
1909040 132.4
1909050 132.4
1909060 132.3
1909070 132.3
1909080 132.3
1909090 132.4
1909100 132.4
1909110 132.4
1909120 132.4
1909130 132.5
1909140 132.5
1909150 132.4
1909160 132.4
1909170 132.4
1909180 132.4
1909190 132.4
1909200 132.3
1909210 132.3
1909220 132.3
1909230 132.3
1909240 132.4
1909250 132.4
1909260 132.4
1909270 132.4
1909280 132.4
1909290 132.5
1909300 132.5
1909310 132.5
1909320 132.5
1909330 132.5
1909340 132.6
1909350 132.6
1909360 132.5
1909370 132.5
1909380 132.5
1909390 132.5
1909400 132.6
1909410 132.6
1909420 132.6
1909430 132.6
1909440 132.6
1909450 132.7
1909460 132.7
1909470 132.7
1909480 132.7
1909490 132.7
1909500 132.8
1909510 132.9
1909520 132.9
1909530 133.0
1909540 133.0
1909550 133.1
1909560 133.2
1909570 133.2
1909580 133.3
1909590 133.4
1909600 133.4
1909610 133.4
1909620 133.4
1909630 133.7
1909640 133.8
1909650 133.8
1909660 133.7
1909670 133.2
1909680 133.2
1909690 132.7
1909700 132.7
1909710 132.2
1909720 131.8
1909730 131.8
1909740 131.4
1909750 131.1
1909760 131.1
1909770 130.8
1909780 130.7
1909790 130.7
1909800 130.5
1909810 130.5
1909820 130.5
1909830 130.5
1909840 130.5
1909850 130.5
1909860 130.5
1909870 130.5
1909880 130.5
1909890 130.5
1909900 130.5
1909910 130.5
1909920 130.5
1909930 130.5
1909940 130.4
1909950 130.4
1909960 130.4
1909970 130.4
1909980 130.3
1909990 130.3
1910000 130.3
1910010 130.4
1910020 130.4
1910030 130.4
1910040 130.4
1910050 130.4
1910060 130.4
1910070 130.4
1910080 130.4
1910090 130.3
1910100 130.3
1910110 130.3
1910120 130.3
1910130 130.3
1910140 130.3
1910150 130.2
1910160 130.2
1910170 130.2
1910180 130.2
1910190 130.2
1910200 130.1
1910210 130.2
1910220 130.2
1910230 130.2
1910240 130.2
1910250 130.1
1910260 130.2
1910270 130.2
1910280 130.4
1910290 130.4
1910300 130.4
1910310 130.5
1910320 130.5
1910330 130.7
1910340 130.8
1910350 130.6
1910360 130.5
1910370 130.5
1910380 130.5
1910390 130.5
1910400 130.5
1910410 130.5
1910420 130.4
1910430 130.4
1910440 130.5
1910450 130.5
1910460 130.5
1910470 130.6
1910480 130.6
1910490 130.8
