1900000 133.5
1900010 133.8
1900020 133.7
1900030 133.7
1900040 133.7
1900050 133.6
1900060 133.6
1900070 133.3
1900080 133.3
1900090 133.3
1900100 133.2
1900110 133.2
1900120 133.2
1900130 133.1
1900140 133.1
1900150 133.1
1900160 133.0
1900170 132.9
1900180 132.9
1900190 132.9
1900200 132.9
1900210 132.9
1900220 132.9
1900230 132.9
1900240 132.9
1900250 132.9
1900260 132.9
1900270 132.9
1900280 132.9
1900290 132.8
1900300 132.8
1900310 132.7
1900320 132.7
1900330 132.7
1900340 132.7
1900350 132.7
1900360 132.7
1900370 132.7
1900380 132.6
1900390 132.6
1900400 132.6
1900410 132.6
1900420 132.6
1900430 132.5
1900440 132.5
1900450 132.5
1900460 132.4
1900470 132.4
1900480 132.4
1900490 132.4
1900500 132.4
1900510 132.4
1900520 132.4
1900530 132.5
1900540 132.5
1900550 132.6
1900560 132.7
1900570 132.7
1900580 132.7
1900590 132.8
1900600 132.8
1900610 132.7
1900620 132.5
1900630 132.5
1900640 132.5
1900650 132.4
1900660 132.4
1900670 132.5
1900680 132.4
1900690 132.4
1900700 132.4
1900710 132.3
1900720 132.3
1900730 132.3
1900740 132.4
1900750 132.4
1900760 132.4
1900770 132.4
1900780 132.3
1900790 132.3
1900800 132.3
1900810 132.3
1900820 132.4
1900830 132.4
1900840 132.4
1900850 132.4
1900860 132.5
1900870 132.5
1900880 132.5
1900890 132.4
1900900 132.4
1900910 132.4
1900920 132.4
1900930 132.4
1900940 132.5
1900950 132.5
1900960 132.5
1900970 132.5
1900980 132.4
1900990 132.5
1901000 132.5
1901010 133.2
1901020 133.1
1901030 133.1
1901040 132.5
1901050 132.4
1901060 132.4
1901070 132.3
1901080 132.3
1901090 132.3
1901100 132.3
1901110 132.3
1901120 132.3
1901130 132.2
1901140 132.2
1901150 132.2
1901160 132.1
1901170 132.1
1901180 132.1
1901190 132.1
1901200 132.1
1901210 132.1
1901220 132.1
1901230 132.2
1901240 132.2
1901250 132.2
1901260 132.2
1901270 132.2
1901280 132.2
1901290 132.3
1901300 132.3
1901310 132.2
1901320 132.2
1901330 132.2
1901340 132.1
1901350 132.0
1901360 132.0
1901370 132.0
1901380 132.0
1901390 132.0
1901400 132.0
1901410 132.0
1901420 132.0
1901430 132.1
1901440 132.1
1901450 132.1
1901460 132.2
1901470 132.2
1901480 132.2
1901490 132.3
1901500 132.4
1901510 132.4
1901520 132.3
1901530 131.8
1901540 131.8
1901550 132.0
1901560 132.2
1901570 132.2
1901580 132.1
1901590 132.0
1901600 132.0
1901610 132.0
1901620 132.0
1901630 132.0
1901640 132.0
1901650 132.1
1901660 132.1
1901670 132.1
1901680 132.0
1901690 132.0
1901700 132.0
1901710 131.9
1901720 131.9
1901730 131.9
1901740 131.9
1901750 131.9
1901760 131.9
1901770 131.9
1901780 131.9
1901790 131.9
1901800 131.9
1901810 131.9
1901820 132.1
1901830 132.0
1901840 132.0
1901850 131.6
1901860 131.8
1901870 131.8
1901880 132.2
1901890 132.0
1901900 132.0
1901910 131.9
1901920 131.8
1901930 131.8
1901940 131.8
1901950 131.8
1901960 131.8
1901970 131.8
1901980 131.8
1901990 131.8
1902000 131.7
1902010 131.7
1902020 131.7
1902030 131.8
1902040 131.8
1902050 131.8
1902060 131.8
1902070 131.8
1902080 131.8
1902090 131.8
1902100 131.9
1902110 131.9
1902120 131.9
1902130 131.9
1902140 131.9
1902150 131.9
1902160 132.0
1902170 132.0
1902180 131.9
1902190 131.9
1902200 131.9
1902210 131.9
1902220 131.8
1902230 131.8
1902240 131.8
1902250 131.8
1902260 131.7
1902270 131.7
1902280 131.7
1902290 131.8
1902300 131.8
1902310 131.7
1902320 131.7
1902330 131.7
1902340 131.7
1902350 131.7
1902360 131.7
1902370 131.6
1902380 131.7
1902390 131.7
1902400 131.6
1902410 131.7
1902420 131.7
1902430 131.7
1902440 131.9
1902450 131.9
1902460 131.9
1902470 131.7
1902480 131.7
1902490 131.6
1902500 131.5
1902510 131.5
1902520 131.6
1902530 131.5
1902540 131.5
1902550 131.6
1902560 131.6
1902570 131.6
1902580 131.6
1902590 131.6
1902600 131.6
1902610 131.6
1902620 131.6
1902630 131.6
1902640 131.6
1902650 131.5
1902660 131.5
1902670 131.6
1902680 131.7
1902690 131.7
1902700 131.7
1902710 131.8
1902720 131.8
1902730 131.8
1902740 131.9
1902750 131.9
1902760 131.8
1902770 131.8
1902780 131.8
1902790 131.8
1902800 131.8
1902810 131.8
1902820 131.8
1902830 131.7
1902840 131.7
1902850 131.7
1902860 131.8
1902870 131.8
1902880 131.8
1902890 131.9
1902900 131.9
1902910 131.8
1902920 131.8
1902930 131.8
1902940 131.8
1902950 131.8
1902960 131.8
1902970 131.8
1902980 131.8
1902990 131.8
1903000 131.8
1903010 131.8
1903020 131.8
1903030 131.7
1903040 131.8
1903050 131.8
1903060 131.8
1903070 131.8
1903080 131.8
1903090 131.8
1903100 131.8
1903110 131.8
1903120 131.8
1903130 131.8
1903140 131.8
1903150 131.8
1903160 131.8
1903170 131.8
1903180 131.8
1903190 131.8
1903200 131.8
1903210 131.7
1903220 131.7
1903230 131.7
1903240 131.7
1903250 131.8
1903260 131.7
1903270 131.8
1903280 131.8
1903290 131.8
1903300 131.7
1903310 131.8
1903320 131.8
1903330 131.8
1903340 131.8
1903350 131.8
1903360 131.8
1903370 131.9
1903380 131.9
1903390 131.8
1903400 131.9
1903410 131.9
1903420 131.8
1903430 131.7
1903440 131.7
1903450 131.7
1903460 131.8
1903470 131.8
1903480 131.7
1903490 131.6
1903500 131.6
1903510 131.6
1903520 131.7
1903530 131.6
1903540 131.6
1903550 131.6
1903560 131.7
1903570 131.6
1903580 131.7
1903590 131.7
1903600 131.7
1903610 131.7
1903620 131.7
1903630 131.7
1903640 131.6
1903650 131.6
1903660 131.6
1903670 131.6
1903680 131.6
1903690 131.6
1903700 131.6
1903710 131.6
1903720 131.6
1903730 131.6
1903740 131.6
1903750 131.6
1903760 131.6
1903770 131.6
1903780 131.6
1903790 131.7
1903800 131.7
1903810 131.7
1903820 131.7
1903830 131.7
1903840 131.7
1903850 131.7
1903860 131.7
1903870 131.7
1903880 131.8
1903890 131.8
1903900 131.8
1903910 131.9
1903920 131.9
1903930 131.9
1903940 131.9
1903950 131.9
1903960 131.9
1903970 132.0
1903980 132.0
1903990 132.0
1904000 132.0
1904010 131.9
1904020 131.9
1904030 131.9
1904040 131.7
1904050 131.7
1904060 131.2
1904070 131.5
1904080 131.5
1904090 131.9
1904100 132.0
1904110 132.0
1904120 132.1
1904130 132.2
1904140 132.2
1904150 132.3
1904160 132.3
1904170 132.3
1904180 132.2
1904190 132.0
1904200 132.0
1904210 131.8
1904220 131.8
1904230 131.8
1904240 132.1
1904250 132.0
1904260 132.0
1904270 131.9
1904280 132.0
1904290 132.0
1904300 132.0
1904310 131.8
1904320 131.8
1904330 131.9
1904340 131.9
1904350 131.9
1904360 131.9
1904370 132.0
1904380 132.0
1904390 132.2
1904400 132.2
1904410 132.2
1904420 132.1
1904430 132.2
1904440 132.2
1904450 132.4
1904460 132.3
1904470 132.3
1904480 132.1
1904490 132.0
1904500 132.0
1904510 131.9
1904520 132.0
1904530 132.0
1904540 131.8
1904550 131.5
1904560 131.5
1904570 131.5
1904580 131.5
1904590 131.5
1904600 131.5
1904610 131.6
1904620 131.6
1904630 131.8
1904640 131.8
1904650 131.8
1904660 131.7
1904670 131.7
1904680 131.7
1904690 131.8
1904700 131.8
1904710 131.8
1904720 131.8
1904730 131.9
1904740 131.9
1904750 132.0
1904760 132.1
1904770 132.2
1904780 132.2
1904790 132.1
1904800 132.0
1904810 132.0
1904820 132.3
1904830 132.2
1904840 132.2
1904850 132.3
1904860 132.3
1904870 132.3
1904880 132.0
1904890 131.9
1904900 131.9
1904910 131.7
1904920 131.7
1904930 131.7
1904940 131.6
1904950 131.4
1904960 131.4
1904970 131.3
1904980 131.2
1904990 131.2
1905000 131.1
1905010 131.0
1905020 131.0
1905030 130.9
1905040 130.9
1905050 130.9
1905060 131.2
1905070 131.6
1905080 131.6
1905090 131.6
1905100 131.6
1905110 131.7
1905120 131.9
1905130 131.8
1905140 131.8
1905150 131.7
1905160 131.7
1905170 131.7
1905180 131.7
1905190 131.7
1905200 131.7
1905210 131.6
1905220 131.7
1905230 131.7
1905240 131.7
1905250 131.7
1905260 131.7
1905270 131.6
1905280 131.6
1905290 131.6
1905300 131.6
1905310 131.5
1905320 131.5
1905330 131.6
1905340 131.6
1905350 131.6
1905360 131.6
1905370 131.5
1905380 131.5
1905390 131.4
1905400 131.4
1905410 131.4
1905420 131.4
1905430 131.3
1905440 131.3
1905450 131.3
1905460 131.3
1905470 131.3
1905480 131.3
1905490 131.4
1905500 131.4
1905510 131.5
1905520 131.6
1905530 131.6
1905540 131.7
1905550 131.8
1905560 131.8
1905570 131.9
1905580 132.0
1905590 132.0
1905600 132.1
1905610 132.2
1905620 132.2
1905630 132.2
1905640 132.3
1905650 132.3
1905660 132.3
1905670 132.2
1905680 132.2
1905690 132.2
1905700 132.2
1905710 132.2
1905720 132.2
1905730 132.2
1905740 132.2
1905750 132.1
1905760 132.2
1905770 132.2
1905780 132.2
1905790 132.2
1905800 132.2
1905810 132.2
1905820 132.2
1905830 132.2
1905840 132.1
1905850 132.1
1905860 132.1
1905870 132.1
1905880 132.1
1905890 132.1
1905900 132.1
1905910 132.1
1905920 132.1
1905930 132.1
1905940 132.0
1905950 132.0
1905960 132.0
1905970 132.0
1905980 132.0
1905990 132.0
1906000 132.0
1906010 132.0
1906020 132.0
1906030 131.9
1906040 131.9
1906050 132.0
1906060 132.0
1906070 131.9
1906080 131.9
1906090 131.9
1906100 132.0
1906110 132.0
1906120 131.9
1906130 131.9
1906140 131.9
1906150 132.0
1906160 132.0
1906170 132.0
1906180 132.0
1906190 131.9
1906200 131.9
1906210 131.9
1906220 131.9
1906230 131.9
1906240 131.9
1906250 131.9
1906260 131.9
1906270 131.9
1906280 132.0
1906290 132.0
1906300 132.0
1906310 132.0
1906320 132.0
1906330 131.9
1906340 131.9
1906350 131.9
1906360 131.9
1906370 131.9
1906380 131.9
1906390 131.9
1906400 131.9
1906410 131.9
1906420 131.9
1906430 131.9
1906440 131.9
1906450 131.8
1906460 131.8
1906470 131.8
1906480 131.8
1906490 131.8
1906500 131.8
1906510 131.8
1906520 131.8
1906530 131.8
1906540 131.9
1906550 132.0
1906560 132.0
1906570 132.0
1906580 132.0
1906590 132.0
1906600 132.0
1906610 132.1
1906620 132.1
1906630 132.0
1906640 132.1
1906650 132.1
1906660 132.1
1906670 132.1
1906680 132.1
1906690 132.2
1906700 132.3
1906710 132.3
1906720 132.3
1906730 132.3
1906740 132.3
1906750 132.3
1906760 132.4
1906770 132.4
1906780 132.3
1906790 132.3
1906800 132.3
1906810 132.3
1906820 132.4
1906830 132.4
1906840 132.3
1906850 132.3
1906860 132.3
1906870 132.3
1906880 132.3
1906890 132.3
1906900 132.3
1906910 132.3
1906920 132.3
1906930 132.3
1906940 132.8
1906950 132.8
1906960 132.7
1906970 132.7
1906980 132.7
1906990 132.5
1907000 132.5
1907010 132.5
1907020 132.4
1907030 132.4
1907040 132.4
1907050 132.3
1907060 132.2
1907070 132.2
1907080 132.2
1907090 132.2
1907100 132.2
1907110 132.2
1907120 132.1
1907130 132.1
1907140 132.1
1907150 132.0
1907160 132.0
1907170 132.0
1907180 132.1
1907190 132.1
1907200 132.1
1907210 132.0
1907220 132.0
1907230 132.0
1907240 131.8
1907250 132.0
1907260 131.9
1907270 131.9
1907280 131.9
1907290 132.0
1907300 132.0
1907310 132.0
1907320 131.9
1907330 131.9
1907340 131.9
1907350 131.9
1907360 131.9
1907370 131.9
1907380 131.9
1907390 131.9
1907400 131.9
1907410 131.9
1907420 131.8
1907430 131.8
1907440 131.8
1907450 131.8
1907460 131.8
1907470 131.8
1907480 131.8
1907490 131.8
1907500 131.8
1907510 131.8
1907520 131.9
1907530 131.9
1907540 131.8
1907550 131.8
1907560 131.9
1907570 131.9
1907580 131.9
1907590 131.9
1907600 131.9
1907610 131.9
1907620 131.9
1907630 131.9
1907640 131.9
1907650 131.9
1907660 131.8
1907670 131.8
1907680 131.8
1907690 131.7
1907700 131.7
1907710 131.7
1907720 131.7
1907730 131.7
1907740 131.7
1907750 131.7
1907760 131.7
1907770 131.7
1907780 131.7
1907790 131.7
1907800 131.7
1907810 131.7
1907820 131.8
1907830 131.8
1907840 131.9
1907850 131.9
1907860 131.9
1907870 131.9
1907880 131.9
1907890 131.9
1907900 131.8
1907910 131.8
1907920 131.8
1907930 131.8
1907940 131.9
1907950 131.9
1907960 131.8
1907970 131.8
1907980 131.8
1907990 131.7
1908000 131.7
1908010 131.7
1908020 131.8
1908030 131.8
1908040 131.8
1908050 131.8
1908060 131.8
1908070 131.8
1908080 131.9
1908090 131.9
1908100 131.9
1908110 131.9
1908120 131.8
1908130 131.8
1908140 131.7
1908150 131.6
1908160 131.6
1908170 131.7
1908180 131.7
1908190 131.7
1908200 131.7
1908210 131.7
1908220 131.7
1908230 131.7
1908240 131.6
1908250 131.6
1908260 131.6
1908270 131.7
1908280 131.7
1908290 131.6
1908300 131.6
1908310 131.6
1908320 131.6
1908330 131.5
1908340 131.5
1908350 131.6
1908360 131.6
1908370 131.6
1908380 131.6
1908390 131.5
1908400 131.5
1908410 131.5
1908420 131.5
1908430 131.5
1908440 131.5
1908450 131.5
1908460 131.5
1908470 131.5
1908480 131.4
1908490 131.4
1908500 131.4
1908510 131.4
1908520 131.4
1908530 131.4
1908540 131.5
1908550 131.5
1908560 131.5
1908570 131.6
1908580 131.6
1908590 131.7
1908600 131.7
1908610 131.8
1908620 131.8
1908630 131.8
1908640 131.8
1908650 131.8
1908660 131.8
1908670 131.8
1908680 131.8
1908690 131.8
1908700 131.8
1908710 131.8
1908720 131.8
1908730 131.8
1908740 131.8
1908750 131.8
1908760 131.8
1908770 131.8
1908780 131.8
1908790 131.7
1908800 131.7
1908810 131.8
1908820 131.8
1908830 131.8
1908840 131.7
1908850 131.7
1908860 131.7
1908870 131.8
1908880 131.8
1908890 131.8
1908900 131.8
1908910 131.8
1908920 131.8
1908930 131.8
1908940 131.8
1908950 131.8
1908960 131.8
1908970 131.8
1908980 131.8
1908990 131.8
1909000 131.8
1909010 131.8
1909020 131.9
1909030 131.9
1909040 131.9
1909050 131.9
1909060 131.9
1909070 131.9
1909080 131.9
1909090 131.8
1909100 131.9
1909110 131.9
1909120 131.9
1909130 131.9
1909140 131.9
1909150 131.9
1909160 131.9
1909170 131.9
1909180 131.9
1909190 131.9
1909200 131.9
1909210 131.9
1909220 131.9
1909230 131.9
1909240 131.9
1909250 132.0
1909260 132.0
1909270 131.9
1909280 131.9
1909290 131.9
1909300 131.8
1909310 131.8
1909320 131.9
1909330 131.9
1909340 131.9
1909350 131.8
1909360 131.8
1909370 131.7
1909380 131.8
1909390 131.8
1909400 131.8
1909410 131.8
1909420 131.8
1909430 131.9
1909440 131.9
1909450 131.8
1909460 131.8
1909470 131.8
1909480 131.8
1909490 131.8
1909500 131.7
1909510 131.7
1909520 131.7
1909530 131.8
1909540 131.8
1909550 131.7
1909560 131.7
1909570 131.7
1909580 131.7
1909590 131.7
1909600 131.6
1909610 131.6
1909620 131.6
1909630 131.7
1909640 131.7
1909650 131.7
1909660 131.6
1909670 131.6
1909680 131.6
1909690 131.6
1909700 131.6
1909710 131.7
1909720 131.7
1909730 131.7
1909740 131.6
1909750 131.6
1909760 131.7
1909770 131.7
1909780 131.7
1909790 131.7
1909800 131.7
1909810 131.7
1909820 131.7
1909830 131.6
1909840 131.6
1909850 131.6
1909860 131.6
1909870 131.6
1909880 131.7
1909890 131.7
1909900 131.7
1909910 131.7
1909920 131.7
1909930 131.6
1909940 131.7
1909950 131.7
1909960 131.8
1909970 131.8
1909980 131.8
1909990 131.9
1910000 131.9
1910010 131.9
1910020 131.9
1910030 131.9
1910040 131.9
1910050 131.9
1910060 131.9
1910070 131.9
1910080 131.9
1910090 131.9
1910100 131.9
1910110 132.0
1910120 132.0
1910130 132.0
1910140 132.0
1910150 132.0
1910160 132.0
1910170 132.0
1910180 132.0
1910190 132.0
1910200 131.9
1910210 131.9
1910220 131.9
1910230 131.9
1910240 131.9
1910250 132.0
1910260 132.0
1910270 132.0
1910280 132.0
1910290 132.1
1910300 132.2
1910310 132.2
1910320 132.3
1910330 132.3
1910340 132.5
1910350 132.6
1910360 132.6
1910370 132.8
1910380 132.8
1910390 132.8
1910400 132.9
1910410 132.9
1910420 133.1
1910430 133.4
1910440 133.4
1910450 133.2
1910460 133.2
1910470 133.0
1910480 133.0
1910490 133.0
1910500 132.5
1910510 132.0
1910520 132.0
1910530 131.6
1910540 131.6
