1900000 133.0
1900010 133.0
1900020 133.1
1900030 133.1
1900040 133.1
1900050 133.2
1900060 133.1
1900070 133.1
1900080 133.1
1900090 133.1
1900100 133.1
1900110 133.1
1900120 133.1
1900130 133.1
1900140 133.1
1900150 133.0
1900160 133.0
1900170 133.0
1900180 132.9
1900190 132.9
1900200 132.9
1900210 132.8
1900220 132.8
1900230 132.8
1900240 132.9
1900250 132.9
1900260 132.9
1900270 132.9
1900280 132.9
1900290 132.8
1900300 132.8
1900310 132.8
1900320 132.8
1900330 132.7
1900340 132.7
1900350 132.6
1900360 132.5
1900370 132.5
1900380 132.5
1900390 132.5
1900400 132.5
1900410 132.5
1900420 132.5
1900430 132.5
1900440 132.5
1900450 132.5
1900460 132.5
1900470 132.5
1900480 132.5
1900490 132.5
1900500 132.5
1900510 132.5
1900520 132.4
1900530 132.4
1900540 132.4
1900550 132.3
1900560 132.3
1900570 132.3
1900580 132.3
1900590 132.3
1900600 132.3
1900610 132.3
1900620 132.3
1900630 132.3
1900640 132.2
1900650 132.2
1900660 132.2
1900670 132.2
1900680 132.2
1900690 132.3
1900700 132.3
1900710 132.3
1900720 132.3
1900730 132.3
1900740 132.3
1900750 132.4
1900760 132.3
1900770 132.3
1900780 132.2
1900790 132.3
1900800 132.3
1900810 132.2
1900820 132.3
1900830 132.3
1900840 132.3
1900850 132.3
1900860 132.3
1900870 132.2
1900880 132.2
1900890 132.2
1900900 132.2
1900910 132.2
1900920 132.2
1900930 132.3
1900940 132.3
1900950 132.3
1900960 132.4
1900970 132.4
1900980 132.4
1900990 132.4
1901000 132.3
1901010 132.3
1901020 132.2
1901030 132.3
1901040 132.3
1901050 132.3
1901060 132.3
1901070 132.3
1901080 132.3
1901090 132.3
1901100 132.3
1901110 132.4
1901120 132.4
1901130 132.4
1901140 132.3
1901150 132.4
1901160 132.4
1901170 133.1
1901180 132.8
1901190 133.2
1901200 132.8
1901210 132.3
1901220 132.3
1901230 132.2
1901240 132.1
1901250 132.1
1901260 132.1
1901270 132.1
1901280 132.1
1901290 132.2
1901300 132.1
1901310 132.1
1901320 132.1
1901330 132.2
1901340 132.2
1901350 132.3
1901360 132.2
1901370 132.2
1901380 132.2
1901390 132.2
1901400 132.2
1901410 132.2
1901420 132.2
1901430 132.2
1901440 132.2
1901450 132.2
1901460 132.2
1901470 132.1
1901480 132.2
1901490 132.2
1901500 132.1
1901510 132.1
1901520 132.1
1901530 132.1
1901540 132.1
1901550 132.1
1901560 132.2
1901570 132.1
1901580 132.1
1901590 132.1
1901600 132.1
1901610 132.1
1901620 132.1
1901630 132.2
1901640 132.2
1901650 132.3
1901660 132.2
1901670 131.6
1901680 131.6
1901690 131.9
1901700 132.5
1901710 132.5
1901720 132.3
1901730 132.1
1901740 132.1
1901750 132.0
1901760 131.9
1901770 131.9
1901780 131.8
1901790 131.8
1901800 131.8
1901810 131.9
1901820 132.0
1901830 132.0
1901840 132.0
1901850 131.9
1901860 131.9
1901870 131.9
1901880 131.9
1901890 131.9
1901900 131.9
1901910 131.9
1901920 131.9
1901930 131.8
1901940 131.9
1901950 131.9
1901960 132.0
1901970 132.0
1901980 132.0
1901990 132.0
1902000 132.0
1902010 132.0
1902020 132.0
1902030 132.0
1902040 132.0
1902050 132.0
1902060 132.0
1902070 132.0
1902080 132.0
1902090 132.0
1902100 132.0
1902110 132.0
1902120 132.0
1902130 132.0
1902140 132.0
1902150 132.0
1902160 132.0
1902170 131.9
1902180 131.9
1902190 131.9
1902200 132.0
1902210 132.0
1902220 132.0
1902230 131.9
1902240 131.9
1902250 131.9
1902260 131.9
1902270 131.9
1902280 131.9
1902290 132.0
1902300 132.0
1902310 132.0
1902320 132.1
1902330 130.7
1902340 130.7
1902350 129.9
1902360 130.0
1902370 130.0
1902380 130.0
1902390 130.2
1902400 130.2
1902410 131.7
1902420 132.0
1902430 131.9
1902440 132.0
1902450 132.1
1902460 132.1
1902470 132.1
1902480 132.3
1902490 132.3
1902500 132.2
1902510 132.3
1902520 132.3
1902530 132.2
1902540 132.1
1902550 132.1
1902560 132.1
1902570 132.2
1902580 132.2
1902590 132.1
1902600 132.0
1902610 132.0
1902620 131.9
1902630 131.9
1902640 131.9
1902650 132.0
1902660 132.0
1902670 132.0
1902680 132.0
1902690 132.0
1902700 132.0
1902710 132.1
1902720 132.1
1902730 132.1
1902740 132.0
1902750 131.9
1902760 131.9
1902770 131.8
1902780 131.7
1902790 131.7
1902800 131.7
1902810 131.8
1902820 131.8
1902830 131.8
1902840 131.8
1902850 131.8
1902860 131.8
1902870 131.8
1902880 131.8
1902890 131.8
1902900 131.8
1902910 131.8
1902920 131.8
1902930 131.9
1902940 131.9
1902950 131.9
1902960 131.9
1902970 131.9
1902980 131.9
1902990 131.9
1903000 132.0
1903010 132.0
1903020 132.0
1903030 132.0
1903040 132.0
1903050 131.9
1903060 131.8
1903070 131.8
1903080 131.9
1903090 131.8
1903100 131.8
1903110 131.8
1903120 131.9
1903130 131.9
1903140 131.8
1903150 131.8
1903160 131.8
1903170 131.8
1903180 131.8
1903190 131.8
1903200 131.8
1903210 131.8
1903220 131.8
1903230 131.8
1903240 131.8
1903250 131.8
1903260 131.7
1903270 131.8
1903280 131.8
1903290 131.7
1903300 131.7
1903310 131.7
1903320 131.7
1903330 131.7
1903340 131.7
1903350 131.7
1903360 131.8
1903370 131.8
1903380 131.8
1903390 131.9
1903400 131.9
1903410 132.0
1903420 131.9
1903430 131.9
1903440 131.9
1903450 132.0
1903460 132.0
1903470 132.0
1903480 131.9
1903490 131.9
1903500 132.0
1903510 132.0
1903520 132.0
1903530 132.0
1903540 132.1
1903550 132.1
1903560 132.0
1903570 132.0
1903580 132.0
1903590 132.1
1903600 132.1
1903610 132.1
1903620 132.0
1903630 132.0
1903640 132.0
1903650 132.0
1903660 132.0
1903670 132.0
1903680 131.9
1903690 131.9
1903700 131.9
1903710 132.0
1903720 131.9
1903730 131.9
1903740 132.0
1903750 132.0
1903760 132.0
1903770 131.9
1903780 132.0
1903790 132.0
1903800 132.0
1903810 132.0
1903820 132.0
1903830 132.0
1903840 132.0
1903850 132.0
1903860 132.0
1903870 132.1
1903880 132.1
1903890 132.1
1903900 132.1
1903910 132.1
1903920 132.2
1903930 132.2
1903940 132.2
1903950 132.3
1903960 132.3
1903970 132.3
1903980 132.3
1903990 132.3
1904000 132.3
1904010 132.2
1904020 132.3
1904030 132.3
1904040 132.3
1904050 132.1
1904060 132.1
1904070 132.0
1904080 131.9
1904090 131.9
1904100 131.9
1904110 132.0
1904120 132.0
1904130 131.9
1904140 131.8
1904150 131.8
1904160 131.8
1904170 132.0
1904180 132.0
1904190 132.0
1904200 132.0
1904210 132.0
1904220 132.0
1904230 131.8
1904240 131.8
1904250 131.8
1904260 131.9
1904270 131.8
1904280 131.6
1904290 131.6
1904300 131.6
1904310 131.6
1904320 131.6
1904330 131.6
1904340 131.6
1904350 131.7
1904360 131.6
1904370 131.6
1904380 131.6
1904390 131.5
1904400 131.5
1904410 131.5
1904420 131.6
1904430 131.6
1904440 131.5
1904450 131.7
1904460 131.7
1904470 131.9
1904480 132.2
1904490 132.2
1904500 132.4
1904510 132.3
1904520 132.3
1904530 132.2
1904540 132.1
1904550 132.1
1904560 132.0
1904570 132.0
1904580 132.0
1904590 132.0
1904600 132.0
1904610 132.0
1904620 131.8
1904630 131.5
1904640 131.5
1904650 131.4
1904660 131.3
1904670 131.3
1904680 131.2
1904690 131.2
1904700 131.2
1904710 131.2
1904720 131.1
1904730 131.1
1904740 131.2
1904750 131.2
1904760 131.2
1904770 130.2
1904780 128.9
1904790 128.9
1904800 127.7
1904810 127.3
1904820 127.3
1904830 127.3
1904840 127.3
1904850 127.3
1904860 127.4
1904870 127.6
1904880 127.6
1904890 127.9
1904900 127.8
1904910 127.8
1904920 127.9
1904930 127.8
1904940 127.8
1904950 128.9
1904960 131.6
1904970 131.6
1904980 131.9
1904990 131.9
1905000 131.9
1905010 131.9
1905020 131.7
1905030 131.7
1905040 131.7
1905050 131.7
1905060 131.7
1905070 131.6
1905080 131.6
1905090 131.6
1905100 131.5
1905110 131.5
1905120 131.5
1905130 131.6
1905140 131.6
1905150 131.6
1905160 131.6
1905170 131.6
1905180 131.6
1905190 131.6
1905200 131.6
1905210 131.6
1905220 131.7
1905230 131.7
1905240 131.7
1905250 131.6
1905260 131.6
1905270 131.6
1905280 131.6
1905290 131.6
1905300 131.6
1905310 131.7
1905320 131.6
1905330 131.6
1905340 131.6
1905350 131.6
1905360 131.6
1905370 131.6
1905380 131.6
1905390 131.6
1905400 131.6
1905410 131.6
1905420 131.6
1905430 131.6
1905440 131.7
1905450 131.7
1905460 131.6
1905470 131.6
1905480 131.6
1905490 131.6
1905500 131.5
1905510 131.6
1905520 131.6
1905530 131.6
1905540 131.7
1905550 131.7
1905560 131.7
1905570 131.6
1905580 131.6
1905590 131.6
1905600 131.6
1905610 131.6
1905620 131.6
1905630 131.7
1905640 131.7
1905650 131.7
1905660 131.8
1905670 131.8
1905680 132.0
1905690 132.1
1905700 132.1
1905710 132.1
1905720 132.1
1905730 132.1
1905740 132.2
1905750 132.2
1905760 132.2
1905770 132.2
1905780 132.3
1905790 132.3
1905800 132.3
1905810 132.3
1905820 132.3
1905830 132.3
1905840 132.3
1905850 132.3
1905860 132.2
1905870 132.1
1905880 132.1
1905890 132.0
1905900 132.0
1905910 132.0
1905920 132.0
1905930 132.1
1905940 132.1
1905950 132.1
1905960 132.1
1905970 132.1
1905980 132.1
1905990 132.1
1906000 132.1
1906010 132.1
1906020 132.1
1906030 132.1
1906040 132.1
1906050 132.2
1906060 132.2
1906070 132.2
1906080 132.2
1906090 132.2
1906100 132.3
1906110 132.2
1906120 132.2
1906130 132.7
1906140 132.8
1906150 132.8
1906160 132.9
1906170 132.9
1906180 132.9
1906190 132.9
1906200 132.8
1906210 132.8
1906220 132.7
1906230 132.5
1906240 132.5
1906250 132.5
1906260 132.4
1906270 132.4
1906280 132.2
1906290 132.1
1906300 132.1
1906310 132.1
1906320 132.1
1906330 132.1
1906340 132.1
1906350 132.1
1906360 132.1
1906370 132.2
1906380 132.2
1906390 132.2
1906400 132.2
1906410 132.3
1906420 132.3
1906430 132.4
1906440 132.4
1906450 132.4
1906460 132.5
1906470 132.5
1906480 132.5
1906490 132.5
1906500 132.5
1906510 132.5
1906520 132.5
1906530 132.4
1906540 132.4
1906550 132.4
1906560 132.4
1906570 132.4
1906580 132.4
1906590 132.4
1906600 132.4
1906610 132.4
1906620 132.4
1906630 132.4
1906640 132.4
1906650 132.4
1906660 132.4
1906670 132.4
1906680 132.3
1906690 132.3
1906700 132.2
1906710 132.2
1906720 132.2
1906730 132.2
1906740 132.2
1906750 132.2
1906760 132.3
1906770 132.4
1906780 132.3
1906790 132.3
1906800 132.3
1906810 132.2
1906820 132.2
1906830 132.3
1906840 132.3
1906850 132.3
1906860 132.3
1906870 132.4
1906880 132.4
1906890 132.4
1906900 132.3
1906910 132.3
1906920 132.3
1906930 132.2
1906940 132.2
1906950 132.2
1906960 132.2
1906970 132.2
1906980 132.2
1906990 132.3
1907000 132.3
1907010 132.3
1907020 132.4
1907030 132.4
1907040 132.4
1907050 132.4
1907060 132.4
1907070 132.4
1907080 132.3
1907090 132.3
1907100 132.3
1907110 132.3
1907120 132.3
1907130 132.3
1907140 132.2
1907150 132.2
1907160 132.2
1907170 132.2
1907180 132.2
1907190 132.1
1907200 132.1
1907210 132.1
1907220 132.2
1907230 132.1
1907240 132.1
1907250 132.1
1907260 132.1
1907270 132.1
1907280 132.1
1907290 132.0
1907300 132.0
1907310 132.0
1907320 132.0
1907330 132.0
1907340 132.0
1907350 132.0
1907360 132.0
1907370 132.0
1907380 132.1
1907390 132.1
1907400 132.1
1907410 132.1
1907420 132.1
1907430 132.1
1907440 132.0
1907450 132.0
1907460 132.0
1907470 132.0
1907480 132.0
1907490 132.0
1907500 131.9
1907510 131.9
1907520 131.9
1907530 131.9
1907540 131.9
1907550 132.0
1907560 132.0
1907570 132.0
1907580 132.0
1907590 132.0
1907600 132.0
1907610 132.0
1907620 131.9
1907630 131.9
1907640 131.9
1907650 131.9
1907660 131.9
1907670 131.9
1907680 131.9
1907690 131.9
1907700 131.9
1907710 131.9
1907720 131.9
1907730 131.9
1907740 131.8
1907750 131.8
1907760 131.8
1907770 131.8
1907780 131.8
1907790 131.9
1907800 131.9
1907810 131.9
1907820 131.9
1907830 132.0
1907840 132.0
1907850 132.0
1907860 132.0
1907870 132.0
1907880 132.0
1907890 132.0
1907900 132.0
1907910 131.9
1907920 131.9
1907930 131.9
1907940 132.0
1907950 132.0
1907960 132.0
1907970 132.0
1907980 132.0
1907990 132.0
1908000 131.9
1908010 131.9
1908020 131.9
1908030 131.9
1908040 131.9
1908050 131.8
1908060 131.8
1908070 131.8
1908080 131.8
1908090 131.8
1908100 131.8
1908110 131.8
1908120 131.8
1908130 131.9
1908140 131.9
1908150 131.9
1908160 131.9
1908170 131.8
1908180 131.8
1908190 131.9
1908200 131.9
1908210 131.9
1908220 131.8
1908230 131.7
1908240 131.7
1908250 131.7
1908260 131.7
1908270 131.7
1908280 131.7
1908290 131.7
1908300 131.7
1908310 131.7
1908320 131.6
1908330 131.6
1908340 131.5
1908350 131.5
1908360 131.5
1908370 131.6
1908380 131.6
1908390 131.6
1908400 131.6
1908410 131.5
1908420 131.5
1908430 131.5
1908440 131.6
1908450 131.6
1908460 131.5
1908470 131.5
1908480 131.5
1908490 131.5
1908500 131.5
1908510 131.5
1908520 131.4
1908530 131.5
1908540 131.5
1908550 131.5
1908560 131.4
1908570 131.5
1908580 131.5
1908590 131.5
1908600 131.5
1908610 131.6
1908620 131.8
1908630 131.8
1908640 131.9
1908650 132.0
1908660 132.0
1908670 132.0
1908680 132.0
1908690 132.0
1908700 131.9
1908710 131.9
1908720 131.9
1908730 131.9
1908740 131.9
1908750 131.9
1908760 131.9
1908770 131.9
1908780 131.9
1908790 131.9
1908800 131.9
1908810 131.9
1908820 131.9
1908830 131.9
1908840 131.9
1908850 131.8
1908860 131.8
1908870 131.8
1908880 131.8
1908890 131.7
1908900 131.7
1908910 131.7
1908920 131.8
1908930 131.8
1908940 131.8
1908950 131.8
1908960 131.8
1908970 131.9
1908980 131.9
1908990 131.9
1909000 132.0
1909010 132.0
1909020 131.9
1909030 131.9
1909040 131.9
1909050 131.9
1909060 131.9
1909070 131.9
1909080 131.9
1909090 131.9
1909100 131.9
1909110 132.0
1909120 132.0
1909130 132.3
1909140 132.2
1909150 132.2
1909160 132.1
1909170 132.1
1909180 132.0
1909190 132.1
1909200 132.1
1909210 132.1
1909220 132.1
1909230 132.1
1909240 132.2
1909250 132.2
1909260 132.1
1909270 132.1
1909280 132.1
1909290 132.0
1909300 132.0
1909310 132.0
1909320 132.0
1909330 132.0
1909340 132.0
1909350 132.0
1909360 131.9
1909370 131.9
1909380 131.9
1909390 131.9
1909400 131.9
1909410 131.9
1909420 131.9
1909430 131.9
1909440 131.9
1909450 131.9
1909460 132.0
1909470 131.9
1909480 131.9
1909490 131.9
1909500 131.8
1909510 131.8
1909520 131.9
1909530 131.9
1909540 131.8
1909550 131.7
1909560 131.7
1909570 131.7
1909580 131.7
1909590 131.8
1909600 131.8
1909610 131.8
1909620 131.8
1909630 131.8
1909640 131.8
1909650 131.7
1909660 131.7
1909670 131.8
1909680 131.8
1909690 131.9
1909700 132.0
1909710 132.0
1909720 132.0
1909730 132.0
1909740 132.0
1909750 132.0
1909760 132.0
1909770 132.0
1909780 131.9
1909790 131.9
1909800 131.9
1909810 131.9
1909820 131.9
1909830 131.9
1909840 131.9
1909850 132.0
1909860 132.0
1909870 132.0
1909880 132.0
1909890 132.0
1909900 132.0
1909910 132.1
1909920 132.1
1909930 132.0
1909940 132.0
1909950 132.0
1909960 132.1
1909970 132.1
1909980 132.1
1909990 132.1
1910000 132.2
1910010 132.2
1910020 132.2
1910030 132.2
1910040 132.2
1910050 132.3
1910060 132.3
1910070 132.3
1910080 132.3
1910090 132.3
1910100 132.5
1910110 132.5
1910120 132.5
1910130 132.5
1910140 132.5
1910150 132.6
1910160 132.7
1910170 132.7
1910180 132.7
1910190 132.7
1910200 132.7
1910210 132.7
1910220 132.7
1910230 132.7
1910240 132.6
1910250 132.6
1910260 132.5
1910270 132.5
1910280 132.3
1910290 132.0
1910300 132.0
1910310 131.6
1910320 131.6
1910330 131.4
1910340 131.1
1910350 131.1
1910360 131.0
1910370 131.0
1910380 130.9
1910390 130.8
1910400 130.8
1910410 130.7
1910420 130.6
1910430 130.6
1910440 130.5
1910450 130.5
1910460 130.5
1910470 130.4
1910480 130.4
1910490 130.4
1910500 130.4
1910510 130.4
1910520 130.4
1910530 130.2
1910540 130.0
1910550 130.0
