1900000 132.6
1900010 132.6
1900020 132.6
1900030 132.5
1900040 132.4
1900050 132.4
1900060 132.4
1900070 132.4
1900080 132.4
1900090 132.4
1900100 132.4
1900110 132.4
1900120 132.5
1900130 132.6
1900140 132.6
1900150 132.6
1900160 132.7
1900170 132.7
1900180 132.6
1900190 132.6
1900200 132.6
1900210 132.5
1900220 132.5
1900230 132.5
1900240 132.4
1900250 132.4
1900260 132.4
1900270 132.4
1900280 132.5
1900290 132.5
1900300 132.5
1900310 132.5
1900320 132.5
1900330 132.5
1900340 132.5
1900350 132.5
1900360 132.4
1900370 132.4
1900380 132.4
1900390 132.3
1900400 132.3
1900410 132.3
1900420 132.3
1900430 132.3
1900440 132.3
1900450 132.3
1900460 132.2
1900470 132.2
1900480 132.4
1900490 132.4
1900500 132.4
1900510 132.4
1900520 132.5
1900530 132.5
1900540 132.6
1900550 132.5
1900560 132.5
1900570 132.4
1900580 132.4
1900590 132.4
1900600 132.4
1900610 132.4
1900620 132.4
1900630 132.5
1900640 132.4
1900650 132.4
1900660 132.5
1900670 132.4
1900680 132.4
1900690 132.4
1900700 132.4
1900710 132.4
1900720 132.4
1900730 132.4
1900740 132.4
1900750 132.5
1900760 132.4
1900770 132.4
1900780 132.3
1900790 132.3
1900800 132.3
1900810 132.5
1900820 132.5
1900830 132.5
1900840 132.5
1900850 132.4
1900860 132.4
1900870 132.4
1900880 132.3
1900890 132.3
1900900 132.3
1900910 132.3
1900920 132.4
1900930 132.4
1900940 132.4
1900950 132.4
1900960 132.4
1900970 132.4
1900980 132.3
1900990 132.3
1901000 132.3
1901010 132.4
1901020 132.4
1901030 132.4
1901040 132.4
1901050 132.4
1901060 132.3
1901070 132.3
1901080 132.3
1901090 132.3
1901100 132.4
1901110 132.4
1901120 132.4
1901130 132.4
1901140 132.4
1901150 132.3
1901160 132.3
1901170 132.3
1901180 132.3
1901190 132.3
1901200 132.3
1901210 132.2
1901220 132.2
1901230 132.2
1901240 132.2
1901250 132.3
1901260 132.3
1901270 132.3
1901280 132.3
1901290 132.4
1901300 132.4
1901310 132.4
1901320 132.4
1901330 132.4
1901340 132.4
1901350 132.4
1901360 132.4
1901370 132.3
1901380 132.3
1901390 132.1
1901400 131.6
1901410 131.6
1901420 132.5
1901430 133.0
1901440 133.0
1901450 133.1
1901460 132.6
1901470 132.6
1901480 132.4
1901490 132.2
1901500 132.2
1901510 132.1
1901520 132.1
1901530 132.1
1901540 132.2
1901550 132.1
1901560 132.1
1901570 132.0
1901580 132.0
1901590 132.0
1901600 132.1
1901610 132.1
1901620 132.1
1901630 132.1
1901640 132.0
1901650 132.0
1901660 132.0
1901670 132.1
1901680 132.1
1901690 132.1
1901700 132.1
1901710 132.1
1901720 132.1
1901730 132.1
1901740 132.1
1901750 132.1
1901760 132.1
1901770 132.1
1901780 132.1
1901790 132.1
1901800 132.1
1901810 132.1
1901820 132.1
1901830 132.1
1901840 132.1
1901850 132.2
1901860 132.2
1901870 132.2
1901880 132.2
1901890 132.2
1901900 132.2
1901910 132.2
1901920 132.2
1901930 132.3
1901940 132.5
1901950 132.5
1901960 132.5
1901970 132.5
1901980 132.5
1901990 132.4
1902000 132.3
1902010 132.3
1902020 132.2
1902030 132.1
1902040 132.1
1902050 132.2
1902060 132.1
1902070 132.1
1902080 132.1
1902090 132.1
1902100 132.1
1902110 132.1
1902120 132.0
1902130 132.0
1902140 132.1
1902150 132.0
1902160 132.0
1902170 132.1
1902180 132.3
1902190 132.3
1902200 132.3
1902210 132.2
1902220 132.3
1902230 132.3
1902240 132.3
1902250 132.2
1902260 132.2
1902270 132.1
1902280 132.0
1902290 132.0
1902300 131.1
1902310 130.1
1902320 130.1
1902330 130.0
1902340 130.0
1902350 130.0
1902360 130.2
1902370 131.0
1902380 131.0
1902390 131.8
1902400 132.0
1902410 132.0
1902420 132.0
1902430 132.0
1902440 132.0
1902450 132.1
1902460 132.2
1902470 132.2
1902480 132.2
1902490 132.1
1902500 132.1
1902510 132.1
1902520 132.1
1902530 132.1
1902540 132.2
1902550 132.3
1902560 132.3
1902570 132.2
1902580 132.1
1902590 132.1
1902600 132.1
1902610 132.1
1902620 132.1
1902630 132.1
1902640 132.1
1902650 132.1
1902660 132.0
1902670 132.0
1902680 132.0
1902690 132.0
1902700 132.0
1902710 132.0
1902720 131.9
1902730 131.9
1902740 131.9
1902750 131.8
1902760 131.9
1902770 131.9
1902780 131.8
1902790 131.8
1902800 131.8
1902810 131.8
1902820 131.7
1902830 131.7
1902840 131.7
1902850 131.7
1902860 131.7
1902870 131.7
1902880 131.7
1902890 131.7
1902900 131.7
1902910 131.7
1902920 131.7
1902930 131.8
1902940 131.9
1902950 131.9
1902960 131.9
1902970 131.9
1902980 131.9
1902990 131.9
1903000 132.0
1903010 132.0
1903020 132.0
1903030 132.0
1903040 132.0
1903050 132.0
1903060 132.0
1903070 132.0
1903080 132.0
1903090 131.9
1903100 131.9
1903110 131.9
1903120 131.8
1903130 131.8
1903140 131.8
1903150 131.9
1903160 131.9
1903170 132.0
1903180 131.9
1903190 131.9
1903200 131.8
1903210 131.8
1903220 131.8
1903230 131.8
1903240 131.9
1903250 131.9
1903260 131.9
1903270 131.9
1903280 131.9
1903290 131.9
1903300 131.9
1903310 131.9
1903320 132.0
1903330 132.0
1903340 132.0
1903350 131.9
1903360 131.9
1903370 131.9
1903380 132.1
1903390 132.0
1903400 132.0
1903410 132.1
1903420 132.1
1903430 132.1
1903440 132.1
1903450 132.2
1903460 132.2
1903470 132.2
1903480 132.2
1903490 132.3
1903500 132.3
1903510 132.1
1903520 132.1
1903530 132.1
1903540 132.1
1903550 132.1
1903560 132.1
1903570 132.1
1903580 132.2
1903590 132.2
1903600 132.3
1903610 132.3
1903620 132.3
1903630 132.2
1903640 132.2
1903650 132.2
1903660 132.2
1903670 132.2
1903680 132.2
1903690 132.2
1903700 132.3
1903710 132.3
1903720 132.3
1903730 132.3
1903740 132.3
1903750 132.4
1903760 132.4
1903770 132.4
1903780 132.4
1903790 132.4
1903800 132.4
1903810 132.3
1903820 132.2
1903830 132.2
1903840 132.2
1903850 132.1
1903860 132.1
1903870 132.2
1903880 132.0
1903890 132.0
1903900 132.0
1903910 132.1
1903920 132.1
1903930 132.1
1903940 132.2
1903950 132.2
1903960 132.3
1903970 132.1
1903980 132.1
1903990 132.2
1904000 132.2
1904010 132.2
1904020 132.2
1904030 132.2
1904040 132.2
1904050 132.1
1904060 132.1
1904070 132.1
1904080 132.2
1904090 132.3
1904100 132.3
1904110 132.5
1904120 132.7
1904130 132.7
1904140 132.8
1904150 132.9
1904160 132.9
1904170 132.6
1904180 132.5
1904190 132.5
1904200 132.5
1904210 132.4
1904220 132.4
1904230 132.3
1904240 132.2
1904250 132.2
1904260 132.0
1904270 132.0
1904280 132.0
1904290 132.0
1904300 132.1
1904310 132.1
1904320 132.0
1904330 131.9
1904340 131.9
1904350 131.9
1904360 131.8
1904370 131.8
1904380 131.8
1904390 131.9
1904400 131.9
1904410 132.0
1904420 132.1
1904430 132.1
1904440 132.2
1904450 132.1
1904460 132.1
1904470 132.2
1904480 132.5
1904490 132.5
1904500 132.6
1904510 132.5
1904520 132.5
1904530 132.3
1904540 132.1
1904550 132.1
1904560 132.2
1904570 132.4
1904580 132.4
1904590 132.4
1904600 132.3
1904610 132.3
1904620 132.3
1904630 132.2
1904640 132.2
1904650 131.8
1904660 131.7
1904670 131.7
1904680 131.8
1904690 131.9
1904700 131.9
1904710 132.2
1904720 132.1
1904730 132.1
1904740 131.7
1904750 132.3
1904760 132.3
1904770 132.3
1904780 132.2
1904790 132.1
1904800 132.1
1904810 132.0
1904820 132.0
1904830 132.0
1904840 132.1
1904850 132.1
1904860 132.1
1904870 132.1
1904880 132.1
1904890 132.1
1904900 132.1
1904910 132.2
1904920 132.2
1904930 132.2
1904940 132.1
1904950 132.1
1904960 132.1
1904970 132.2
1904980 132.2
1904990 132.2
1905000 132.0
1905010 132.0
1905020 131.9
1905030 132.0
1905040 132.0
1905050 132.1
1905060 132.1
1905070 132.1
1905080 131.7
1905090 131.8
1905100 131.8
1905110 132.0
1905120 132.0
1905130 132.0
1905140 132.0
1905150 132.0
1905160 132.0
1905170 132.0
1905180 132.0
1905190 132.0
1905200 132.0
1905210 132.0
1905220 132.0
1905230 132.0
1905240 132.0
1905250 132.0
1905260 132.0
1905270 132.0
1905280 132.0
1905290 132.1
1905300 132.0
1905310 132.0
1905320 131.9
1905330 131.9
1905340 131.9
1905350 131.9
1905360 131.9
1905370 131.9
1905380 131.9
1905390 131.8
1905400 131.8
1905410 131.8
1905420 131.8
1905430 131.8
1905440 131.8
1905450 131.8
1905460 131.8
1905470 131.7
1905480 131.7
1905490 131.7
1905500 131.7
1905510 131.6
1905520 131.6
1905530 131.7
1905540 131.8
1905550 131.8
1905560 131.8
1905570 131.8
1905580 131.8
1905590 131.8
1905600 131.8
1905610 131.8
1905620 131.8
1905630 131.9
1905640 131.9
1905650 131.9
1905660 131.8
1905670 131.8
1905680 131.8
1905690 131.8
1905700 131.8
1905710 131.8
1905720 131.7
1905730 131.7
1905740 131.7
1905750 131.7
1905760 131.7
1905770 131.8
1905780 131.9
1905790 131.9
1905800 131.9
1905810 132.0
1905820 132.0
1905830 132.1
1905840 132.1
1905850 132.1
1905860 132.2
1905870 132.3
1905880 132.3
1905890 132.4
1905900 132.5
1905910 132.5
1905920 132.5
1905930 132.6
1905940 132.6
1905950 132.7
1905960 132.7
1905970 132.7
1905980 132.7
1905990 132.7
1906000 132.7
1906010 132.6
1906020 132.6
1906030 132.6
1906040 132.6
1906050 132.7
1906060 132.8
1906070 132.8
1906080 132.8
1906090 132.8
1906100 132.8
1906110 132.8
1906120 132.9
1906130 132.9
1906140 132.9
1906150 132.9
1906160 132.9
1906170 132.9
1906180 132.8
1906190 132.8
1906200 132.8
1906210 132.8
1906220 132.8
1906230 132.8
1906240 132.7
1906250 132.7
1906260 132.7
1906270 132.8
1906280 132.8
1906290 132.7
1906300 132.7
1906310 132.7
1906320 132.7
1906330 132.6
1906340 132.6
1906350 132.6
1906360 132.5
1906370 132.5
1906380 132.5
1906390 132.5
1906400 132.5
1906410 132.5
1906420 132.5
1906430 132.5
1906440 132.5
1906450 132.5
1906460 132.5
1906470 132.4
1906480 132.4
1906490 132.4
1906500 132.5
1906510 132.4
1906520 132.4
1906530 132.5
1906540 132.4
1906550 132.4
1906560 132.4
1906570 132.4
1906580 132.4
1906590 132.4
1906600 132.4
1906610 132.4
1906620 132.3
1906630 132.3
1906640 132.3
1906650 132.3
1906660 132.3
1906670 132.3
1906680 132.3
1906690 132.3
1906700 132.3
1906710 132.3
1906720 132.3
1906730 132.3
1906740 132.3
1906750 132.4
1906760 132.4
1906770 132.4
1906780 132.3
1906790 132.3
1906800 132.3
1906810 132.3
1906820 132.3
1906830 132.3
1906840 132.3
1906850 132.3
1906860 132.3
1906870 132.4
1906880 132.4
1906890 132.4
1906900 132.4
1906910 132.4
1906920 132.3
1906930 132.3
1906940 132.3
1906950 132.3
1906960 132.3
1906970 132.3
1906980 132.4
1906990 132.4
1907000 132.4
1907010 132.4
1907020 132.4
1907030 132.4
1907040 132.4
1907050 132.4
1907060 132.4
1907070 132.4
1907080 132.3
1907090 132.3
1907100 132.2
1907110 132.2
1907120 132.2
1907130 132.3
1907140 132.3
1907150 132.3
1907160 132.3
1907170 132.3
1907180 132.3
1907190 132.3
1907200 132.2
1907210 132.2
1907220 132.2
1907230 132.2
1907240 132.2
1907250 132.2
1907260 132.2
1907270 132.2
1907280 132.3
1907290 132.3
1907300 132.3
1907310 132.2
1907320 132.2
1907330 132.2
1907340 132.1
1907350 132.1
1907360 132.0
1907370 132.0
1907380 132.0
1907390 132.0
1907400 132.0
1907410 132.1
1907420 132.1
1907430 132.1
1907440 132.2
1907450 132.3
1907460 132.3
1907470 132.4
1907480 132.2
1907490 132.2
1907500 132.2
1907510 132.2
1907520 132.2
1907530 132.1
1907540 132.0
1907550 132.0
1907560 132.0
1907570 132.0
1907580 132.0
1907590 132.0
1907600 132.0
1907610 132.0
1907620 132.0
1907630 132.0
1907640 132.0
1907650 132.0
1907660 132.1
1907670 132.1
1907680 132.1
1907690 132.1
1907700 132.1
1907710 132.0
1907720 132.0
1907730 132.0
1907740 132.0
1907750 132.0
1907760 132.0
1907770 132.1
1907780 132.1
1907790 132.1
1907800 132.0
1907810 132.0
1907820 132.0
1907830 132.0
1907840 132.0
1907850 132.0
1907860 131.9
1907870 131.9
1907880 131.9
1907890 131.9
1907900 131.9
1907910 131.9
1907920 131.8
1907930 131.9
1907940 131.9
1907950 132.0
1907960 132.0
1907970 132.0
1907980 132.0
1907990 132.0
1908000 132.0
1908010 132.1
1908020 132.0
1908030 132.0
1908040 132.0
1908050 132.0
1908060 132.0
1908070 132.0
1908080 132.0
1908090 132.0
1908100 132.0
1908110 132.1
1908120 132.1
1908130 132.1
1908140 132.1
1908150 132.1
1908160 132.0
1908170 132.0
1908180 132.0
1908190 131.9
1908200 131.9
1908210 131.9
1908220 131.9
1908230 131.9
1908240 131.9
1908250 131.9
1908260 131.9
1908270 131.9
1908280 131.9
1908290 131.8
1908300 131.8
1908310 131.9
1908320 131.8
1908330 131.8
1908340 131.7
1908350 131.6
1908360 131.7
1908370 131.6
1908380 131.6
1908390 131.6
1908400 131.7
1908410 131.8
1908420 131.8
1908430 131.9
1908440 131.9
1908450 131.9
1908460 131.8
1908470 131.7
1908480 131.7
1908490 131.8
1908500 131.8
1908510 131.8
1908520 131.8
1908530 131.7
1908540 131.7
1908550 131.8
1908560 131.9
1908570 131.9
1908580 132.0
1908590 132.1
1908600 132.1
1908610 132.0
1908620 132.2
1908630 132.2
1908640 132.3
1908650 132.1
1908660 132.1
1908670 132.0
1908680 132.1
1908690 132.1
1908700 132.1
1908710 132.1
1908720 132.1
1908730 132.1
1908740 132.2
1908750 132.2
1908760 132.2
1908770 132.2
1908780 132.1
1908790 132.1
1908800 132.2
1908810 132.1
1908820 132.1
1908830 132.1
1908840 132.2
1908850 132.2
1908860 132.1
1908870 132.1
1908880 132.1
1908890 132.1
1908900 132.1
1908910 132.1
1908920 132.1
1908930 132.2
1908940 132.2
1908950 132.2
1908960 132.2
1908970 132.2
1908980 132.2
1908990 132.2
1909000 132.2
1909010 132.2
1909020 132.2
1909030 132.2
1909040 132.2
1909050 132.2
1909060 132.2
1909070 132.2
1909080 132.2
1909090 132.2
1909100 132.2
1909110 132.1
1909120 132.1
1909130 132.1
1909140 132.1
1909150 132.1
1909160 132.1
1909170 132.1
1909180 132.1
1909190 132.1
1909200 132.1
1909210 132.1
1909220 132.2
1909230 132.2
1909240 132.1
1909250 132.1
1909260 132.1
1909270 132.1
1909280 132.1
1909290 132.1
1909300 132.1
1909310 132.1
1909320 132.1
1909330 132.0
1909340 132.0
1909350 132.1
1909360 132.1
1909370 132.1
1909380 132.1
1909390 132.1
1909400 132.1
1909410 132.1
1909420 132.1
1909430 132.2
1909440 132.2
1909450 132.2
1909460 132.2
1909470 132.2
1909480 132.2
1909490 132.2
1909500 132.2
1909510 132.2
1909520 132.2
1909530 132.2
1909540 132.3
1909550 132.3
1909560 132.3
1909570 132.3
1909580 132.3
1909590 132.3
1909600 132.3
1909610 132.3
1909620 132.4
1909630 132.4
1909640 132.5
1909650 132.5
1909660 132.5
1909670 132.5
1909680 132.5
1909690 132.6
1909700 132.6
1909710 132.6
1909720 132.6
1909730 132.6
1909740 132.7
1909750 132.8
1909760 132.8
1909770 132.8
1909780 132.8
1909790 132.8
1909800 132.8
1909810 132.8
1909820 132.9
1909830 132.9
1909840 132.9
1909850 132.9
1909860 132.9
1909870 132.9
1909880 133.1
1909890 133.1
1909900 133.3
1909910 133.4
1909920 133.4
1909930 133.5
1909940 133.5
1909950 132.9
1909960 132.4
1909970 132.4
1909980 132.1
1909990 132.1
1910000 131.7
1910010 131.6
1910020 131.6
1910030 131.5
1910040 131.4
1910050 131.4
1910060 131.4
1910070 131.4
1910080 131.4
1910090 131.4
1910100 131.4
1910110 131.4
1910120 131.4
1910130 131.4
1910140 131.3
1910150 131.3
1910160 131.3
1910170 131.4
1910180 131.4
1910190 131.3
1910200 131.3
1910210 131.2
1910220 131.2
1910230 131.2
1910240 131.1
1910250 131.1
1910260 131.0
1910270 130.9
1910280 130.9
1910290 130.8
1910300 130.7
1910310 130.7
1910320 130.6
1910330 130.6
1910340 130.5
1910350 130.4
1910360 130.4
1910370 130.3
1910380 130.3
1910390 130.2
1910400 130.2
1910410 130.2
1910420 130.2
1910430 130.3
1910440 130.3
1910450 130.5
1910460 130.5
1910470 130.7
1910480 130.8
1910490 130.8
1910500 130.8
1910510 130.8
1910520 130.8
