1900000 132.5
1900010 132.5
1900020 132.4
1900030 132.4
1900040 132.4
1900050 132.4
1900060 132.4
1900070 132.4
1900080 132.4
1900090 132.4
1900100 132.4
1900110 132.4
1900120 132.4
1900130 132.5
1900140 132.6
1900150 132.6
1900160 132.8
1900170 132.8
1900180 132.8
1900190 132.6
1900200 132.7
1900210 132.7
1900220 132.7
1900230 132.6
1900240 132.6
1900250 132.6
1900260 132.7
1900270 132.7
1900280 132.7
1900290 132.7
1900300 132.7
1900310 132.7
1900320 132.7
1900330 132.7
1900340 132.8
1900350 132.4
1900360 132.4
1900370 132.8
1900380 132.8
1900390 132.8
1900400 132.8
1900410 132.7
1900420 132.7
1900430 132.5
1900440 132.5
1900450 132.5
1900460 132.5
1900470 132.5
1900480 132.5
1900490 132.5
1900500 132.5
1900510 132.5
1900520 132.6
1900530 132.5
1900540 132.5
1900550 132.6
1900560 132.5
1900570 132.5
1900580 132.5
1900590 132.6
1900600 132.6
1900610 132.6
1900620 132.7
1900630 132.7
1900640 132.7
1900650 132.7
1900660 132.6
1900670 132.7
1900680 132.8
1900690 132.8
1900700 132.8
1900710 132.8
1900720 132.8
1900730 132.7
1900740 132.7
1900750 132.7
1900760 132.7
1900770 132.6
1900780 132.6
1900790 132.6
1900800 132.6
1900810 132.6
1900820 132.6
1900830 132.6
1900840 132.6
1900850 132.7
1900860 132.8
1900870 132.8
1900880 132.7
1900890 132.7
1900900 132.7
1900910 132.7
1900920 132.7
1900930 132.7
1900940 132.7
1900950 132.7
1900960 132.7
1900970 132.6
1900980 132.5
1900990 132.5
1901000 132.5
1901010 132.5
1901020 132.5
1901030 132.4
1901040 132.4
1901050 132.4
1901060 132.4
1901070 132.5
1901080 132.5
1901090 132.5
1901100 132.6
1901110 132.6
1901120 132.6
1901130 132.7
1901140 132.7
1901150 132.7
1901160 132.8
1901170 132.7
1901180 132.7
1901190 132.6
1901200 132.5
1901210 132.5
1901220 132.4
1901230 132.4
1901240 132.4
1901250 132.5
1901260 132.6
1901270 132.6
1901280 132.6
1901290 132.5
1901300 132.5
1901310 132.5
1901320 132.5
1901330 132.5
1901340 132.5
1901350 132.5
1901360 132.5
1901370 132.5
1901380 132.5
1901390 132.5
1901400 132.5
1901410 132.4
1901420 132.4
1901430 132.3
1901440 132.3
1901450 132.3
1901460 132.4
1901470 132.4
1901480 132.4
1901490 132.4
1901500 132.5
1901510 132.5
1901520 132.5
1901530 132.5
1901540 132.5
1901550 132.4
1901560 132.4
1901570 132.4
1901580 132.4
1901590 132.4
1901600 132.4
1901610 132.4
1901620 132.5
1901630 132.5
1901640 132.6
1901650 132.7
1901660 132.7
1901670 132.8
1901680 132.9
1901690 132.9
1901700 132.9
1901710 132.9
1901720 132.9
1901730 132.8
1901740 132.7
1901750 132.7
1901760 132.6
1901770 132.6
1901780 132.6
1901790 132.5
1901800 132.5
1901810 132.5
1901820 132.6
1901830 132.6
1901840 132.6
1901850 132.6
1901860 132.6
1901870 132.6
1901880 132.6
1901890 132.6
1901900 132.6
1901910 132.6
1901920 132.6
1901930 132.6
1901940 132.5
1901950 132.5
1901960 132.5
1901970 132.5
1901980 132.5
1901990 132.5
1902000 132.6
1902010 132.6
1902020 132.6
1902030 132.6
1902040 132.6
1902050 132.6
1902060 132.7
1902070 132.7
1902080 132.7
1902090 132.7
1902100 132.7
1902110 132.7
1902120 132.7
1902130 132.7
1902140 132.7
1902150 132.6
1902160 132.6
1902170 132.6
1902180 132.6
1902190 132.6
1902200 132.6
1902210 132.6
1902220 132.5
1902230 132.5
1902240 132.5
1902250 132.6
1902260 132.6
1902270 132.6
1902280 132.6
1902290 132.6
1902300 132.7
1902310 132.7
1902320 132.7
1902330 132.8
1902340 132.7
1902350 132.7
1902360 132.7
1902370 132.7
1902380 132.7
1902390 132.7
1902400 132.7
1902410 132.7
1902420 132.7
1902430 132.7
1902440 132.7
1902450 132.7
1902460 132.6
1902470 132.6
1902480 132.6
1902490 132.6
1902500 132.7
1902510 132.7
1902520 132.7
1902530 132.7
1902540 132.7
1902550 132.7
1902560 132.7
1902570 132.7
1902580 132.7
1902590 132.7
1902600 132.7
1902610 132.7
1902620 132.7
1902630 132.7
1902640 132.7
1902650 132.7
1902660 132.7
1902670 132.7
1902680 132.7
1902690 132.7
1902700 132.6
1902710 132.6
1902720 132.6
1902730 132.6
1902740 132.7
1902750 132.7
1902760 132.8
1902770 132.8
1902780 132.8
1902790 132.9
1902800 132.9
1902810 132.9
1902820 132.8
1902830 132.7
1902840 132.7
1902850 132.7
1902860 132.7
1902870 132.7
1902880 132.7
1902890 132.7
1902900 132.7
1902910 132.8
1902920 132.8
1902930 132.8
1902940 132.9
1902950 133.0
1902960 133.0
1902970 132.6
1902980 130.0
1902990 130.0
1903000 129.0
1903010 129.0
1903020 129.0
1903030 129.0
1903040 129.1
1903050 129.1
1903060 129.2
1903070 129.2
1903080 129.2
1903090 130.3
1903100 132.3
1903110 132.3
1903120 132.8
1903130 132.5
1903140 132.5
1903150 132.5
1903160 132.4
1903170 132.4
1903180 132.1
1903190 131.8
1903200 131.8
1903210 132.1
1903220 132.2
1903230 132.2
1903240 132.1
1903250 132.1
1903260 132.1
1903270 132.0
1903280 132.1
1903290 132.1
1903300 132.5
1903310 132.4
1903320 132.4
1903330 132.4
1903340 132.4
1903350 132.4
1903360 132.4
1903370 132.4
1903380 132.4
1903390 132.5
1903400 132.6
1903410 132.6
1903420 132.7
1903430 132.8
1903440 132.8
1903450 132.9
1903460 133.0
1903470 133.0
1903480 132.9
1903490 132.9
1903500 132.9
1903510 132.9
1903520 132.9
1903530 132.9
1903540 132.8
1903550 132.8
1903560 132.8
1903570 132.6
1903580 132.6
1903590 132.6
1903600 132.6
1903610 132.7
1903620 132.7
1903630 132.6
1903640 132.5
1903650 132.5
1903660 132.4
1903670 132.4
1903680 132.6
1903690 132.6
1903700 132.8
1903710 132.8
1903720 132.8
1903730 132.7
1903740 132.5
1903750 132.5
1903760 132.6
1903770 132.6
1903780 132.6
1903790 132.5
1903800 132.5
1903810 132.5
1903820 132.4
1903830 132.4
1903840 132.4
1903850 132.5
1903860 132.5
1903870 132.5
1903880 132.4
1903890 132.4
1903900 132.4
1903910 132.4
1903920 132.4
1903930 132.4
1903940 132.3
1903950 132.3
1903960 132.3
1903970 132.3
1903980 132.3
1903990 132.3
1904000 132.3
1904010 132.4
1904020 132.4
1904030 132.4
1904040 132.4
1904050 132.4
1904060 132.4
1904070 132.5
1904080 132.5
1904090 132.4
1904100 132.3
1904110 132.3
1904120 132.4
1904130 132.4
1904140 132.4
1904150 132.4
1904160 132.3
1904170 132.3
1904180 132.4
1904190 132.4
1904200 132.4
1904210 132.4
1904220 132.4
1904230 132.4
1904240 132.5
1904250 132.5
1904260 132.5
1904270 132.5
1904280 132.5
1904290 132.5
1904300 132.4
1904310 132.3
1904320 132.3
1904330 132.2
1904340 132.2
1904350 132.2
1904360 132.2
1904370 132.2
1904380 132.2
1904390 132.1
1904400 132.1
1904410 132.1
1904420 132.1
1904430 132.1
1904440 132.1
1904450 132.1
1904460 132.1
1904470 132.1
1904480 132.1
1904490 132.2
1904500 132.2
1904510 132.2
1904520 132.2
1904530 132.2
1904540 132.3
1904550 132.3
1904560 132.3
1904570 132.4
1904580 132.4
1904590 132.4
1904600 132.5
1904610 132.5
1904620 132.5
1904630 132.5
1904640 132.6
1904650 132.6
1904660 132.7
1904670 132.8
1904680 132.8
1904690 132.9
1904700 133.0
1904710 133.0
1904720 133.1
1904730 133.1
1904740 133.1
1904750 133.1
1904760 133.1
1904770 133.1
1904780 133.1
1904790 133.1
1904800 133.1
1904810 133.1
1904820 133.2
1904830 133.2
1904840 133.3
1904850 133.3
1904860 133.3
1904870 133.3
1904880 133.2
1904890 133.2
1904900 133.2
1904910 133.4
1904920 133.4
1904930 134.3
1904940 133.9
1904950 133.9
1904960 133.3
1904970 133.5
1904980 133.6
1904990 133.7
1905000 133.6
1905010 133.4
1905020 133.4
1905030 133.3
1905040 133.3
1905050 133.3
1905060 133.4
1905070 133.5
1905080 133.5
1905090 133.4
1905100 133.3
1905110 133.3
1905120 133.3
1905130 133.3
1905140 133.3
1905150 133.2
1905160 133.1
1905170 133.1
1905180 133.1
1905190 133.1
1905200 133.1
1905210 133.0
1905220 133.0
1905230 133.0
1905240 133.0
1905250 133.0
1905260 133.0
1905270 133.0
1905280 133.0
1905290 133.0
1905300 133.0
1905310 132.9
1905320 132.9
1905330 132.8
1905340 132.5
1905350 132.5
1905360 132.4
1905370 132.4
1905380 132.4
1905390 132.3
1905400 132.4
1905410 132.4
1905420 132.5
1905430 132.6
1905440 132.6
1905450 132.7
1905460 132.7
1905470 132.7
1905480 132.8
1905490 132.8
1905500 132.8
1905510 132.8
1905520 132.9
1905530 132.9
1905540 132.9
1905550 133.0
1905560 133.0
1905570 133.0
1905580 132.9
1905590 132.9
1905600 132.7
1905610 132.4
1905620 132.4
1905630 132.2
1905640 132.0
1905650 132.0
1905660 131.8
1905670 131.7
1905680 131.7
1905690 131.6
1905700 131.6
1905710 131.6
1905720 131.5
1905730 131.5
1905740 131.5
1905750 131.6
1905760 131.7
1905770 131.7
1905780 131.7
1905790 131.9
1905800 131.9
1905810 132.2
1905820 132.5
1905830 132.5
1905840 132.7
1905850 132.9
1905860 132.9
1905870 133.0
1905880 132.9
1905890 132.9
1905900 132.9
1905910 132.8
1905920 132.8
1905930 132.9
1905940 132.9
1905950 132.9
1905960 132.7
1905970 132.5
1905980 132.5
1905990 132.5
1906000 132.5
1906010 132.5
1906020 132.5
1906030 132.6
1906040 132.6
1906050 132.6
1906060 132.6
1906070 132.6
1906080 132.6
1906090 132.6
1906100 132.6
1906110 132.6
1906120 132.6
1906130 132.6
1906140 132.6
1906150 132.6
1906160 132.6
1906170 132.6
1906180 132.6
1906190 132.6
1906200 132.6
1906210 132.6
1906220 132.6
1906230 132.6
1906240 132.6
1906250 132.6
1906260 132.6
1906270 132.7
1906280 132.7
1906290 132.7
1906300 132.7
1906310 132.7
1906320 132.7
1906330 132.8
1906340 132.8
1906350 132.8
1906360 132.9
1906370 132.9
1906380 132.9
1906390 132.9
1906400 133.0
1906410 133.0
1906420 133.0
1906430 133.0
1906440 133.0
1906450 133.1
1906460 133.1
1906470 133.1
1906480 133.1
1906490 133.1
1906500 133.1
1906510 133.2
1906520 133.1
1906530 133.1
1906540 133.1
1906550 133.0
1906560 133.0
1906570 133.0
1906580 133.0
1906590 133.0
1906600 133.0
1906610 133.0
1906620 133.0
1906630 133.0
1906640 132.9
1906650 132.9
1906660 132.8
1906670 132.8
1906680 132.8
1906690 132.9
1906700 132.8
1906710 132.8
1906720 132.8
1906730 132.8
1906740 132.8
1906750 132.8
1906760 132.8
1906770 132.8
1906780 132.7
1906790 132.7
1906800 132.7
1906810 132.6
1906820 132.7
1906830 132.7
1906840 132.7
1906850 132.8
1906860 132.8
1906870 132.8
1906880 132.8
1906890 132.8
1906900 132.8
1906910 132.7
1906920 132.7
1906930 132.7
1906940 132.7
1906950 132.7
1906960 132.7
1906970 132.7
1906980 132.7
1906990 132.8
1907000 132.8
1907010 132.8
1907020 132.8
1907030 132.8
1907040 132.8
1907050 132.8
1907060 132.8
1907070 132.8
1907080 132.8
1907090 132.7
1907100 132.7
1907110 132.7
1907120 132.7
1907130 132.7
1907140 132.7
1907150 132.7
1907160 132.7
1907170 132.7
1907180 132.7
1907190 132.7
1907200 132.7
1907210 132.7
1907220 132.7
1907230 132.7
1907240 132.7
1907250 132.7
1907260 132.7
1907270 132.7
1907280 132.7
1907290 132.7
1907300 132.6
1907310 132.6
1907320 132.6
1907330 132.5
1907340 132.5
1907350 132.5
1907360 132.4
1907370 132.4
1907380 132.4
1907390 132.4
1907400 132.4
1907410 132.4
1907420 132.4
1907430 132.4
1907440 132.5
1907450 132.5
1907460 132.5
1907470 132.4
1907480 132.4
1907490 132.4
1907500 132.4
1907510 132.4
1907520 132.4
1907530 132.4
1907540 132.4
1907550 132.4
1907560 132.4
1907570 132.5
1907580 132.5
1907590 132.5
1907600 132.5
1907610 132.5
1907620 132.5
1907630 132.5
1907640 132.4
1907650 132.4
1907660 132.4
1907670 132.4
1907680 132.4
1907690 132.4
1907700 132.4
1907710 132.4
1907720 132.4
1907730 132.4
1907740 132.4
1907750 132.4
1907760 132.4
1907770 132.4
1907780 132.3
1907790 132.2
1907800 132.2
1907810 132.2
1907820 132.3
1907830 132.3
1907840 132.3
1907850 132.3
1907860 132.3
1907870 132.4
1907880 132.4
1907890 132.4
1907900 132.4
1907910 132.4
1907920 132.4
1907930 132.4
1907940 132.5
1907950 132.5
1907960 132.5
1907970 132.6
1907980 132.6
1907990 132.6
1908000 132.6
1908010 132.6
1908020 132.6
1908030 132.5
1908040 132.4
1908050 132.4
1908060 132.4
1908070 132.4
1908080 132.4
1908090 132.4
1908100 132.4
1908110 132.5
1908120 132.4
1908130 132.4
1908140 132.4
1908150 132.4
1908160 132.4
1908170 132.4
1908180 132.4
1908190 132.4
1908200 132.3
1908210 132.3
1908220 132.3
1908230 132.3
1908240 132.3
1908250 132.3
1908260 132.4
1908270 132.4
1908280 132.4
1908290 132.4
1908300 132.5
1908310 132.5
1908320 132.5
1908330 132.4
1908340 132.4
1908350 132.4
1908360 132.4
1908370 132.4
1908380 132.5
1908390 132.6
1908400 132.6
1908410 132.6
1908420 132.6
1908430 132.6
1908440 132.7
1908450 132.6
1908460 132.6
1908470 132.6
1908480 132.6
1908490 132.6
1908500 132.6
1908510 132.5
1908520 132.5
1908530 132.5
1908540 132.5
1908550 132.5
1908560 132.4
1908570 132.4
1908580 132.4
1908590 132.4
1908600 132.3
1908610 132.3
1908620 132.4
1908630 132.4
1908640 132.4
1908650 132.4
1908660 132.4
1908670 132.4
1908680 132.4
1908690 132.4
1908700 132.4
1908710 132.5
1908720 132.5
1908730 132.5
1908740 132.5
1908750 132.6
1908760 132.6
1908770 132.6
1908780 132.6
1908790 132.6
1908800 132.8
1908810 132.7
1908820 132.7
1908830 132.6
1908840 132.5
1908850 132.5
1908860 132.5
1908870 132.6
1908880 132.6
1908890 132.5
1908900 132.4
1908910 132.4
1908920 132.5
1908930 132.5
1908940 132.5
1908950 132.5
1908960 132.6
1908970 132.6
1908980 132.8
1908990 132.3
1909000 132.3
1909010 131.7
1909020 131.0
1909030 131.0
1909040 130.7
1909050 130.5
1909060 130.5
1909070 130.4
1909080 130.4
1909090 130.4
1909100 130.4
1909110 130.4
1909120 130.4
1909130 130.4
1909140 130.3
1909150 130.3
1909160 130.2
1909170 130.1
1909180 130.1
1909190 130.1
1909200 130.2
1909210 130.2
1909220 130.2
1909230 130.3
1909240 130.3
1909250 130.4
1909260 130.4
1909270 130.4
1909280 130.5
1909290 130.6
1909300 130.6
1909310 130.8
1909320 131.1
1909330 131.2
1909340 131.5
1909350 131.5
1909360 131.6
1909370 131.5
1909380 131.5
1909390 131.4
1909400 131.3
1909410 131.3
1909420 131.2
1909430 131.1
1909440 131.1
1909450 131.1
1909460 131.0
1909470 131.0
1909480 131.0
1909490 131.0
1909500 131.0
1909510 131.0
1909520 131.0
1909530 131.0
1909540 130.9
1909550 130.9
1909560 130.9
1909570 130.8
1909580 130.7
1909590 130.7
1909600 130.8
1909610 130.8
1909620 130.8
1909630 130.8
1909640 131.1
1909650 131.1
1909660 131.3
1909670 131.2
1909680 131.2
1909690 131.2
1909700 131.2
1909710 131.2
1909720 131.2
1909730 131.2
1909740 131.3
1909750 131.3
1909760 131.3
1909770 131.2
1909780 131.2
1909790 131.2
1909800 131.2
1909810 131.3
1909820 131.3
1909830 131.4
1909840 131.3
1909850 131.3
1909860 131.3
1909870 131.3
1909880 131.3
1909890 131.5
1909900 131.5
1909910 131.5
1909920 131.4
1909930 131.3
1909940 131.3
1909950 131.1
1909960 131.1
1909970 131.1
1909980 131.2
1909990 131.3
1910000 131.3
1910010 131.3
1910020 131.3
1910030 131.4
1910040 131.4
1910050 131.4
1910060 131.4
1910070 131.5
1910080 131.5
1910090 131.6
1910100 131.6
1910110 131.6
1910120 131.5
1910130 131.4
1910140 131.4
1910150 131.2
1910160 131.1
1910170 131.1
1910180 131.1
1910190 131.0
1910200 131.0
1910210 131.0
1910220 130.9
1910230 130.9
1910240 130.7
1910250 130.6
1910260 130.6
1910270 130.5
1910280 130.6
1910290 130.6
1910300 130.8
1910310 131.1
1910320 131.1
1910330 131.4
1910340 131.4
1910350 131.6
1910360 131.5
1910370 131.5
1910380 131.4
1910390 131.3
1910400 131.3
1910410 131.1
1910420 131.0
1910430 131.0
1910440 130.8
1910450 130.8
