1900000 132.5
1900010 132.6
1900020 132.6
1900030 132.6
1900040 132.8
1900050 132.8
1900060 132.9
1900070 132.9
1900080 132.9
1900090 132.9
1900100 132.9
1900110 132.9
1900120 132.8
1900130 132.7
1900140 132.7
1900150 132.7
1900160 132.7
1900170 132.8
1900180 132.8
1900190 132.9
1900200 132.9
1900210 132.9
1900220 132.9
1900230 132.8
1900240 132.8
1900250 132.8
1900260 132.8
1900270 132.8
1900280 132.7
1900290 132.6
1900300 132.6
1900310 132.6
1900320 132.6
1900330 132.6
1900340 132.6
1900350 132.5
1900360 132.5
1900370 132.5
1900380 132.5
1900390 132.5
1900400 132.5
1900410 132.5
1900420 132.5
1900430 132.6
1900440 132.6
1900450 132.6
1900460 132.6
1900470 132.7
1900480 132.7
1900490 132.7
1900500 132.6
1900510 132.6
1900520 132.6
1900530 132.7
1900540 132.7
1900550 132.6
1900560 132.6
1900570 132.6
1900580 132.6
1900590 132.6
1900600 132.6
1900610 132.6
1900620 132.7
1900630 132.7
1900640 132.8
1900650 132.7
1900660 132.7
1900670 132.7
1900680 132.7
1900690 132.7
1900700 132.5
1900710 132.3
1900720 132.3
1900730 132.7
1900740 132.8
1900750 132.8
1900760 132.8
1900770 132.8
1900780 132.8
1900790 132.6
1900800 132.5
1900810 132.5
1900820 132.4
1900830 132.5
1900840 132.5
1900850 132.5
1900860 132.5
1900870 132.5
1900880 132.5
1900890 132.6
1900900 132.6
1900910 132.6
1900920 132.5
1900930 132.5
1900940 132.4
1900950 132.4
1900960 132.4
1900970 132.5
1900980 132.4
1900990 132.4
1901000 132.4
1901010 132.4
1901020 132.4
1901030 132.5
1901040 132.4
1901050 132.4
1901060 132.5
1901070 132.5
1901080 132.5
1901090 132.5
1901100 132.5
1901110 132.5
1901120 132.5
1901130 132.5
1901140 132.5
1901150 132.5
1901160 132.5
1901170 132.5
1901180 132.5
1901190 132.5
1901200 132.5
1901210 132.6
1901220 132.6
1901230 132.6
1901240 132.5
1901250 132.5
1901260 132.5
1901270 132.4
1901280 132.4
1901290 132.4
1901300 132.3
1901310 132.3
1901320 132.3
1901330 132.3
1901340 132.3
1901350 132.3
1901360 132.3
1901370 132.3
1901380 132.3
1901390 132.3
1901400 132.3
1901410 132.3
1901420 132.3
1901430 132.3
1901440 132.4
1901450 132.4
1901460 132.5
1901470 132.5
1901480 132.5
1901490 132.5
1901500 132.5
1901510 132.5
1901520 132.4
1901530 132.3
1901540 132.3
1901550 132.3
1901560 132.4
1901570 132.4
1901580 132.4
1901590 132.4
1901600 132.4
1901610 132.4
1901620 132.4
1901630 132.4
1901640 132.4
1901650 132.4
1901660 132.4
1901670 132.4
1901680 132.4
1901690 132.4
1901700 132.5
1901710 132.5
1901720 132.5
1901730 132.5
1901740 132.5
1901750 132.5
1901760 132.5
1901770 132.4
1901780 132.4
1901790 132.4
1901800 132.4
1901810 132.4
1901820 132.5
1901830 132.5
1901840 132.5
1901850 132.5
1901860 132.5
1901870 132.5
1901880 132.5
1901890 132.6
1901900 132.6
1901910 132.7
1901920 132.7
1901930 132.7
1901940 132.6
1901950 132.5
1901960 132.5
1901970 132.4
1901980 132.4
1901990 132.4
1902000 132.4
1902010 132.4
1902020 132.4
1902030 132.4
1902040 132.4
1902050 132.4
1902060 132.4
1902070 132.3
1902080 132.3
1902090 132.3
1902100 132.4
1902110 132.3
1902120 132.4
1902130 132.4
1902140 132.4
1902150 132.5
1902160 132.5
1902170 132.5
1902180 132.5
1902190 132.5
1902200 132.5
1902210 132.5
1902220 132.5
1902230 132.5
1902240 132.5
1902250 132.5
1902260 132.5
1902270 132.4
1902280 132.4
1902290 132.4
1902300 132.4
1902310 132.4
1902320 132.4
1902330 132.4
1902340 132.5
1902350 132.5
1902360 132.5
1902370 132.6
1902380 132.6
1902390 132.5
1902400 132.5
1902410 132.5
1902420 132.5
1902430 132.5
1902440 132.5
1902450 132.5
1902460 132.5
1902470 132.5
1902480 132.5
1902490 132.5
1902500 132.5
1902510 132.5
1902520 132.6
1902530 132.6
1902540 132.6
1902550 132.6
1902560 132.6
1902570 132.6
1902580 132.6
1902590 132.6
1902600 132.6
1902610 132.6
1902620 132.6
1902630 132.6
1902640 132.7
1902650 132.7
1902660 132.6
1902670 132.6
1902680 132.6
1902690 132.7
1902700 132.8
1902710 132.8
1902720 132.8
1902730 132.8
1902740 132.8
1902750 132.8
1902760 132.8
1902770 132.8
1902780 132.8
1902790 132.8
1902800 132.8
1902810 132.8
1902820 132.8
1902830 132.9
1902840 132.9
1902850 133.0
1902860 132.9
1902870 132.9
1902880 132.8
1902890 132.8
1902900 132.8
1902910 132.8
1902920 132.7
1902930 132.7
1902940 132.6
1902950 132.5
1902960 132.5
1902970 132.6
1902980 132.6
1902990 132.6
1903000 132.7
1903010 132.7
1903020 132.7
1903030 132.8
1903040 132.8
1903050 132.8
1903060 132.7
1903070 132.5
1903080 132.5
1903090 132.4
1903100 132.4
1903110 132.4
1903120 132.4
1903130 132.4
1903140 132.4
1903150 132.4
1903160 132.4
1903170 132.4
1903180 132.4
1903190 132.4
1903200 132.4
1903210 132.4
1903220 132.4
1903230 132.4
1903240 132.4
1903250 132.4
1903260 132.4
1903270 132.3
1903280 132.3
1903290 132.3
1903300 132.3
1903310 132.3
1903320 132.3
1903330 132.5
1903340 132.7
1903350 132.7
1903360 132.6
1903370 132.4
1903380 132.4
1903390 132.4
1903400 132.4
1903410 132.4
1903420 132.4
1903430 132.6
1903440 132.6
1903450 132.6
1903460 132.6
1903470 132.6
1903480 132.6
1903490 132.6
1903500 132.6
1903510 132.6
1903520 132.4
1903530 132.4
1903540 132.0
1903550 131.9
1903560 131.9
1903570 131.9
1903580 131.8
1903590 131.8
1903600 131.9
1903610 131.9
1903620 131.9
1903630 131.8
1903640 131.8
1903650 132.0
1903660 131.9
1903670 131.8
1903680 131.8
1903690 131.9
1903700 131.9
1903710 131.9
1903720 132.0
1903730 132.1
1903740 132.1
1903750 132.2
1903760 132.1
1903770 132.1
1903780 132.2
1903790 132.7
1903800 132.7
1903810 132.3
1903820 132.1
1903830 132.1
1903840 132.1
1903850 132.1
1903860 132.1
1903870 131.9
1903880 131.8
1903890 131.8
1903900 131.8
1903910 131.9
1903920 131.9
1903930 132.0
1903940 131.8
1903950 131.8
1903960 131.6
1903970 131.5
1903980 131.5
1903990 131.3
1904000 131.2
1904010 131.2
1904020 131.2
1904030 131.3
1904040 131.3
1904050 131.7
1904060 132.1
1904070 132.3
1904080 132.3
1904090 132.5
1904100 132.5
1904110 132.5
1904120 132.6
1904130 132.7
1904140 132.7
1904150 132.6
1904160 132.5
1904170 132.5
1904180 132.5
1904190 132.6
1904200 132.6
1904210 132.7
1904220 132.6
1904230 132.6
1904240 132.6
1904250 132.5
1904260 132.5
1904270 132.6
1904280 132.4
1904290 132.4
1904300 132.2
1904310 132.1
1904320 132.1
1904330 132.0
1904340 132.1
1904350 132.1
1904360 132.2
1904370 132.2
1904380 132.2
1904390 132.3
1904400 132.2
1904410 132.2
1904420 132.1
1904430 132.0
1904440 132.0
1904450 132.0
1904460 132.0
1904470 132.0
1904480 132.0
1904490 132.0
1904500 132.0
1904510 132.1
1904520 132.1
1904530 132.1
1904540 132.2
1904550 132.2
1904560 132.2
1904570 132.3
1904580 132.3
1904590 132.3
1904600 132.5
1904610 132.5
1904620 132.5
1904630 132.7
1904640 133.6
1904650 133.6
1904660 132.5
1904670 132.4
1904680 132.4
1904690 132.2
1904700 132.1
1904710 132.1
1904720 132.1
1904730 132.1
1904740 132.1
1904750 132.2
1904760 132.2
1904770 132.2
1904780 132.2
1904790 132.3
1904800 132.3
1904810 132.4
1904820 132.4
1904830 132.4
1904840 132.5
1904850 132.5
1904860 132.5
1904870 132.5
1904880 132.6
1904890 132.6
1904900 132.6
1904910 132.6
1904920 132.6
1904930 132.7
1904940 132.7
1904950 132.7
1904960 132.8
1904970 132.8
1904980 132.8
1904990 132.8
1905000 132.8
1905010 132.8
1905020 132.8
1905030 132.9
1905040 132.9
1905050 133.0
1905060 133.0
1905070 133.0
1905080 133.0
1905090 133.0
1905100 133.0
1905110 133.0
1905120 132.9
1905130 132.9
1905140 132.8
1905150 132.8
1905160 132.8
1905170 132.8
1905180 132.8
1905190 132.7
1905200 132.7
1905210 132.7
1905220 132.7
1905230 132.7
1905240 132.8
1905250 132.8
1905260 132.8
1905270 132.7
1905280 132.7
1905290 132.7
1905300 132.6
1905310 132.6
1905320 132.5
1905330 132.4
1905340 132.4
1905350 132.3
1905360 132.3
1905370 132.3
1905380 132.3
1905390 132.3
1905400 132.5
1905410 132.5
1905420 132.6
1905430 132.6
1905440 132.6
1905450 132.6
1905460 132.6
1905470 132.6
1905480 132.7
1905490 132.8
1905500 132.8
1905510 132.9
1905520 132.9
1905530 132.9
1905540 133.0
1905550 132.9
1905560 132.9
1905570 132.9
1905580 132.8
1905590 132.8
1905600 132.8
1905610 132.7
1905620 132.7
1905630 132.6
1905640 132.4
1905650 132.4
1905660 132.2
1905670 132.0
1905680 132.0
1905690 131.9
1905700 131.9
1905710 131.9
1905720 132.1
1905730 132.3
1905740 132.3
1905750 132.5
1905760 132.6
1905770 132.6
1905780 132.7
1905790 132.7
1905800 132.7
1905810 132.7
1905820 132.6
1905830 132.6
1905840 132.5
1905850 132.4
1905860 132.4
1905870 132.3
1905880 132.3
1905890 132.3
1905900 132.4
1905910 132.4
1905920 132.4
1905930 132.5
1905940 132.6
1905950 132.6
1905960 132.6
1905970 132.6
1905980 132.6
1905990 132.6
1906000 132.7
1906010 132.7
1906020 132.7
1906030 132.6
1906040 132.6
1906050 132.6
1906060 132.6
1906070 132.6
1906080 132.6
1906090 132.6
1906100 132.6
1906110 132.5
1906120 132.5
1906130 132.5
1906140 132.5
1906150 132.5
1906160 132.5
1906170 132.6
1906180 132.5
1906190 132.5
1906200 132.7
1906210 132.7
1906220 132.7
1906230 132.6
1906240 132.7
1906250 132.7
1906260 132.8
1906270 132.9
1906280 132.9
1906290 133.0
1906300 133.0
1906310 133.0
1906320 133.0
1906330 133.0
1906340 133.0
1906350 133.0
1906360 133.0
1906370 133.0
1906380 133.0
1906390 132.9
1906400 132.9
1906410 132.9
1906420 132.8
1906430 132.8
1906440 132.8
1906450 132.8
1906460 132.8
1906470 132.8
1906480 132.8
1906490 132.8
1906500 132.7
1906510 132.7
1906520 132.7
1906530 132.7
1906540 132.7
1906550 132.7
1906560 132.7
1906570 132.7
1906580 132.7
1906590 132.8
1906600 132.7
1906610 132.7
1906620 132.7
1906630 132.7
1906640 132.7
1906650 132.7
1906660 132.7
1906670 132.6
1906680 132.6
1906690 132.6
1906700 132.6
1906710 132.6
1906720 132.5
1906730 132.6
1906740 132.6
1906750 132.6
1906760 132.6
1906770 132.6
1906780 132.6
1906790 132.6
1906800 132.6
1906810 132.7
1906820 132.7
1906830 132.7
1906840 132.7
1906850 132.6
1906860 132.6
1906870 132.6
1906880 132.6
1906890 132.6
1906900 132.6
1906910 132.7
1906920 132.7
1906930 132.7
1906940 132.6
1906950 132.6
1906960 132.6
1906970 132.6
1906980 132.6
1906990 132.5
1907000 132.5
1907010 132.5
1907020 132.5
1907030 132.5
1907040 132.5
1907050 132.5
1907060 132.5
1907070 132.5
1907080 132.5
1907090 132.5
1907100 132.5
1907110 132.5
1907120 132.5
1907130 132.5
1907140 132.5
1907150 132.6
1907160 132.6
1907170 132.6
1907180 132.5
1907190 132.5
1907200 132.5
1907210 132.5
1907220 132.5
1907230 132.5
1907240 132.5
1907250 132.5
1907260 132.5
1907270 132.5
1907280 132.5
1907290 132.5
1907300 132.5
1907310 132.5
1907320 132.5
1907330 132.5
1907340 132.4
1907350 132.4
1907360 132.4
1907370 132.4
1907380 132.4
1907390 132.3
1907400 132.3
1907410 132.4
1907420 132.5
1907430 132.5
1907440 132.5
1907450 132.6
1907460 132.6
1907470 132.7
1907480 132.6
1907490 132.6
1907500 132.5
1907510 132.4
1907520 132.4
1907530 132.4
1907540 132.5
1907550 132.5
1907560 132.4
1907570 132.4
1907580 132.4
1907590 132.3
1907600 132.3
1907610 132.3
1907620 132.3
1907630 132.3
1907640 132.3
1907650 132.3
1907660 132.3
1907670 132.3
1907680 132.3
1907690 132.3
1907700 132.3
1907710 132.3
1907720 132.2
1907730 132.2
1907740 132.2
1907750 132.2
1907760 132.2
1907770 132.2
1907780 132.3
1907790 132.3
1907800 132.2
1907810 132.2
1907820 132.2
1907830 132.2
1907840 132.1
1907850 132.1
1907860 132.1
1907870 132.1
1907880 132.1
1907890 132.0
1907900 132.0
1907910 132.0
1907920 132.1
1907930 132.1
1907940 132.1
1907950 132.2
1907960 132.2
1907970 132.3
1907980 132.3
1907990 132.3
1908000 132.3
1908010 132.3
1908020 132.2
1908030 132.2
1908040 132.2
1908050 132.2
1908060 132.2
1908070 132.2
1908080 132.1
1908090 132.1
1908100 132.1
1908110 132.1
1908120 132.1
1908130 132.1
1908140 132.0
1908150 132.0
1908160 132.0
1908170 132.0
1908180 131.9
1908190 131.9
1908200 132.0
1908210 132.0
1908220 132.0
1908230 132.0
1908240 132.0
1908250 132.0
1908260 132.0
1908270 132.0
1908280 132.0
1908290 132.0
1908300 132.1
1908310 132.1
1908320 132.2
1908330 132.1
1908340 132.1
1908350 132.1
1908360 132.1
1908370 132.1
1908380 132.1
1908390 132.1
1908400 132.1
1908410 132.2
1908420 132.2
1908430 132.2
1908440 132.1
1908450 132.2
1908460 132.2
1908470 132.3
1908480 132.4
1908490 132.4
1908500 132.4
1908510 132.6
1908520 132.6
1908530 132.7
1908540 132.9
1908550 132.9
1908560 132.9
1908570 132.7
1908580 132.7
1908590 132.6
1908600 132.5
1908610 132.5
1908620 132.5
1908630 132.4
1908640 132.4
1908650 132.4
1908660 132.5
1908670 132.5
1908680 132.5
1908690 132.5
1908700 132.5
1908710 132.5
1908720 132.5
1908730 132.5
1908740 132.5
1908750 132.4
1908760 132.4
1908770 132.4
1908780 132.5
1908790 132.5
1908800 132.4
1908810 132.4
1908820 132.4
1908830 132.4
1908840 132.4
1908850 132.4
1908860 132.4
1908870 132.4
1908880 132.4
1908890 132.4
1908900 132.5
1908910 132.5
1908920 132.6
1908930 132.7
1908940 132.7
1908950 132.7
1908960 132.7
1908970 132.7
1908980 132.7
1908990 132.7
1909000 132.7
1909010 132.7
1909020 132.7
1909030 132.7
1909040 132.7
1909050 132.7
1909060 132.7
1909070 132.8
1909080 132.8
1909090 132.8
1909100 132.7
1909110 132.7
1909120 132.7
1909130 132.7
1909140 132.7
1909150 132.7
1909160 132.7
1909170 132.7
1909180 132.6
1909190 132.6
1909200 132.6
1909210 132.9
1909220 133.1
1909230 133.1
1909240 132.8
1909250 131.9
1909260 131.9
1909270 131.1
1909280 131.1
1909290 130.3
1909300 129.6
1909310 129.6
1909320 129.6
1909330 129.5
1909340 129.5
1909350 129.5
1909360 129.5
1909370 129.5
1909380 129.5
1909390 129.8
1909400 129.8
1909410 130.0
1909420 130.0
1909430 130.3
1909440 130.6
1909450 130.6
1909460 130.8
1909470 130.9
1909480 130.9
1909490 131.0
1909500 131.0
1909510 131.0
1909520 131.0
1909530 131.0
1909540 131.0
1909550 131.0
1909560 131.0
1909570 131.0
1909580 130.9
1909590 130.9
1909600 130.8
1909610 130.8
1909620 130.8
1909630 130.8
1909640 130.9
1909650 130.9
1909660 130.9
1909670 130.9
1909680 130.9
1909690 130.9
1909700 130.9
1909710 130.8
1909720 130.8
1909730 130.8
1909740 130.7
1909750 130.6
1909760 130.6
1909770 130.6
1909780 130.6
1909790 130.6
1909800 130.6
1909810 130.6
1909820 130.6
1909830 130.5
1909840 130.5
1909850 130.5
1909860 130.5
1909870 130.5
1909880 130.6
1909890 130.7
1909900 130.7
1909910 130.8
1909920 130.8
1909930 130.8
1909940 130.9
1909950 131.2
1909960 131.2
1909970 131.5
1909980 131.5
1909990 131.5
1910000 131.5
1910010 131.5
1910020 131.5
1910030 131.5
1910040 131.5
1910050 131.4
1910060 131.4
1910070 131.4
1910080 131.3
1910090 131.4
1910100 131.4
1910110 131.4
1910120 131.4
1910130 131.4
1910140 131.4
1910150 131.4
1910160 131.4
1910170 131.3
1910180 131.3
1910190 130.6
1910200 130.4
1910210 130.4
1910220 130.4
1910230 130.5
1910240 130.5
1910250 130.8
1910260 130.8
1910270 131.0
1910280 131.1
1910290 131.1
1910300 131.1
1910310 131.1
1910320 131.1
1910330 131.1
1910340 131.0
1910350 131.0
1910360 131.1
1910370 131.1
1910380 131.1
1910390 131.1
1910400 131.1
1910410 131.1
1910420 131.2
1910430 131.2
1910440 131.3
1910450 131.3
1910460 131.3
1910470 131.3
