1900000 132.9
1900010 132.9
1900020 132.9
1900030 132.8
1900040 132.9
1900050 132.9
1900060 133.1
1900070 133.1
1900080 133.1
1900090 133.0
1900100 133.0
1900110 133.0
1900120 133.0
1900130 133.1
1900140 133.1
1900150 133.1
1900160 133.1
1900170 133.1
1900180 133.0
1900190 133.0
1900200 133.0
1900210 133.0
1900220 132.9
1900230 132.9
1900240 132.9
1900250 133.0
1900260 133.0
1900270 133.0
1900280 133.0
1900290 133.0
1900300 133.0
1900310 133.0
1900320 132.9
1900330 132.9
1900340 133.0
1900350 133.1
1900360 133.1
1900370 133.2
1900380 133.3
1900390 133.3
1900400 133.3
1900410 133.2
1900420 133.2
1900430 133.2
1900440 133.2
1900450 133.2
1900460 133.1
1900470 133.1
1900480 133.1
1900490 133.1
1900500 133.0
1900510 133.0
1900520 133.0
1900530 133.0
1900540 133.0
1900550 133.0
1900560 133.0
1900570 133.0
1900580 133.0
1900590 132.9
1900600 132.9
1900610 132.8
1900620 132.7
1900630 132.7
1900640 132.7
1900650 132.8
1900660 132.8
1900670 132.8
1900680 132.9
1900690 132.9
1900700 133.1
1900710 132.9
1900720 132.9
1900730 133.1
1900740 133.1
1900750 133.1
1900760 133.1
1900770 132.9
1900780 132.9
1900790 132.9
1900800 132.9
1900810 132.9
1900820 132.8
1900830 132.8
1900840 132.8
1900850 132.8
1900860 132.9
1900870 132.9
1900880 132.9
1900890 132.9
1900900 132.9
1900910 133.0
1900920 133.0
1900930 133.0
1900940 133.1
1900950 133.0
1900960 133.0
1900970 133.0
1900980 133.1
1900990 133.1
1901000 133.1
1901010 133.2
1901020 133.2
1901030 133.2
1901040 133.2
1901050 133.2
1901060 133.1
1901070 133.0
1901080 133.0
1901090 132.9
1901100 132.9
1901110 132.9
1901120 132.8
1901130 132.8
1901140 132.8
1901150 132.7
1901160 132.7
1901170 132.7
1901180 132.7
1901190 132.8
1901200 132.8
1901210 132.9
1901220 133.0
1901230 133.0
1901240 133.0
1901250 133.0
1901260 133.0
1901270 132.9
1901280 132.8
1901290 132.8
1901300 132.8
1901310 132.8
1901320 132.8
1901330 132.8
1901340 132.8
1901350 132.8
1901360 132.8
1901370 132.9
1901380 132.9
1901390 132.8
1901400 132.8
1901410 132.8
1901420 132.7
1901430 132.7
1901440 132.7
1901450 132.7
1901460 132.8
1901470 132.8
1901480 132.9
1901490 132.9
1901500 132.9
1901510 133.0
1901520 132.9
1901530 132.9
1901540 132.9
1901550 132.9
1901560 133.0
1901570 133.0
1901580 133.0
1901590 133.0
1901600 133.0
1901610 132.9
1901620 133.0
1901630 133.0
1901640 133.0
1901650 132.9
1901660 132.9
1901670 132.9
1901680 132.9
1901690 132.9
1901700 133.0
1901710 133.1
1901720 133.1
1901730 133.3
1901740 133.4
1901750 133.4
1901760 133.2
1901770 133.1
1901780 133.1
1901790 133.0
1901800 133.0
1901810 133.0
1901820 133.0
1901830 133.0
1901840 133.0
1901850 133.1
1901860 133.0
1901870 133.0
1901880 132.9
1901890 132.9
1901900 132.9
1901910 132.9
1901920 133.0
1901930 133.0
1901940 133.0
1901950 133.2
1901960 133.2
1901970 133.2
1901980 133.2
1901990 133.2
1902000 133.2
1902010 133.2
1902020 133.2
1902030 133.2
1902040 133.2
1902050 133.2
1902060 133.2
1902070 133.2
1902080 133.2
1902090 133.2
1902100 133.2
1902110 133.2
1902120 133.3
1902130 133.2
1902140 133.2
1902150 133.2
1902160 133.2
1902170 133.2
1902180 133.2
1902190 133.1
1902200 133.2
1902210 133.1
1902220 133.1
1902230 133.1
1902240 133.2
1902250 133.4
1902260 133.4
1902270 133.4
1902280 133.3
1902290 133.3
1902300 133.3
1902310 133.2
1902320 133.2
1902330 133.2
1902340 133.2
1902350 133.2
1902360 133.2
1902370 133.2
1902380 133.2
1902390 133.2
1902400 133.2
1902410 133.2
1902420 133.2
1902430 133.2
1902440 133.2
1902450 133.3
1902460 133.3
1902470 133.3
1902480 133.2
1902490 133.2
1902500 133.2
1902510 133.1
1902520 133.1
1902530 133.1
1902540 133.2
1902550 133.5
1902560 133.5
1902570 133.7
1902580 133.6
1902590 133.6
1902600 133.4
1902610 133.3
1902620 133.3
1902630 133.2
1902640 133.1
1902650 133.1
1902660 133.0
1902670 133.0
1902680 133.0
1902690 133.1
1902700 133.2
1902710 133.2
1902720 133.2
1902730 133.1
1902740 133.1
1902750 133.1
1902760 133.1
1902770 133.1
1902780 133.2
1902790 133.2
1902800 133.2
1902810 133.2
1902820 133.2
1902830 133.2
1902840 133.2
1902850 133.2
1902860 133.2
1902870 133.1
1902880 133.1
1902890 133.0
1902900 133.0
1902910 133.0
1902920 133.0
1902930 133.0
1902940 133.0
1902950 133.1
1902960 133.1
1902970 133.1
1902980 133.1
1902990 133.1
1903000 133.2
1903010 133.2
1903020 133.2
1903030 133.1
1903040 133.1
1903050 133.1
1903060 133.1
1903070 133.1
1903080 133.1
1903090 133.0
1903100 133.0
1903110 133.0
1903120 132.9
1903130 132.9
1903140 132.9
1903150 132.9
1903160 132.9
1903170 132.9
1903180 132.8
1903190 132.8
1903200 132.8
1903210 132.7
1903220 132.7
1903230 132.7
1903240 132.7
1903250 132.7
1903260 132.7
1903270 132.7
1903280 132.7
1903290 132.7
1903300 132.7
1903310 132.8
1903320 132.8
1903330 132.8
1903340 132.8
1903350 132.8
1903360 132.7
1903370 132.8
1903380 132.8
1903390 132.8
1903400 132.8
1903410 132.8
1903420 132.7
1903430 132.7
1903440 132.7
1903450 132.7
1903460 132.7
1903470 132.7
1903480 132.8
1903490 132.8
1903500 132.8
1903510 132.9
1903520 132.9
1903530 132.9
1903540 132.9
1903550 132.9
1903560 132.9
1903570 133.0
1903580 133.0
1903590 133.0
1903600 132.9
1903610 132.9
1903620 132.9
1903630 132.9
1903640 132.9
1903650 132.9
1903660 132.9
1903670 132.9
1903680 132.9
1903690 133.0
1903700 133.0
1903710 133.0
1903720 132.9
1903730 132.9
1903740 133.0
1903750 133.0
1903760 133.0
1903770 133.0
1903780 133.1
1903790 133.1
1903800 133.1
1903810 133.1
1903820 133.1
1903830 133.1
1903840 133.1
1903850 133.2
1903860 133.2
1903870 133.2
1903880 133.2
1903890 133.2
1903900 133.2
1903910 133.3
1903920 133.3
1903930 133.3
1903940 133.4
1903950 133.4
1903960 133.4
1903970 133.5
1903980 133.5
1903990 133.6
1904000 133.6
1904010 133.6
1904020 133.7
1904030 133.8
1904040 133.8
1904050 134.0
1904060 134.1
1904070 134.1
1904080 134.1
1904090 134.1
1904100 134.1
1904110 134.2
1904120 134.2
1904130 134.2
1904140 134.2
1904150 134.1
1904160 134.1
1904170 134.1
1904180 133.9
1904190 133.9
1904200 133.8
1904210 133.8
1904220 133.8
1904230 133.8
1904240 133.8
1904250 133.8
1904260 133.8
1904270 133.7
1904280 133.6
1904290 133.6
1904300 133.4
1904310 133.3
1904320 133.3
1904330 133.2
1904340 133.2
1904350 133.2
1904360 133.2
1904370 133.2
1904380 133.2
1904390 133.2
1904400 133.1
1904410 133.1
1904420 133.0
1904430 133.0
1904440 133.0
1904450 132.8
1904460 132.7
1904470 132.7
1904480 132.6
1904490 132.6
1904500 132.6
1904510 132.5
1904520 132.6
1904530 132.6
1904540 132.6
1904550 132.7
1904560 132.7
1904570 132.7
1904580 132.8
1904590 132.8
1904600 132.8
1904610 132.9
1904620 132.9
1904630 132.9
1904640 132.9
1904650 132.9
1904660 132.9
1904670 132.8
1904680 132.8
1904690 132.9
1904700 132.8
1904710 132.8
1904720 132.8
1904730 132.9
1904740 132.9
1904750 132.9
1904760 132.9
1904770 132.9
1904780 132.8
1904790 132.8
1904800 132.8
1904810 132.8
1904820 132.8
1904830 132.8
1904840 132.9
1904850 132.9
1904860 132.9
1904870 132.8
1904880 132.9
1904890 132.9
1904900 133.0
1904910 132.9
1904920 132.9
1904930 132.9
1904940 133.0
1904950 133.0
1904960 132.9
1904970 132.9
1904980 132.9
1904990 132.9
1905000 132.9
1905010 132.9
1905020 133.0
1905030 133.1
1905040 133.1
1905050 133.3
1905060 133.4
1905070 133.4
1905080 133.3
1905090 133.2
1905100 133.2
1905110 133.2
1905120 133.3
1905130 133.3
1905140 133.3
1905150 133.3
1905160 133.3
1905170 133.3
1905180 133.3
1905190 133.3
1905200 133.3
1905210 133.3
1905220 133.3
1905230 133.1
1905240 132.9
1905250 132.9
1905260 132.5
1905270 132.3
1905280 132.4
1905290 132.3
1905300 132.2
1905310 132.2
1905320 132.1
1905330 132.1
1905340 132.1
1905350 132.1
1905360 132.0
1905370 132.0
1905380 131.9
1905390 132.0
1905400 132.0
1905410 132.0
1905420 132.0
1905430 132.0
1905440 132.1
1905450 132.2
1905460 132.2
1905470 132.2
1905480 132.3
1905490 132.3
1905500 132.4
1905510 132.5
1905520 132.5
1905530 132.6
1905540 132.9
1905550 132.9
1905560 133.1
1905570 133.2
1905580 133.3
1905590 133.3
1905600 133.2
1905610 133.2
1905620 133.2
1905630 133.2
1905640 133.1
1905650 133.1
1905660 133.1
1905670 133.1
1905680 133.1
1905690 133.1
1905700 133.1
1905710 133.1
1905720 133.1
1905730 133.1
1905740 133.1
1905750 133.0
1905760 133.0
1905770 133.0
1905780 133.0
1905790 132.9
1905800 132.9
1905810 133.0
1905820 133.0
1905830 133.0
1905840 133.1
1905850 133.2
1905860 133.2
1905870 133.1
1905880 133.0
1905890 133.1
1905900 133.0
1905910 132.9
1905920 132.9
1905930 132.9
1905940 132.9
1905950 132.9
1905960 133.0
1905970 133.0
1905980 133.0
1905990 133.0
1906000 133.0
1906010 133.0
1906020 132.9
1906030 132.9
1906040 132.9
1906050 132.8
1906060 132.8
1906070 132.8
1906080 132.8
1906090 132.7
1906100 132.7
1906110 132.7
1906120 132.8
1906130 132.8
1906140 132.8
1906150 132.7
1906160 132.7
1906170 132.8
1906180 132.8
1906190 132.8
1906200 132.8
1906210 132.8
1906220 132.8
1906230 132.9
1906240 132.9
1906250 132.9
1906260 132.9
1906270 133.0
1906280 133.0
1906290 133.0
1906300 133.1
1906310 133.1
1906320 133.1
1906330 133.1
1906340 133.1
1906350 133.1
1906360 133.0
1906370 133.0
1906380 133.0
1906390 132.9
1906400 132.9
1906410 132.9
1906420 132.8
1906430 132.8
1906440 132.8
1906450 132.8
1906460 132.8
1906470 132.8
1906480 132.7
1906490 132.7
1906500 132.8
1906510 132.8
1906520 132.8
1906530 132.9
1906540 133.0
1906550 133.0
1906560 132.9
1906570 132.8
1906580 132.8
1906590 132.8
1906600 132.9
1906610 132.9
1906620 132.9
1906630 132.9
1906640 132.9
1906650 133.0
1906660 133.0
1906670 133.0
1906680 133.0
1906690 133.0
1906700 133.0
1906710 133.1
1906720 133.1
1906730 133.1
1906740 133.2
1906750 133.2
1906760 133.2
1906770 133.1
1906780 133.1
1906790 133.1
1906800 133.1
1906810 133.1
1906820 133.1
1906830 133.1
1906840 133.1
1906850 133.1
1906860 133.1
1906870 133.2
1906880 133.2
1906890 133.4
1906900 133.2
1906910 133.1
1906920 133.1
1906930 133.0
1906940 132.9
1906950 132.9
1906960 132.8
1906970 132.7
1906980 132.7
1906990 132.7
1907000 132.7
1907010 132.7
1907020 132.8
1907030 132.8
1907040 132.8
1907050 132.8
1907060 132.8
1907070 132.8
1907080 132.9
1907090 132.9
1907100 132.9
1907110 132.9
1907120 132.9
1907130 132.9
1907140 132.9
1907150 132.9
1907160 132.9
1907170 132.9
1907180 132.9
1907190 132.9
1907200 132.8
1907210 132.8
1907220 132.8
1907230 132.8
1907240 132.8
1907250 132.8
1907260 132.9
1907270 132.8
1907280 132.8
1907290 132.8
1907300 132.8
1907310 132.8
1907320 132.7
1907330 132.7
1907340 132.7
1907350 132.7
1907360 132.7
1907370 132.7
1907380 132.8
1907390 132.7
1907400 132.7
1907410 132.7
1907420 132.7
1907430 132.7
1907440 132.7
1907450 132.8
1907460 132.8
1907470 132.8
1907480 132.8
1907490 132.8
1907500 132.7
1907510 132.7
1907520 132.7
1907530 132.7
1907540 132.6
1907550 132.6
1907560 132.6
1907570 132.6
1907580 132.6
1907590 132.6
1907600 132.6
1907610 132.6
1907620 132.6
1907630 132.6
1907640 132.6
1907650 132.7
1907660 132.7
1907670 132.7
1907680 132.7
1907690 132.8
1907700 132.8
1907710 132.8
1907720 132.7
1907730 132.8
1907740 132.8
1907750 132.8
1907760 132.8
1907770 132.7
1907780 132.8
1907790 132.8
1907800 132.9
1907810 132.9
1907820 132.9
1907830 133.0
1907840 133.0
1907850 133.0
1907860 133.0
1907870 132.9
1907880 132.9
1907890 132.8
1907900 132.8
1907910 132.8
1907920 132.8
1907930 132.8
1907940 132.8
1907950 132.9
1907960 133.0
1907970 133.0
1907980 133.0
1907990 133.0
1908000 133.0
1908010 133.0
1908020 133.0
1908030 133.0
1908040 133.0
1908050 132.9
1908060 132.9
1908070 132.9
1908080 132.9
1908090 132.9
1908100 132.9
1908110 132.9
1908120 132.9
1908130 132.8
1908140 132.8
1908150 132.8
1908160 132.8
1908170 132.8
1908180 132.8
1908190 132.9
1908200 132.9
1908210 132.9
1908220 132.9
1908230 132.9
1908240 132.9
1908250 132.9
1908260 132.9
1908270 133.0
1908280 133.0
1908290 132.9
1908300 132.9
1908310 132.9
1908320 132.9
1908330 132.9
1908340 132.9
1908350 132.9
1908360 132.9
1908370 132.9
1908380 132.9
1908390 132.9
1908400 132.9
1908410 132.9
1908420 132.9
1908430 132.9
1908440 132.8
1908450 132.9
1908460 132.9
1908470 132.9
1908480 133.0
1908490 133.0
1908500 133.0
1908510 133.1
1908520 133.1
1908530 133.1
1908540 133.2
1908550 133.2
1908560 133.1
1908570 133.4
1908580 133.4
1908590 133.0
1908600 132.4
1908610 132.4
1908620 131.5
1908630 131.0
1908640 130.8
1908650 130.7
1908660 130.6
1908670 130.6
1908680 130.6
1908690 130.8
1908700 130.8
1908710 130.9
1908720 131.1
1908730 131.1
1908740 131.2
1908750 131.2
1908760 131.2
1908770 131.3
1908780 131.3
1908790 131.3
1908800 131.3
1908810 131.4
1908820 131.4
1908830 131.4
1908840 131.4
1908850 131.4
1908860 131.3
1908870 131.2
1908880 131.2
1908890 131.1
1908900 131.0
1908910 131.0
1908920 130.8
1908930 130.8
1908940 130.8
1908950 130.6
1908960 130.5
1908970 130.5
1908980 130.5
1908990 130.6
1909000 130.6
1909010 130.4
1909020 130.2
1909030 130.2
1909040 130.3
1909050 130.5
1909060 130.5
1909070 130.8
1909080 131.0
1909090 131.0
1909100 131.3
1909110 131.4
1909120 131.4
1909130 131.3
1909140 131.3
1909150 131.3
1909160 131.2
1909170 131.1
1909180 131.1
1909190 131.3
1909200 131.5
1909210 131.5
1909220 131.6
1909230 131.7
1909240 131.7
1909250 131.6
1909260 131.6
1909270 131.6
1909280 131.5
1909290 131.5
1909300 131.5
1909310 131.7
1909320 131.7
1909330 131.7
1909340 131.5
1909350 131.4
1909360 131.4
1909370 131.4
1909380 131.4
1909390 131.4
1909400 131.4
1909410 131.6
1909420 131.6
1909430 131.7
1909440 131.8
1909450 131.8
1909460 131.9
1909470 132.0
1909480 132.0
1909490 132.0
1909500 132.0
1909510 132.0
1909520 132.0
1909530 131.8
1909540 131.8
1909550 131.5
1909560 131.2
1909570 131.2
1909580 130.9
1909590 130.8
1909600 130.8
1909610 130.9
1909620 131.0
1909630 131.2
1909640 131.2
1909650 131.2
1909660 131.2
1909670 131.2
1909680 131.4
1909690 131.4
1909700 131.4
1909710 131.4
1909720 131.4
1909730 131.4
1909740 131.5
1909750 131.5
1909760 131.5
1909770 131.3
1909780 131.3
1909790 131.3
1909800 131.3
1909810 131.4
1909820 131.4
1909830 131.4
1909840 131.6
1909850 131.6
1909860 131.8
1909870 131.8
1909880 131.8
1909890 131.9
1909900 131.8
1909910 131.8
1909920 131.7
1909930 131.6
1909940 131.6
1909950 131.5
1909960 131.4
1909970 131.4
1909980 131.3
1909990 131.3
1910000 131.3
1910010 131.3
1910020 131.2
1910030 131.2
1910040 131.2
1910050 131.2
1910060 131.2
1910070 131.3
1910080 131.5
1910090 131.5
1910100 131.7
1910110 131.8
1910120 131.8
1910130 131.7
1910140 131.4
1910150 131.4
1910160 131.3
1910170 131.2
1910180 131.2
1910190 131.2
1910200 131.3
1910210 131.3
1910310 131.7
1910320 131.6
1910330 131.6
1910340 131.6
1910350 131.6
1910360 131.6
1910370 131.7
1910380 131.7
1910390 131.8
1910400 131.7
1910410 131.7
1910420 131.6
