1900000 133.1
1900010 133.1
1900020 133.1
1900030 133.1
1900040 133.1
1900050 133.1
1900060 133.1
1900070 133.1
1900080 133.0
1900090 133.0
1900100 133.0
1900110 132.9
1900120 132.9
1900130 132.8
1900140 132.8
1900150 132.8
1900160 132.8
1900170 132.8
1900180 132.8
1900190 132.8
1900200 132.9
1900210 132.9
1900220 132.9
1900230 132.9
1900240 132.9
1900250 132.9
1900260 132.9
1900270 132.9
1900280 132.9
1900290 132.9
1900300 132.9
1900310 132.9
1900320 132.9
1900330 132.9
1900340 132.8
1900350 132.8
1900360 132.8
1900370 132.8
1900380 132.8
1900390 132.9
1900400 132.9
1900410 132.9
1900420 132.8
1900430 132.8
1900440 132.8
1900450 132.7
1900460 132.7
1900470 132.7
1900480 132.8
1900490 132.9
1900500 132.9
1900510 133.0
1900520 133.2
1900530 133.2
1900540 133.0
1900550 133.2
1900560 133.2
1900570 133.0
1900580 133.0
1900590 133.0
1900600 133.0
1900610 132.8
1900620 132.8
1900630 132.7
1900640 132.6
1900650 132.6
1900660 132.5
1900670 132.5
1900680 132.5
1900690 132.7
1900700 132.9
1900710 132.9
1900720 133.0
1900730 133.0
1900740 133.0
1900750 132.9
1900760 133.0
1900770 133.0
1900780 133.0
1900790 133.1
1900800 133.1
1900810 133.0
1900820 133.0
1900830 133.0
1900840 133.0
1900850 132.9
1900860 132.9
1900870 132.8
1900880 132.8
1900890 132.8
1900900 132.8
1900910 132.9
1900920 132.9
1900930 133.0
1900940 133.0
1900950 133.0
1900960 132.9
1900970 132.9
1900980 132.9
1900990 132.9
1901000 132.9
1901010 132.9
1901020 132.8
1901030 132.8
1901040 132.8
1901050 132.7
1901060 132.8
1901070 132.8
1901080 132.8
1901090 132.8
1901100 132.8
1901110 132.8
1901120 132.7
1901130 132.7
1901140 132.7
1901150 132.7
1901160 132.7
1901170 132.7
1901180 132.6
1901190 132.6
1901200 132.7
1901210 132.8
1901220 132.8
1901230 132.9
1901240 132.9
1901250 132.9
1901260 132.8
1901270 132.7
1901280 132.7
1901290 132.5
1901300 132.4
1901310 132.4
1901320 132.4
1901330 132.5
1901340 132.5
1901350 132.5
1901360 132.5
1901370 132.5
1901380 132.6
1901390 132.6
1901400 132.6
1901410 132.7
1901420 132.7
1901430 132.7
1901440 132.7
1901450 132.7
1901460 132.7
1901470 132.7
1901480 132.8
1901490 132.8
1901500 132.8
1901510 132.8
1901520 132.8
1901530 132.8
1901540 132.8
1901550 132.8
1901560 132.8
1901570 132.8
1901580 132.8
1901590 132.8
1901600 132.8
1901610 132.8
1901620 132.9
1901630 133.1
1901640 133.1
1901650 133.1
1901660 133.2
1901670 133.1
1901680 133.1
1901690 133.0
1901700 133.0
1901710 133.0
1901720 132.9
1901730 132.8
1901740 132.8
1901750 132.8
1901760 132.8
1901770 132.8
1901780 132.9
1901790 132.9
1901800 132.9
1901810 132.9
1901820 132.9
1901830 132.9
1901840 132.9
1901850 132.9
1901860 132.9
1901870 132.9
1901880 132.8
1901890 132.8
1901900 132.9
1901910 133.0
1901920 133.0
1901930 133.0
1901940 133.2
1901950 133.2
1901960 133.3
1901970 133.1
1901980 133.1
1901990 132.9
1902000 132.8
1902010 132.8
1902020 132.8
1902030 132.8
1902040 132.8
1902050 133.0
1902060 133.0
1902070 133.0
1902080 133.1
1902090 133.2
1902100 133.2
1902110 133.1
1902120 133.0
1902130 133.0
1902140 133.0
1902150 133.1
1902160 133.1
1902170 133.1
1902180 133.1
1902190 133.1
1902200 133.1
1902210 133.0
1902220 133.0
1902230 133.0
1902240 133.1
1902250 133.1
1902260 133.1
1902270 133.2
1902280 133.2
1902290 133.2
1902300 133.2
1902310 133.2
1902320 133.1
1902330 133.1
1902340 133.1
1902350 133.0
1902360 132.9
1902370 132.9
1902380 133.0
1902390 133.0
1902400 133.0
1902410 133.1
1902420 133.1
1902430 133.1
1902440 133.1
1902450 133.1
1902460 133.1
1902470 133.1
1902480 133.1
1902490 133.1
1902500 133.1
1902510 133.1
1902520 133.1
1902530 133.0
1902540 132.9
1902550 132.9
1902560 133.0
1902570 133.0
1902580 133.0
1902590 133.0
1902600 133.0
1902610 133.1
1902620 133.1
1902630 133.1
1902640 133.1
1902650 133.1
1902660 133.0
1902670 133.0
1902680 133.0
1902690 133.0
1902700 133.0
1902710 133.0
1902720 133.0
1902730 133.0
1902740 132.9
1902750 132.9
1902760 132.9
1902770 132.9
1902780 132.9
1902790 132.9
1902800 133.0
1902810 133.0
1902820 133.0
1902830 133.1
1902840 133.2
1902850 133.2
1902860 133.5
1902870 133.6
1902880 133.6
1902890 133.5
1902900 133.3
1902910 133.3
1902920 133.0
1902930 133.0
1902940 133.0
1902950 132.9
1902960 132.9
1902970 132.8
1902980 132.8
1902990 132.9
1903000 132.9
1903010 132.9
1903020 132.8
1903030 132.9
1903040 132.9
1903050 132.9
1903060 132.9
1903070 132.9
1903080 132.9
1903090 132.9
1903100 132.9
1903110 132.9
1903120 132.8
1903130 132.8
1903140 132.8
1903150 132.8
1903160 132.8
1903170 132.8
1903180 132.7
1903190 132.7
1903200 132.7
1903210 132.7
1903220 132.7
1903230 132.7
1903240 132.7
1903250 132.7
1903260 132.8
1903270 132.8
1903280 132.8
1903290 132.8
1903300 132.7
1903310 132.7
1903320 132.7
1903330 132.8
1903340 132.8
1903350 132.8
1903360 132.7
1903370 132.7
1903380 132.7
1903390 132.7
1903400 132.7
1903410 132.7
1903420 132.8
1903430 132.8
1903440 132.8
1903450 132.8
1903460 132.8
1903470 132.8
1903480 132.7
1903490 132.7
1903500 132.7
1903510 132.8
1903520 132.8
1903530 132.9
1903540 132.9
1903550 132.9
1903560 132.9
1903570 132.9
1903580 132.9
1903590 132.8
1903600 132.8
1903610 132.8
1903620 132.9
1903630 132.9
1903640 132.9
1903650 132.9
1903660 132.8
1903670 132.8
1903680 132.9
1903690 132.9
1903700 132.9
1903710 132.8
1903720 132.8
1903730 132.8
1903740 132.8
1903750 132.7
1903760 132.7
1903770 132.7
1903780 132.7
1903790 132.7
1903800 132.6
1903810 132.6
1903820 132.6
1903830 132.6
1903840 132.6
1903850 132.7
1903860 132.7
1903870 132.8
1903880 132.8
1903890 132.8
1903900 132.8
1903910 132.8
1903920 132.8
1903930 132.8
1903940 132.8
1903950 132.8
1903960 132.7
1903970 132.7
1903980 132.7
1903990 132.7
1904000 132.7
1904010 132.7
1904020 132.8
1904030 132.8
1904040 132.8
1904050 132.8
1904060 132.8
1904070 132.9
1904080 133.0
1904090 133.0
1904100 133.0
1904110 133.1
1904120 133.1
1904130 133.2
1904140 133.2
1904150 133.3
1904160 133.2
1904170 133.2
1904180 133.2
1904190 133.3
1904200 133.3
1904210 133.3
1904220 133.3
1904230 133.4
1904240 133.4
1904250 133.3
1904260 133.3
1904270 133.3
1904280 133.3
1904290 133.3
1904300 133.3
1904310 133.3
1904320 133.2
1904330 133.1
1904340 133.1
1904350 132.9
1904360 132.8
1904370 132.8
1904380 132.7
1904390 132.6
1904400 132.6
1904410 132.5
1904420 132.5
1904430 132.5
1904440 132.5
1904450 132.4
1904460 132.5
1904470 132.4
1904480 132.3
1904490 132.3
1904500 132.3
1904510 132.4
1904520 132.4
1904530 132.6
1904540 132.9
1904550 132.9
1904560 133.2
1904570 133.4
1904580 133.4
1904590 133.5
1904600 133.5
1904610 133.5
1904620 133.5
1904630 133.4
1904640 133.4
1904650 133.5
1904660 133.6
1904670 133.6
1904680 133.6
1904690 133.5
1904700 133.5
1904710 133.4
1904720 133.3
1904730 133.3
1904740 133.3
1904750 133.2
1904760 133.2
1904770 133.2
1904780 133.2
1904790 133.2
1904800 133.2
1904810 133.2
1904820 133.2
1904830 133.2
1904840 133.0
1904850 133.0
1904860 133.1
1904870 133.1
1904880 133.1
1904890 133.0
1904900 133.1
1904910 133.1
1904920 133.1
1904930 133.1
1904940 133.1
1904950 133.1
1904960 133.1
1904970 133.1
1904980 133.1
1904990 133.1
1905000 133.1
1905010 133.2
1905020 133.2
1905030 133.2
1905040 133.2
1905050 133.2
1905060 133.2
1905070 133.2
1905080 133.2
1905090 133.2
1905100 133.2
1905110 133.2
1905120 133.2
1905130 133.1
1905140 133.1
1905150 133.1
1905160 133.1
1905170 133.1
1905180 133.1
1905190 133.0
1905200 132.9
1905210 132.9
1905220 132.8
1905230 132.6
1905240 132.6
1905250 132.5
1905260 132.4
1905270 132.4
1905280 132.3
1905290 132.3
1905300 132.3
1905310 132.3
1905320 132.3
1905330 132.3
1905340 132.3
1905350 132.3
1905360 132.3
1905370 132.1
1905380 132.0
1905390 132.0
1905400 131.9
1905410 131.9
1905420 131.9
1905430 131.8
1905440 131.8
1905450 131.8
1905460 131.8
1905470 131.7
1905480 131.7
1905490 131.7
1905500 131.7
1905510 131.7
1905520 131.7
1905530 131.8
1905540 131.8
1905550 131.9
1905560 131.9
1905570 131.9
1905580 132.0
1905590 132.1
1905600 132.1
1905610 132.1
1905620 132.2
1905630 132.3
1905640 132.3
1905650 132.3
1905660 132.5
1905670 132.5
1905680 132.6
1905690 132.8
1905700 132.8
1905710 132.8
1905720 132.9
1905730 132.9
1905740 132.9
1905750 132.9
1905760 132.9
1905770 132.9
1905780 132.9
1905790 132.9
1905800 132.9
1905810 132.9
1905820 132.9
1905830 132.9
1905840 133.0
1905850 133.0
1905860 133.0
1905870 133.0
1905880 133.0
1905890 133.0
1905900 133.0
1905910 133.0
1905920 132.9
1905930 133.0
1905940 133.0
1905950 133.0
1905960 132.9
1905970 132.9
1905980 133.0
1905990 132.9
1906000 132.9
1906010 132.9
1906020 132.8
1906030 132.8
1906040 132.8
1906050 132.8
1906060 132.8
1906070 132.8
1906080 132.8
1906090 132.8
1906100 132.8
1906110 132.7
1906120 132.7
1906130 132.7
1906140 132.6
1906150 132.6
1906160 132.5
1906170 132.5
1906180 132.5
1906190 132.5
1906200 132.5
1906210 132.5
1906220 132.6
1906230 132.7
1906240 132.7
1906250 132.8
1906260 132.9
1906270 132.9
1906280 133.1
1906290 133.2
1906300 133.2
1906310 133.2
1906320 133.1
1906330 133.1
1906340 133.0
1906350 132.9
1906360 132.9
1906370 133.0
1906380 133.0
1906390 133.0
1906400 133.0
1906410 133.0
1906420 133.0
1906430 133.0
1906440 133.0
1906450 133.0
1906460 132.9
1906470 132.9
1906480 132.9
1906490 132.9
1906500 132.9
1906510 132.9
1906520 132.9
1906530 132.8
1906540 132.8
1906550 132.8
1906560 132.8
1906570 132.8
1906580 132.8
1906590 132.8
1906600 132.8
1906610 132.8
1906620 132.9
1906630 132.9
1906640 132.9
1906650 132.9
1906660 132.9
1906670 132.9
1906680 133.0
1906690 133.0
1906700 133.0
1906710 132.9
1906720 132.9
1906730 132.9
1906740 132.9
1906750 132.9
1906760 132.9
1906770 132.9
1906780 132.9
1906790 132.9
1906800 132.9
1906810 132.9
1906820 132.9
1906830 132.8
1906840 132.8
1906850 132.9
1906860 133.0
1906870 133.0
1906880 133.0
1906890 133.0
1906900 133.0
1906910 133.0
1906920 133.0
1906930 133.0
1906940 133.0
1906950 132.9
1906960 132.9
1906970 132.9
1906980 132.9
1906990 132.9
1907000 132.9
1907010 132.9
1907020 132.9
1907030 132.9
1907040 133.0
1907050 132.8
1907060 132.8
1907070 132.8
1907080 132.7
1907090 132.7
1907100 132.6
1907110 132.7
1907120 132.7
1907130 132.7
1907140 132.7
1907150 132.7
1907160 132.7
1907170 132.7
1907180 132.7
1907190 132.7
1907200 132.7
1907210 132.7
1907220 132.7
1907230 132.7
1907240 132.7
1907250 132.7
1907260 132.7
1907270 132.7
1907280 132.7
1907290 132.8
1907300 132.8
1907310 132.8
1907320 132.7
1907330 132.7
1907340 132.8
1907350 132.8
1907360 132.8
1907370 132.8
1907380 132.7
1907390 132.7
1907400 132.6
1907410 132.6
1907420 132.6
1907430 132.5
1907440 132.5
1907450 132.5
1907460 132.6
1907470 132.6
1907480 132.6
1907490 132.6
1907500 132.6
1907510 132.6
1907520 132.6
1907530 132.5
1907540 132.5
1907550 132.6
1907560 132.6
1907570 132.6
1907580 132.6
1907590 132.6
1907600 132.6
1907610 132.7
1907620 132.6
1907630 132.6
1907640 132.5
1907650 132.5
1907660 132.5
1907670 132.4
1907680 132.4
1907690 132.4
1907700 132.3
1907710 132.4
1907720 132.4
1907730 132.4
1907740 132.5
1907750 132.5
1907760 132.5
1907770 132.6
1907780 132.6
1907790 132.6
1907800 132.6
1907810 132.6
1907820 132.6
1907830 132.6
1907840 132.6
1907850 132.5
1907860 132.5
1907870 132.5
1907880 132.5
1907890 132.5
1907900 132.5
1907910 132.6
1907920 132.6
1907930 132.6
1907940 132.7
1907950 132.7
1907960 132.7
1907970 132.7
1907980 132.8
1907990 132.8
1908000 132.7
1908010 132.7
1908020 132.7
1908030 132.7
1908040 132.7
1908050 132.7
1908060 132.6
1908070 132.6
1908080 132.6
1908090 132.6
1908100 132.6
1908110 132.6
1908120 132.6
1908130 132.6
1908140 132.6
1908150 132.6
1908160 132.6
1908170 132.6
1908180 132.6
1908190 132.6
1908200 132.6
1908210 132.6
1908220 132.6
1908230 132.6
1908240 132.6
1908250 132.7
1908260 132.7
1908270 132.8
1908280 132.8
1908290 132.8
1908300 132.9
1908310 132.8
1908320 132.8
1908330 132.8
1908340 132.8
1908350 132.9
1908360 132.9
1908370 132.8
1908380 132.9
1908390 132.9
1908400 132.9
1908410 132.9
1908420 132.9
1908430 132.9
1908440 132.8
1908450 132.8
1908460 132.8
1908470 132.8
1908480 132.8
1908490 132.7
1908500 132.7
1908510 132.7
1908520 132.7
1908530 132.8
1908540 132.8
1908550 132.8
1908560 132.9
1908570 132.9
1908580 132.9
1908590 132.8
1908600 132.8
1908610 132.8
1908620 132.9
1908630 132.9
1908640 132.9
1908650 132.9
1908660 132.9
1908670 132.9
1908680 133.1
1908690 133.1
1908700 133.1
1908710 132.2
1908720 132.2
1908730 131.6
1908740 131.1
1908750 131.0
1908760 130.8
1908770 130.8
1908780 130.8
1908790 130.9
1908800 130.9
1908810 130.9
1908820 131.1
1908830 131.1
1908840 131.1
1908850 131.1
1908860 131.1
1908870 131.1
1908880 131.3
1908890 131.4
1908900 131.4
1908910 131.4
1908920 131.4
1908930 131.4
1908940 131.4
1908950 131.4
1908960 131.4
1908970 131.4
1908980 131.4
1908990 131.4
1909000 131.4
1909010 131.4
1909020 131.4
1909030 131.4
1909040 131.3
1909050 131.3
1909060 131.2
1909070 131.1
1909080 131.1
1909090 131.0
1909100 130.8
1909110 130.8
1909120 130.7
1909130 130.6
1909140 130.6
1909150 130.5
1909160 130.4
1909170 130.4
1909180 130.5
1909190 130.5
1909200 130.5
1909210 130.2
1909220 130.0
1909230 130.0
1909240 130.0
1909250 130.1
1909260 130.1
1909270 130.5
1909280 131.0
1909290 131.0
1909300 131.4
1909310 131.6
1909320 131.6
1909330 131.6
1909340 131.5
1909350 131.5
1909360 131.5
1909370 131.5
1909380 131.5
1909390 131.4
1909400 131.5
1909410 131.5
1909420 131.4
1909430 131.4
1909440 131.4
1909450 131.6
1909460 131.6
1909470 131.6
1909480 131.7
1909490 131.7
1909500 131.7
1909510 131.6
1909520 131.5
1909530 131.5
1909540 131.4
1909550 131.3
1909560 131.3
1909570 131.2
1909580 131.1
1909590 131.1
1909600 131.0
1909610 130.9
1909620 130.9
1909630 130.8
1909640 130.8
1909650 130.8
1909660 131.0
1909670 131.0
1909680 131.1
1909690 131.1
1909700 131.1
1909710 131.2
1909720 131.2
1909730 131.3
1909740 131.3
1909750 131.3
1909760 131.2
1909770 131.2
1909780 131.2
1909790 131.1
1909800 131.1
1909810 131.1
1909820 131.1
1909830 131.2
1909840 131.2
1909850 131.3
1909860 131.3
1909870 131.3
1909880 131.4
1909890 131.5
1909900 131.5
1909910 131.4
1909920 131.3
1909930 131.3
1909940 131.2
1909950 131.2
1909960 131.2
1909970 131.2
1909980 131.3
1909990 131.3
1910000 131.4
1910010 131.5
1910020 131.5
1910030 131.6
1910040 131.6
1910050 131.6
1910060 131.6
1910070 131.5
1910080 131.5
1910090 131.5
1910100 131.5
1910110 131.5
1910120 131.5
1910130 131.3
1910140 131.3
1910150 131.1
1910160 131.1
1910170 131.1
1910270 131.4
1910280 131.5
1910290 131.5
1910300 131.5
1910310 131.5
1910320 131.5
1910330 131.5
1910340 131.6
1910350 131.6
1910360 131.6
1910370 131.6
1910380 131.4
1910390 131.3
1910400 131.3
1910410 131.3
1910420 131.3
1910430 131.3
