1900000 133.1
1900010 133.1
1900020 133.0
1900030 133.0
1900040 133.0
1900050 133.0
1900060 133.0
1900070 133.0
1900080 133.2
1900090 133.2
1900100 133.2
1900110 133.2
1900120 133.0
1900130 133.0
1900140 132.9
1900150 132.9
1900160 132.9
1900170 132.9
1900180 132.9
1900190 132.9
1900200 133.0
1900210 133.1
1900220 133.1
1900230 133.2
1900240 133.3
1900250 133.3
1900260 133.3
1900270 133.4
1900280 133.4
1900290 133.4
1900300 133.5
1900310 133.5
1900320 133.5
1900330 133.5
1900340 133.5
1900350 133.4
1900360 133.4
1900370 133.4
1900380 133.4
1900390 133.4
1900400 133.4
1900410 133.4
1900420 133.4
1900430 133.4
1900440 133.4
1900450 133.3
1900460 133.3
1900470 133.3
1900480 133.3
1900490 133.3
1900500 133.3
1900510 133.3
1900520 133.3
1900530 133.3
1900540 133.4
1900550 133.4
1900560 133.3
1900570 133.3
1900580 133.3
1900590 133.3
1900600 133.3
1900610 133.3
1900620 133.3
1900630 133.2
1900640 133.2
1900650 133.2
1900660 133.2
1900670 133.2
1900680 133.2
1900690 133.1
1900700 133.1
1900710 133.1
1900720 133.1
1900730 133.1
1900740 133.1
1900750 133.1
1900760 133.1
1900770 133.2
1900780 133.2
1900790 133.2
1900800 133.2
1900810 133.2
1900820 133.2
1900830 133.2
1900840 133.2
1900850 133.3
1900860 133.3
1900870 133.4
1900880 133.5
1900890 133.5
1900900 133.5
1900910 133.4
1900920 133.4
1900930 133.3
1900940 133.2
1900950 133.2
1900960 133.1
1900970 133.1
1900980 133.1
1900990 133.1
1901000 133.1
1901010 133.1
1901020 133.2
1901030 133.2
1901040 133.2
1901050 133.2
1901060 133.3
1901070 133.3
1901080 133.3
1901090 133.3
1901100 133.3
1901110 133.4
1901120 133.5
1901130 133.5
1901140 133.6
1901150 133.7
1901160 133.7
1901170 133.7
1901180 133.7
1901190 133.7
1901200 133.9
1901210 134.0
1901220 134.0
1901230 133.8
1901240 133.7
1901250 133.7
1901260 133.6
1901270 133.6
1901280 133.6
1901290 133.6
1901300 133.5
1901310 133.5
1901320 133.5
1901330 133.5
1901340 133.5
1901350 133.7
1901360 133.5
1901370 133.5
1901380 133.8
1901390 133.6
1901400 133.6
1901410 133.6
1901420 133.5
1901430 133.5
1901440 133.7
1901450 133.6
1901460 133.8
1901470 133.8
1901480 133.7
1901490 133.7
1901500 133.7
1901510 133.8
1901520 133.8
1901530 133.8
1901540 133.8
1901550 133.8
1901560 133.8
1901570 133.8
1901580 133.8
1901590 133.8
1901600 133.9
1901610 133.9
1901620 134.0
1901630 133.9
1901640 133.9
1901650 133.9
1901660 133.9
1901670 133.9
1901680 133.8
1901690 133.9
1901700 133.9
1901710 133.9
1901720 134.0
1901730 134.0
1901740 133.9
1901750 133.9
1901760 133.9
1901770 133.9
1901780 133.8
1901790 133.8
1901800 133.7
1901810 133.7
1901820 133.7
1901830 133.6
1901840 133.6
1901850 133.6
1901860 133.6
1901870 133.6
1901880 133.6
1901890 133.6
1901900 133.6
1901910 133.6
1901920 133.7
1901930 133.8
1901940 133.8
1901950 134.0
1901960 134.4
1901970 134.4
1901980 134.3
1901990 134.1
1902000 134.1
1902010 133.8
1902020 133.6
1902030 133.6
1902040 133.4
1902050 133.4
1902060 133.4
1902070 133.4
1902080 133.5
1902090 133.5
1902100 133.6
1902110 133.6
1902120 133.6
1902130 133.5
1902140 133.5
1902150 133.5
1902160 133.5
1902170 133.5
1902180 133.6
1902190 133.6
1902200 133.5
1902210 133.5
1902220 133.5
1902230 133.5
1902240 133.6
1902250 133.6
1902260 133.5
1902270 133.5
1902280 133.5
1902290 133.5
1902300 133.6
1902310 133.6
1902320 133.5
1902330 133.5
1902340 133.5
1902350 133.4
1902360 133.5
1902370 133.5
1902380 133.4
1902390 133.4
1902400 133.4
1902410 133.5
1902420 133.5
1902430 133.5
1902440 133.5
1902450 133.5
1902460 133.5
1902470 133.5
1902480 133.5
1902490 133.5
1902500 133.5
1902510 133.5
1902520 133.5
1902530 133.5
1902540 133.5
1902550 133.5
1902560 133.5
1902570 133.4
1902580 133.4
1902590 133.5
1902600 133.6
1902610 133.6
1902620 133.6
1902630 133.7
1902640 133.7
1902650 133.6
1902660 133.5
1902670 133.5
1902680 133.4
1902690 133.3
1902700 133.3
1902710 133.4
1902720 133.5
1902730 133.5
1902740 133.5
1902750 133.5
1902760 133.5
1902770 133.5
1902780 133.4
1902790 133.4
1902800 133.4
1902810 133.5
1902820 133.5
1902830 133.5
1902840 133.6
1902850 133.6
1902860 133.6
1902870 133.6
1902880 133.6
1902890 133.6
1902900 133.6
1902910 133.6
1902920 133.5
1902930 133.5
1902940 133.5
1902950 133.6
1902960 133.7
1902970 133.7
1902980 133.6
1902990 133.6
1903000 133.6
1903010 133.7
1903020 133.7
1903030 133.7
1903040 133.7
1903050 133.7
1903060 133.7
1903070 133.8
1903080 133.8
1903090 133.8
1903100 133.9
1903110 134.1
1903120 134.1
1903130 134.0
1903140 133.8
1903150 133.8
1903160 133.7
1903170 133.6
1903180 133.6
1903190 133.6
1903200 133.6
1903210 133.6
1903220 133.7
1903230 133.8
1903240 133.8
1903250 133.9
1903260 134.1
1903270 134.1
1903280 134.2
1903290 134.2
1903300 134.2
1903310 134.3
1903320 134.2
1903330 134.2
1903340 134.3
1903350 134.4
1903360 134.4
1903370 134.5
1903380 134.6
1903390 134.6
1903400 134.6
1903410 134.5
1903420 134.5
1903430 134.4
1903440 134.2
1903450 134.2
1903460 133.9
1903470 133.6
1903480 133.6
1903490 133.4
1903500 133.2
1903510 133.0
1903520 133.0
1903530 132.8
1903540 132.8
1903550 132.8
1903560 132.7
1903570 132.6
1903580 132.6
1903590 132.7
1903600 132.7
1903610 132.7
1903620 132.7
1903630 132.7
1903640 132.7
1903650 132.7
1903660 132.7
1903670 132.7
1903680 132.7
1903690 132.7
1903700 132.7
1903710 132.8
1903720 132.9
1903730 132.9
1903740 133.0
1903750 132.9
1903760 132.9
1903770 132.9
1903780 132.9
1903790 132.9
1903800 132.9
1903810 133.0
1903820 133.0
1903830 133.1
1903840 133.2
1903850 133.2
1903860 133.3
1903870 133.5
1903880 133.5
1903890 133.6
1903900 133.6
1903910 133.6
1903920 133.6
1903930 133.6
1903940 133.6
1903950 133.6
1903960 133.5
1903970 133.5
1903980 133.5
1903990 133.5
1904000 133.5
1904010 133.5
1904020 133.4
1904030 133.4
1904040 133.4
1904050 133.3
1904060 133.3
1904070 133.3
1904080 133.2
1904090 133.2
1904100 133.2
1904110 133.1
1904120 133.1
1904130 133.1
1904140 133.1
1904150 133.1
1904160 133.2
1904170 133.2
1904180 133.2
1904190 133.2
1904200 133.1
1904210 133.1
1904220 133.1
1904230 133.1
1904240 133.1
1904250 133.1
1904260 133.1
1904270 133.1
1904280 133.0
1904290 133.1
1904300 133.1
1904310 133.0
1904320 133.0
1904330 133.0
1904340 133.0
1904350 133.0
1904360 133.0
1904370 133.0
1904380 133.0
1904390 133.0
1904400 133.0
1904410 133.0
1904420 133.0
1904430 133.0
1904440 132.9
1904450 132.9
1904460 133.0
1904470 133.1
1904480 133.1
1904490 133.1
1904500 133.1
1904510 133.1
1904520 133.2
1904530 133.2
1904540 133.2
1904550 133.2
1904560 133.2
1904570 133.2
1904580 133.3
1904590 133.3
1904600 133.3
1904610 133.3
1904620 133.3
1904630 133.3
1904640 133.3
1904650 133.3
1904660 133.3
1904670 133.3
1904680 133.3
1904690 133.3
1904700 133.3
1904710 133.2
1904720 133.2
1904730 133.2
1904740 133.2
1904750 133.2
1904760 133.2
1904770 133.2
1904780 133.2
1904790 133.2
1904800 133.3
1904810 133.3
1904820 133.3
1904830 133.3
1904840 133.3
1904850 133.3
1904860 133.2
1904870 133.2
1904880 133.2
1904890 133.3
1904900 133.2
1904910 133.2
1904920 133.2
1904930 133.2
1904940 133.2
1904950 133.2
1904960 133.2
1904970 133.2
1904980 133.2
1904990 133.3
1905000 133.3
1905010 133.3
1905020 133.3
1905030 133.3
1905040 133.3
1905050 133.3
1905060 133.3
1905070 133.2
1905080 133.1
1905090 133.1
1905100 133.1
1905110 133.2
1905120 133.2
1905130 133.2
1905140 133.2
1905150 133.2
1905160 133.3
1905170 133.5
1905180 133.5
1905190 133.4
1905200 133.4
1905210 133.4
1905220 133.4
1905230 133.5
1905240 133.5
1905250 133.4
1905260 133.4
1905270 133.4
1905280 133.5
1905290 133.5
1905300 133.5
1905310 133.4
1905320 133.4
1905330 133.4
1905340 133.4
1905350 133.4
1905360 133.4
1905370 133.4
1905380 133.3
1905390 133.3
1905400 133.2
1905410 133.1
1905420 133.1
1905430 133.0
1905440 132.8
1905450 132.8
1905460 132.4
1905470 132.4
1905480 132.4
1905490 132.2
1905500 132.1
1905510 132.1
1905520 132.0
1905530 131.9
1905540 131.9
1905550 131.9
1905560 131.8
1905570 131.8
1905580 131.9
1905590 131.9
1905600 131.9
1905610 132.0
1905620 132.0
1905630 132.0
1905640 132.1
1905650 132.1
1905660 132.1
1905670 132.2
1905680 132.3
1905690 132.3
1905700 132.3
1905710 132.3
1905720 132.3
1905730 132.6
1905740 133.0
1905750 133.0
1905760 133.3
1905770 133.4
1905780 133.4
1905790 133.5
1905800 133.7
1905810 133.7
1905820 133.7
1905830 133.7
1905840 133.7
1905850 133.6
1905860 133.6
1905870 133.6
1905880 133.6
1905890 133.5
1905900 133.5
1905910 133.4
1905920 133.4
1905930 133.4
1905940 133.5
1905950 133.5
1905960 133.5
1905970 133.5
1905980 133.4
1905990 133.4
1906000 133.3
1906010 133.3
1906020 133.3
1906030 133.3
1906040 133.3
1906050 133.3
1906060 133.3
1906070 133.2
1906080 133.2
1906090 133.2
1906100 133.2
1906110 133.2
1906120 133.3
1906130 133.3
1906140 133.3
1906150 133.4
1906160 133.4
1906170 133.4
1906180 133.6
1906190 133.3
1906200 133.3
1906210 132.9
1906220 132.8
1906230 132.8
1906240 132.8
1906250 132.8
1906260 132.8
1906270 132.8
1906280 132.9
1906290 132.8
1906300 132.8
1906310 132.7
1906320 132.7
1906330 132.7
1906340 132.6
1906350 132.5
1906360 132.5
1906370 132.4
1906380 132.4
1906390 132.4
1906400 132.5
1906410 132.7
1906420 132.7
1906430 133.0
1906440 133.4
1906450 133.4
1906460 133.6
1906470 133.8
1906480 133.8
1906490 133.8
1906500 133.9
1906510 133.9
1906520 133.8
1906530 133.7
1906540 133.7
1906550 133.7
1906560 133.8
1906570 133.8
1906580 133.8
1906590 133.9
1906600 133.9
1906610 133.8
1906620 133.8
1906630 133.8
1906640 133.7
1906650 133.7
1906660 133.7
1906670 133.6
1906680 133.6
1906690 133.6
1906700 133.5
1906710 133.5
1906720 133.5
1906730 133.6
1906740 133.6
1906750 133.6
1906760 133.6
1906770 133.6
1906780 133.6
1906790 133.5
1906800 133.4
1906810 133.4
1906820 133.4
1906830 133.5
1906840 133.5
1906850 133.6
1906860 133.7
1906870 133.7
1906880 133.7
1906890 133.7
1906900 133.7
1906910 133.8
1906920 133.7
1906930 133.7
1906940 133.6
1906950 133.5
1906960 133.5
1906970 133.4
1906980 133.4
1906990 133.4
1907000 133.4
1907010 133.1
1907020 133.1
1907030 133.1
1907040 133.2
1907050 133.2
1907060 133.3
1907070 133.3
1907080 133.3
1907090 133.3
1907100 133.3
1907110 133.3
1907120 133.2
1907130 133.2
1907140 133.2
1907150 133.2
1907160 133.2
1907170 133.2
1907180 133.3
1907190 133.3
1907200 133.3
1907210 133.4
1907220 133.4
1907230 133.4
1907240 133.3
1907250 133.3
1907260 133.3
1907270 133.3
1907280 133.3
1907290 133.3
1907300 133.3
1907310 133.4
1907320 133.4
1907330 133.3
1907340 133.4
1907350 133.4
1907360 133.4
1907370 133.4
1907380 133.4
1907390 133.3
1907400 133.4
1907410 133.4
1907420 133.5
1907430 133.5
1907440 133.5
1907450 133.4
1907460 133.4
1907470 133.4
1907480 133.4
1907490 133.4
1907500 133.4
1907510 133.3
1907520 133.3
1907530 133.3
1907540 133.2
1907550 133.3
1907560 133.3
1907570 133.4
1907580 133.4
1907590 133.4
1907600 133.4
1907610 133.3
1907620 133.2
1907630 133.1
1907640 133.0
1907650 132.9
1907660 132.9
1907670 132.9
1907680 132.9
1907690 132.9
1907700 132.9
1907710 132.9
1907720 132.9
1907730 132.9
1907740 132.9
1907750 132.9
1907760 133.0
1907770 133.1
1907780 133.1
1907790 133.1
1907800 133.2
1907810 133.2
1907820 133.2
1907830 133.5
1907840 133.5
1907850 133.7
1907860 133.8
1907870 133.8
1907880 133.9
1907890 134.0
1907900 134.0
1907910 134.1
1907920 134.2
1907930 134.2
1907940 134.3
1907950 134.4
1907960 134.4
1907970 134.3
1907980 134.1
1907990 134.1
1908000 134.0
1908010 133.9
1908020 133.9
1908030 133.8
1908040 133.7
1908050 133.7
1908060 133.6
1908070 133.5
1908080 133.5
1908090 133.3
1908100 133.1
1908110 133.1
1908120 132.9
1908130 132.9
1908140 132.9
1908150 132.9
1908160 132.7
1908170 132.7
1908180 132.6
1908190 132.7
1908200 132.7
1908210 132.7
1908220 132.6
1908230 132.6
1908240 132.3
1908250 131.8
1908260 131.8
1908270 131.3
1908280 131.0
1908290 131.0
1908300 130.9
1908310 131.0
1908320 131.0
1908330 131.1
1908340 131.3
1908350 131.3
1908360 131.4
1908370 131.4
1908380 131.4
1908390 131.4
1908400 131.4
1908410 131.4
1908420 131.4
1908430 131.4
1908440 131.4
1908450 131.3
1908460 131.3
1908470 131.3
1908480 131.4
1908490 131.3
1908500 131.3
1908510 131.3
1908520 131.2
1908530 131.3
1908540 131.2
1908550 131.1
1908560 131.1
1908570 131.2
1908580 131.2
1908590 131.2
1908600 131.2
1908610 131.2
1908620 131.2
1908630 131.3
1908640 131.3
1908650 131.3
1908660 131.3
1908670 131.3
1908680 131.3
1908690 131.4
1908700 131.4
1908710 131.4
1908720 131.4
1908730 131.5
1908740 131.5
1908750 131.5
1908760 131.5
1908770 131.5
1908780 131.5
1908790 131.5
1908800 131.5
1908810 131.6
1908820 131.7
1908830 131.7
1908840 131.6
1908850 131.7
1908860 131.7
1908870 131.7
1908880 131.7
1908890 131.7
1908900 131.6
1908910 131.6
1908920 131.6
1908930 131.6
1908940 131.6
1908950 131.6
1908960 131.5
1908970 131.6
1908980 131.6
1908990 131.6
1909000 131.6
1909010 131.6
1909020 131.7
1909030 131.7
1909040 131.7
1909050 131.7
1909060 131.6
1909070 131.5
1909080 131.5
1909090 131.6
1909100 131.5
1909110 131.5
1909120 131.4
1909130 131.4
1909140 131.5
1909150 131.5
1909160 131.5
1909170 131.5
1909180 131.5
1909190 131.5
1909200 131.5
1909210 131.5
1909220 131.4
1909230 131.4
1909240 131.4
1909250 131.4
1909260 131.4
1909270 131.4
1909280 131.4
1909290 131.4
1909300 131.4
1909310 131.4
1909320 131.4
1909330 131.5
1909340 131.5
1909350 131.5
1909360 131.6
1909370 131.5
1909380 131.5
1909390 131.4
1909400 131.4
1909410 131.4
1909420 131.4
1909430 131.5
1909440 131.5
1909450 131.6
1909460 131.7
1909470 131.7
1909480 131.7
1909490 131.7
1909500 131.7
1909510 131.6
1909520 131.4
1909530 131.4
1909540 131.2
1909550 130.9
1909560 130.9
1909570 130.7
1909580 130.5
1909590 130.5
1909600 130.5
1909610 130.6
1909620 130.6
1909630 130.9
1909640 131.3
1909650 131.3
1909660 131.7
1909670 132.0
1909680 132.0
1909690 132.1
1909700 132.1
1909710 132.1
1909720 132.2
1909730 132.2
1909740 132.2
1909750 132.2
1909760 132.1
1909770 132.1
1909780 132.1
1909790 132.0
1909800 132.0
1909810 131.9
1909820 131.8
1909830 131.8
1909840 131.6
1909850 131.5
1909860 131.5
1909870 131.5
1909880 131.6
1909890 131.6
