1900000 132.9
1900010 132.9
1900020 133.0
1900030 133.0
1900040 133.0
1900050 133.0
1900060 132.9
1900070 132.9
1900080 132.9
1900090 132.9
1900100 132.9
1900110 133.0
1900120 133.0
1900130 133.0
1900140 133.0
1900150 133.0
1900160 133.0
1900170 133.1
1900180 133.2
1900190 133.2
1900200 133.2
1900210 133.1
1900220 133.1
1900230 133.0
1900240 133.0
1900250 133.0
1900260 133.0
1900270 133.0
1900280 133.0
1900290 133.1
1900300 133.1
1900310 133.1
1900320 133.1
1900330 133.2
1900340 133.2
1900350 133.2
1900360 133.3
1900370 133.3
1900380 133.2
1900390 133.2
1900400 133.2
1900410 133.2
1900420 133.2
1900430 133.2
1900440 133.2
1900450 133.2
1900460 133.2
1900470 133.2
1900480 133.3
1900490 133.3
1900500 133.4
1900510 133.4
1900520 133.4
1900530 133.4
1900540 133.3
1900550 133.3
1900560 133.1
1900570 133.0
1900580 133.0
1900590 133.0
1900600 133.1
1900610 133.1
1900620 133.0
1900630 133.1
1900640 133.1
1900650 133.0
1900660 133.0
1900670 133.0
1900680 132.9
1900690 132.8
1900700 132.8
1900710 132.8
1900720 132.9
1900730 132.9
1900740 132.9
1900750 132.9
1900760 132.9
1900770 132.8
1900780 132.8
1900790 132.8
1900800 132.8
1900810 132.9
1900820 132.9
1900830 133.0
1900840 133.2
1900850 133.2
1900860 133.0
1900870 133.0
1900880 133.0
1900890 133.1
1900900 133.1
1900910 133.1
1900920 133.0
1900930 133.0
1900940 133.0
1900950 132.9
1900960 132.9
1900970 132.9
1900980 132.9
1900990 132.8
1901000 132.8
1901010 132.8
1901020 132.8
1901030 132.8
1901040 132.9
1901050 132.9
1901060 132.9
1901070 132.9
1901080 132.9
1901090 132.9
1901100 132.9
1901110 132.9
1901120 132.9
1901130 132.9
1901140 132.9
1901150 132.9
1901160 133.0
1901170 133.0
1901180 133.0
1901190 133.0
1901200 132.9
1901210 132.8
1901220 132.8
1901230 132.8
1901240 132.8
1901250 132.8
1901260 132.8
1901270 132.8
1901280 132.8
1901290 132.8
1901300 132.9
1901310 132.9
1901320 132.9
1901330 132.9
1901340 132.9
1901350 132.9
1901360 133.0
1901370 133.0
1901380 132.9
1901390 132.9
1901400 132.9
1901410 132.9
1901420 133.0
1901430 133.0
1901440 133.0
1901450 133.0
1901460 133.0
1901470 133.0
1901480 133.0
1901490 133.0
1901500 133.1
1901510 133.2
1901520 133.2
1901530 133.2
1901540 133.2
1901550 133.2
1901560 133.3
1901570 133.3
1901580 133.2
1901590 133.1
1901600 133.1
1901610 133.1
1901620 133.1
1901630 133.2
1901640 133.2
1901650 133.2
1901660 133.2
1901670 133.2
1901680 133.1
1901690 133.1
1901700 133.1
1901710 133.1
1901720 133.1
1901730 133.1
1901740 133.1
1901750 133.1
1901760 133.1
1901770 133.2
1901780 133.3
1901790 133.3
1901800 133.2
1901810 133.2
1901820 133.2
1901830 133.2
1901840 133.3
1901850 133.3
1901860 133.3
1901870 133.3
1901880 133.3
1901890 133.3
1901900 133.3
1901910 133.3
1901920 133.3
1901930 133.3
1901940 133.3
1901950 133.2
1901960 133.2
1901970 133.2
1901980 133.2
1901990 133.3
1902000 133.3
1902010 133.4
1902020 133.3
1902030 133.3
1902040 133.3
1902050 133.3
1902060 133.3
1902070 133.3
1902080 133.3
1902090 133.3
1902100 133.2
1902110 133.2
1902120 133.2
1902130 133.2
1902140 133.2
1902150 133.2
1902160 133.2
1902170 133.2
1902180 133.2
1902190 133.2
1902200 133.2
1902210 133.2
1902220 133.2
1902230 133.2
1902240 133.2
1902250 133.3
1902260 133.3
1902270 133.3
1902280 133.3
1902290 133.2
1902300 133.2
1902310 133.1
1902320 133.1
1902330 133.1
1902340 133.1
1902350 133.0
1902360 133.0
1902370 133.0
1902380 133.0
1902390 133.0
1902400 133.2
1902410 133.6
1902420 133.6
1902430 134.0
1902440 133.7
1902450 133.7
1902460 133.5
1902470 133.3
1902480 133.3
1902490 133.2
1902500 133.3
1902510 133.3
1902520 133.3
1902530 133.2
1902540 133.2
1902550 133.2
1902560 133.3
1902570 133.3
1902580 133.3
1902590 133.3
1902600 133.2
1902610 133.2
1902620 133.2
1902630 133.2
1902640 133.2
1902650 133.2
1902660 133.2
1902670 133.2
1902680 133.1
1902690 133.1
1902700 133.1
1902710 133.1
1902720 133.1
1902730 133.1
1902740 133.1
1902750 133.1
1902760 133.1
1902770 133.1
1902780 133.1
1902790 133.1
1902800 133.1
1902810 133.0
1902820 133.0
1902830 133.0
1902840 133.0
1902850 133.0
1902860 133.0
1902870 133.0
1902880 133.0
1902890 133.0
1902900 133.0
1902910 133.0
1902920 133.1
1902930 133.1
1902940 133.1
1902950 133.0
1902960 133.0
1902970 133.0
1902980 133.0
1902990 133.1
1903000 133.1
1903010 133.1
1903020 133.1
1903030 133.1
1903040 133.3
1903050 133.1
1903060 133.1
1903070 133.0
1903080 132.9
1903090 132.9
1903100 132.8
1903110 132.8
1903120 132.8
1903130 132.8
1903140 132.8
1903150 132.8
1903160 132.8
1903170 132.8
1903180 132.8
1903190 132.8
1903200 132.9
1903210 132.9
1903220 133.0
1903230 133.0
1903240 133.0
1903250 133.0
1903260 133.0
1903270 133.0
1903280 133.0
1903290 133.0
1903300 133.0
1903310 133.0
1903320 133.0
1903330 133.0
1903340 133.0
1903350 133.0
1903360 133.0
1903370 132.9
1903380 132.9
1903390 132.9
1903400 132.9
1903410 132.8
1903420 132.8
1903430 132.9
1903440 132.9
1903450 132.9
1903460 132.9
1903470 133.0
1903480 133.0
1903490 133.0
1903500 132.9
1903510 132.9
1903520 132.9
1903530 132.9
1903540 132.9
1903550 132.9
1903560 133.0
1903570 133.0
1903580 133.0
1903590 133.0
1903600 133.0
1903610 133.2
1903620 133.3
1903630 133.3
1903640 133.4
1903650 133.5
1903660 133.5
1903670 133.6
1903680 133.7
1903690 133.7
1903700 133.8
1903710 133.8
1903720 133.8
1903730 133.9
1903740 134.2
1903750 134.2
1903760 134.3
1903770 134.4
1903780 134.4
1903790 134.5
1903800 134.6
1903810 134.6
1903820 134.6
1903830 134.6
1903840 134.6
1903850 134.6
1903860 134.6
1903870 134.6
1903880 134.7
1903890 134.6
1903900 134.7
1903910 134.7
1903920 134.6
1903930 134.5
1903940 134.5
1903950 134.5
1903960 134.5
1903970 134.5
1903980 134.5
1903990 134.5
1904000 134.5
1904010 134.5
1904020 134.5
1904030 134.5
1904040 134.6
1904050 134.5
1904060 134.5
1904070 134.6
1904080 134.6
1904090 134.6
1904100 134.5
1904110 134.5
1904120 134.5
1904130 134.6
1904140 134.6
1904150 134.6
1904160 134.5
1904170 134.3
1904180 134.3
1904190 134.2
1904200 134.0
1904210 134.0
1904220 133.9
1904230 133.8
1904240 133.8
1904250 133.7
1904260 133.6
1904270 133.6
1904280 133.4
1904290 133.3
1904300 133.3
1904310 133.3
1904320 133.2
1904330 133.2
1904340 133.1
1904350 133.1
1904360 133.1
1904370 133.1
1904380 133.1
1904390 133.1
1904400 133.0
1904410 133.0
1904420 133.0
1904430 132.9
1904440 132.8
1904450 132.8
1904460 132.8
1904470 132.8
1904480 132.8
1904490 132.7
1904500 132.6
1904510 132.6
1904520 132.6
1904530 132.7
1904540 132.7
1904550 132.7
1904560 132.7
1904570 132.7
1904580 132.8
1904590 132.8
1904600 132.8
1904610 132.8
1904620 132.9
1904630 132.9
1904640 132.9
1904650 132.9
1904660 132.9
1904670 132.9
1904680 132.9
1904690 132.9
1904700 132.9
1904710 132.9
1904720 132.9
1904730 132.9
1904740 132.9
1904750 132.9
1904760 133.0
1904770 133.0
1904780 133.0
1904790 132.9
1904800 132.9
1904810 132.9
1904820 133.0
1904830 133.1
1904840 133.1
1904850 133.1
1904860 132.9
1904870 132.9
1904880 133.0
1904890 133.0
1904900 133.0
1904910 133.0
1904920 133.0
1904930 133.0
1904940 133.0
1904950 133.0
1904960 133.0
1904970 133.0
1904980 133.1
1904990 133.1
1905000 133.1
1905010 133.0
1905020 133.0
1905030 132.9
1905040 133.0
1905050 133.0
1905060 133.1
1905070 133.0
1905080 133.0
1905090 132.9
1905100 133.0
1905110 133.0
1905120 133.1
1905130 133.2
1905140 133.2
1905150 133.2
1905160 133.2
1905170 133.2
1905180 133.3
1905190 133.3
1905200 133.3
1905210 133.3
1905220 133.3
1905230 133.2
1905240 133.2
1905250 133.2
1905260 133.0
1905270 133.0
1905280 132.8
1905290 132.5
1905300 132.5
1905310 132.3
1905320 132.2
1905330 132.2
1905340 132.1
1905350 132.0
1905360 132.0
1905370 131.9
1905380 131.9
1905390 131.9
1905400 131.9
1905410 132.1
1905420 132.1
1905430 132.2
1905440 132.2
1905450 132.2
1905460 132.2
1905470 132.2
1905480 132.2
1905490 132.2
1905500 132.2
1905510 132.2
1905520 132.3
1905530 132.4
1905540 132.4
1905550 132.8
1905560 133.0
1905570 133.0
1905580 133.2
1905590 133.3
1905600 133.3
1905610 133.4
1905620 133.4
1905630 133.4
1905640 133.4
1905650 133.4
1905660 133.4
1905670 133.4
1905680 133.3
1905690 133.3
1905700 133.3
1905710 133.3
1905720 133.3
1905730 133.3
1905740 133.2
1905750 133.2
1905760 133.3
1905770 133.3
1905780 133.3
1905790 133.4
1905800 133.3
1905810 133.3
1905820 133.2
1905830 133.2
1905840 133.2
1905850 133.2
1905860 133.2
1905870 133.2
1905880 133.2
1905890 133.2
1905900 133.2
1905910 133.2
1905920 133.1
1905930 133.1
1905940 133.1
1905950 133.0
1905960 133.0
1905970 132.9
1905980 132.9
1905990 132.9
1906000 132.9
1906010 132.8
1906020 132.8
1906030 132.9
1906040 132.9
1906050 132.9
1906060 132.9
1906070 132.9
1906080 132.9
1906090 132.8
1906100 132.8
1906110 132.8
1906120 132.8
1906130 132.8
1906140 132.8
1906150 132.9
1906160 132.9
1906170 132.9
1906180 132.9
1906190 133.0
1906200 132.9
1906210 132.9
1906220 132.9
1906230 132.9
1906240 132.9
1906250 132.9
1906260 132.9
1906270 132.9
1906280 132.9
1906290 132.9
1906300 133.0
1906310 133.0
1906320 133.0
1906330 133.0
1906340 133.0
1906350 133.0
1906360 132.9
1906370 132.9
1906380 132.9
1906390 132.9
1906400 132.9
1906410 132.9
1906420 132.8
1906430 132.8
1906440 132.8
1906450 132.8
1906460 132.8
1906470 132.8
1906480 132.8
1906490 132.9
1906500 132.9
1906510 132.9
1906520 132.9
1906530 132.9
1906540 132.8
1906550 132.8
1906560 132.8
1906570 132.8
1906580 132.9
1906590 133.0
1906600 133.0
1906610 133.1
1906620 133.1
1906630 133.1
1906640 133.2
1906650 133.2
1906660 133.2
1906670 133.3
1906680 133.3
1906690 133.3
1906700 133.3
1906710 133.5
1906720 133.5
1906730 133.5
1906740 133.3
1906750 133.3
1906760 133.1
1906770 133.0
1906780 133.0
1906790 133.0
1906800 133.0
1906810 133.0
1906820 133.0
1906830 133.0
1906840 133.0
1906850 133.0
1906860 133.1
1906870 133.1
1906880 133.1
1906890 133.1
1906900 133.1
1906910 133.1
1906920 133.1
1906930 133.1
1906940 133.1
1906950 133.1
1906960 133.1
1906970 133.1
1906980 133.0
1906990 133.0
1907000 133.0
1907010 133.0
1907020 133.0
1907030 133.0
1907040 133.0
1907050 133.0
1907060 133.0
1907070 133.0
1907080 133.0
1907090 132.9
1907100 133.0
1907110 133.0
1907120 133.0
1907130 133.1
1907140 133.1
1907150 133.0
1907160 133.0
1907170 133.0
1907180 133.0
1907190 133.0
1907200 133.0
1907210 132.9
1907220 132.9
1907230 132.9
1907240 132.9
1907250 132.8
1907260 132.8
1907270 132.8
1907280 132.8
1907290 132.8
1907300 132.9
1907310 133.0
1907320 133.0
1907330 133.0
1907340 133.0
1907350 133.0
1907360 133.0
1907370 132.9
1907380 132.9
1907390 132.9
1907400 132.9
1907410 132.9
1907420 132.9
1907430 132.8
1907440 132.8
1907450 132.8
1907460 132.9
1907470 132.9
1907480 132.9
1907490 132.9
1907500 132.9
1907510 132.9
1907520 132.9
1907530 132.9
1907540 132.8
1907550 132.9
1907560 132.9
1907570 132.9
1907580 132.9
1907590 132.9
1907600 133.0
1907610 133.0
1907620 133.0
1907630 133.0
1907640 133.0
1907650 133.0
1907660 133.0
1907670 133.0
1907680 133.0
1907690 133.0
1907700 133.0
1907710 133.0
1907720 133.0
1907730 133.0
1907740 133.0
1907750 133.0
1907760 133.0
1907770 133.0
1907780 133.0
1907790 133.1
1907800 133.1
1907810 133.1
1907820 133.1
1907830 133.1
1907840 133.1
1907850 133.1
1907860 133.1
1907870 133.1
1907880 133.1
1907890 133.1
1907900 133.1
1907910 133.1
1907920 133.1
1907930 133.1
1907940 133.2
1907950 133.1
1907960 133.1
1907970 133.1
1907980 133.1
1907990 133.1
1908000 133.1
1908010 133.1
1908020 133.1
1908030 133.1
1908040 133.0
1908050 133.0
1908060 133.0
1908070 133.0
1908080 133.0
1908090 133.0
1908100 133.0
1908110 133.0
1908120 133.0
1908130 133.0
1908140 133.0
1908150 133.0
1908160 133.0
1908170 133.0
1908180 133.1
1908190 133.2
1908200 133.2
1908210 133.4
1908220 133.6
1908230 133.6
1908240 133.6
1908250 133.5
1908260 133.5
1908270 133.4
1908280 133.3
1908290 133.3
1908300 133.3
1908310 133.3
1908320 133.3
1908330 133.2
1908340 133.4
1908350 133.4
1908360 133.3
1908370 133.2
1908380 133.2
1908390 133.2
1908400 133.2
1908410 133.2
1908420 133.2
1908430 133.2
1908440 133.2
1908450 133.2
1908460 133.3
1908470 133.3
1908480 133.2
1908490 132.2
1908500 132.2
1908510 131.2
1908520 130.7
1908530 130.7
1908540 130.6
1908550 130.6
1908560 130.6
1908570 130.6
1908580 130.7
1908590 130.7
1908600 130.8
1908610 130.9
1908620 130.9
1908630 130.9
1908640 131.1
1908650 131.1
1908660 131.2
1908670 131.3
1908680 131.3
1908690 131.2
1908700 131.2
1908710 131.2
1908720 131.3
1908730 131.2
1908740 131.2
1908750 131.2
1908760 131.3
1908770 131.3
1908780 131.4
1908790 131.5
1908800 131.5
1908810 131.6
1908820 131.6
1908830 131.6
1908840 131.3
1908850 130.8
1908860 130.8
1908870 130.4
1908880 130.2
1908890 130.2
1908900 130.2
1908910 130.3
1908920 130.3
1908930 130.4
1908940 130.6
1908950 130.6
1908960 130.8
1908970 131.0
1908980 131.0
1908990 131.1
1909000 131.2
1909010 131.2
1909020 131.4
1909030 131.6
1909040 131.6
1909050 131.6
1909060 131.7
1909070 131.7
1909080 131.6
1909090 131.5
1909100 131.5
1909110 131.5
1909120 131.5
1909130 131.5
1909140 131.6
1909150 131.7
1909160 131.7
1909170 131.8
1909180 131.8
1909190 131.8
1909200 131.7
1909210 131.7
1909220 131.7
1909230 131.7
1909240 131.6
1909250 131.6
1909260 131.7
1909270 131.7
1909280 131.7
1909290 131.7
1909300 131.7
1909310 131.7
1909320 131.7
1909330 131.7
1909340 131.6
1909350 131.6
1909360 131.7
1909370 131.6
1909380 131.6
1909390 131.6
1909400 131.6
1909410 131.6
1909420 131.6
1909430 131.6
1909440 131.6
1909450 131.7
1909460 131.6
1909470 131.6
1909480 131.6
1909490 131.6
1909500 131.6
1909510 131.5
1909520 131.4
1909530 131.4
1909540 131.3
1909550 131.2
1909560 131.2
1909570 131.1
1909580 131.0
1909590 131.0
1909600 130.9
1909610 130.9
1909620 130.9
1909630 130.9
1909640 131.0
1909650 131.0
1909660 131.1
1909670 131.3
1909680 131.3
1909690 131.5
1909700 131.6
1909710 131.6
1909720 131.7
1909730 131.7
1909740 131.7
1909750 131.7
1909760 131.6
1909770 131.6
1909780 131.6
1909790 131.7
1909800 131.7
1909810 131.9
1909820 132.0
1909830 132.0
1909840 132.1
1909850 132.0
1909860 132.1
1909870 131.8
1909880 131.6
1909890 131.6
1909900 131.5
1909910 131.5
1909920 131.5
1909930 131.5
1909940 131.6
1909950 131.6
1909960 131.6
1909970 131.7
1909980 131.7
1909990 131.7
1910000 131.6
1910010 131.6
1910020 131.6
1910030 131.6
1910040 131.6
1910050 131.6
1910060 131.7
1910070 131.7
1910080 131.7
1910090 131.7
1910100 131.7
1910110 131.7
1910120 131.7
1910130 131.7
1910140 131.5
1910150 131.4
1910160 131.4
1910170 131.3
1910180 131.2
1910190 131.2
1910200 131.2
1910210 131.3
1910220 131.3
1910230 131.4
1910240 131.5
1910250 131.5
1910260 131.6
1910270 131.7
1910280 131.7
