1900000 133.2
1900010 133.1
1900020 133.1
1900030 133.1
1900040 133.1
1900050 133.1
1900060 133.1
1900070 133.1
1900080 133.1
1900090 133.1
1900100 133.0
1900110 133.0
1900120 133.0
1900130 133.0
1900140 132.9
1900150 132.9
1900160 132.9
1900170 132.9
1900180 132.9
1900190 133.0
1900200 132.9
1900210 132.9
1900220 132.9
1900230 132.9
1900240 132.9
1900250 132.9
1900260 132.9
1900270 132.9
1900280 132.9
1900290 132.9
1900300 132.9
1900310 133.0
1900320 133.0
1900330 133.0
1900340 133.0
1900350 133.1
1900360 133.1
1900370 133.1
1900380 133.2
1900390 133.2
1900400 133.2
1900410 133.2
1900420 133.2
1900430 133.2
1900440 133.3
1900450 133.3
1900460 133.3
1900470 133.2
1900480 133.2
1900490 133.2
1900500 133.2
1900510 133.2
1900520 133.2
1900530 133.2
1900540 133.3
1900550 133.3
1900560 133.3
1900570 133.3
1900580 133.3
1900590 133.3
1900600 133.3
1900610 133.3
1900620 133.3
1900630 133.3
1900640 133.3
1900650 133.3
1900660 133.4
1900670 133.4
1900680 133.4
1900690 133.3
1900700 133.3
1900710 133.3
1900720 133.2
1900730 133.2
1900740 133.2
1900750 133.1
1900760 133.1
1900770 133.1
1900780 133.1
1900790 133.1
1900800 133.2
1900810 133.2
1900820 133.2
1900830 133.2
1900840 133.1
1900850 133.2
1900860 133.1
1900870 133.0
1900880 133.0
1900890 133.1
1900900 133.1
1900910 133.1
1900920 133.0
1900930 133.0
1900940 133.0
1900950 132.9
1900960 132.8
1900970 132.8
1900980 132.8
1900990 132.9
1901000 132.9
1901010 132.9
1901020 132.9
1901030 132.9
1901040 133.0
1901050 132.9
1901060 132.9
1901070 132.8
1901080 132.8
1901090 132.8
1901100 132.9
1901110 133.0
1901120 133.0
1901130 133.2
1901140 133.5
1901150 133.5
1901160 133.6
1901170 133.3
1901180 133.3
1901190 133.8
1901200 133.5
1901210 133.5
1901220 133.3
1901230 133.2
1901240 133.2
1901250 133.2
1901260 133.2
1901270 133.2
1901280 133.2
1901290 133.3
1901300 133.3
1901310 133.3
1901320 133.2
1901330 133.2
1901340 133.2
1901350 133.2
1901360 133.2
1901370 133.1
1901380 133.1
1901390 133.1
1901400 133.2
1901410 133.2
1901420 133.2
1901430 133.2
1901440 133.2
1901450 133.2
1901460 133.1
1901470 133.2
1901480 133.2
1901490 133.3
1901500 133.3
1901510 133.3
1901520 133.3
1901530 133.3
1901540 133.3
1901550 133.3
1901560 133.4
1901570 133.4
1901580 133.5
1901590 133.5
1901600 133.5
1901610 133.6
1901620 133.6
1901630 133.6
1901640 133.5
1901650 133.5
1901660 133.5
1901670 133.4
1901680 133.4
1901690 133.4
1901700 133.4
1901710 133.4
1901720 133.4
1901730 133.4
1901740 133.5
1901750 133.5
1901760 133.5
1901770 133.5
1901780 133.5
1901790 133.5
1901800 133.5
1901810 133.5
1901820 133.5
1901830 133.5
1901840 133.5
1901850 133.5
1901860 133.5
1901870 133.6
1901880 133.6
1901890 133.6
1901900 133.6
1901910 133.6
1901920 133.6
1901930 133.6
1901940 133.6
1901950 133.7
1901960 133.6
1901970 133.6
1901980 133.6
1901990 133.6
1902000 133.6
1902010 133.6
1902020 133.6
1902030 133.6
1902040 133.6
1902050 133.7
1902060 133.7
1902070 133.6
1902080 133.5
1902090 133.5
1902100 133.5
1902110 133.4
1902120 133.4
1902130 133.3
1902140 133.4
1902150 133.4
1902160 133.5
1902170 133.6
1902180 133.6
1902190 133.8
1902200 134.0
1902210 134.0
1902220 134.2
1902230 133.8
1902240 133.8
1902250 133.5
1902260 133.3
1902270 133.3
1902280 133.3
1902290 133.4
1902300 133.4
1902310 133.4
1902320 133.5
1902330 133.5
1902340 133.5
1902350 133.5
1902360 133.5
1902370 133.5
1902380 133.5
1902390 133.5
1902400 133.6
1902410 133.6
1902420 133.6
1902430 133.7
1902440 133.6
1902450 133.6
1902460 133.5
1902470 133.5
1902480 133.5
1902490 133.5
1902500 133.5
1902510 133.5
1902520 133.4
1902530 133.4
1902540 133.4
1902550 133.4
1902560 133.4
1902570 133.4
1902580 133.4
1902590 133.4
1902600 133.4
1902610 133.3
1902620 133.2
1902630 133.2
1902640 133.2
1902650 133.2
1902660 133.2
1902670 133.2
1902680 133.3
1902690 133.3
1902700 133.3
1902710 133.3
1902720 133.3
1902730 133.3
1902740 133.3
1902750 133.3
1902760 133.2
1902770 133.2
1902780 133.2
1902790 133.2
1902800 133.2
1902810 133.2
1902820 133.3
1902830 133.5
1902840 133.5
1902850 133.4
1902860 133.3
1902870 133.3
1902880 133.2
1902890 133.2
1902900 133.2
1902910 133.2
1902920 133.1
1902930 133.1
1902940 133.1
1902950 133.1
1902960 133.1
1902970 133.2
1902980 133.2
1902990 133.2
1903000 133.2
1903010 133.3
1903020 133.3
1903030 133.3
1903040 133.2
1903050 133.2
1903060 133.3
1903070 133.3
1903080 133.3
1903090 133.3
1903100 133.3
1903110 133.2
1903120 133.2
1903130 133.2
1903140 133.2
1903150 133.2
1903160 133.3
1903170 133.3
1903180 133.3
1903190 133.3
1903200 133.3
1903210 133.3
1903220 133.4
1903230 133.4
1903240 133.4
1903250 133.3
1903260 133.3
1903270 133.3
1903280 133.3
1903290 133.3
1903300 133.3
1903310 133.4
1903320 133.5
1903330 133.5
1903340 133.6
1903350 133.6
1903360 133.6
1903370 133.4
1903380 133.2
1903390 133.2
1903400 133.0
1903410 132.9
1903420 132.9
1903430 132.9
1903440 132.9
1903450 132.9
1903460 132.8
1903470 132.6
1903480 132.6
1903490 132.6
1903500 132.4
1903510 132.4
1903520 132.3
1903530 132.3
1903540 132.3
1903550 132.3
1903560 132.3
1903570 132.3
1903580 132.4
1903590 132.4
1903600 132.4
1903610 132.5
1903620 132.5
1903630 132.5
1903640 132.5
1903650 132.4
1903660 132.4
1903670 132.4
1903680 132.4
1903690 132.4
1903700 132.5
1903710 132.5
1903720 132.5
1903730 132.5
1903740 132.6
1903750 132.6
1903760 132.7
1903770 132.8
1903780 132.8
1903790 132.8
1903800 132.8
1903810 132.8
1903820 132.8
1903830 132.8
1903840 132.8
1903850 132.8
1903860 132.9
1903870 132.9
1903880 133.1
1903890 133.4
1903900 133.4
1903910 133.8
1903920 134.0
1903930 134.0
1903940 134.0
1903950 134.0
1903960 134.0
1903970 133.9
1903980 133.9
1903990 133.9
1904000 133.8
1904010 133.8
1904020 133.8
1904030 133.8
1904040 133.7
1904050 133.7
1904060 133.6
1904070 133.5
1904080 133.5
1904090 133.5
1904100 133.5
1904110 133.5
1904120 133.6
1904130 133.6
1904140 133.6
1904150 133.7
1904160 133.6
1904170 133.6
1904180 133.5
1904190 133.4
1904200 133.4
1904210 133.3
1904220 133.3
1904230 133.3
1904240 133.2
1904250 133.2
1904260 133.2
1904270 133.2
1904280 133.2
1904290 133.2
1904300 133.2
1904310 133.1
1904320 133.1
1904330 133.3
1904340 133.4
1904350 133.4
1904360 133.5
1904370 133.2
1904380 133.2
1904390 133.2
1904400 133.1
1904410 133.1
1904420 133.1
1904430 133.1
1904440 133.1
1904450 133.1
1904460 133.1
1904470 133.0
1904480 133.0
1904490 133.0
1904500 132.9
1904510 132.9
1904520 132.8
1904530 132.7
1904540 132.7
1904550 132.7
1904560 132.7
1904570 132.7
1904580 132.7
1904590 132.8
1904600 132.8
1904610 132.8
1904620 132.8
1904630 132.8
1904640 132.9
1904650 132.9
1904660 132.9
1904670 133.0
1904680 133.0
1904690 133.0
1904700 133.1
1904710 133.1
1904720 133.1
1904730 133.1
1904740 133.1
1904750 133.1
1904760 133.2
1904770 133.2
1904780 133.2
1904790 133.2
1904800 133.2
1904810 133.2
1904820 133.1
1904830 133.1
1904840 133.1
1904850 133.1
1904860 133.1
1904870 133.1
1904880 133.1
1904890 133.1
1904900 133.1
1904910 133.0
1904920 133.0
1904930 133.0
1904940 133.1
1904950 133.1
1904960 133.1
1904970 133.1
1904980 133.1
1904990 133.1
1905000 133.1
1905010 133.1
1905020 133.1
1905030 133.1
1905040 133.1
1905050 133.1
1905060 133.2
1905070 133.2
1905080 133.2
1905090 133.2
1905100 133.2
1905110 133.2
1905120 133.1
1905130 133.2
1905140 133.2
1905150 133.2
1905160 133.2
1905170 133.2
1905180 133.2
1905190 133.1
1905200 133.1
1905210 133.1
1905220 133.0
1905230 133.0
1905240 133.0
1905250 133.0
1905260 133.0
1905270 132.9
1905280 132.9
1905290 132.9
1905300 132.9
1905310 132.9
1905320 132.9
1905330 132.9
1905340 132.9
1905350 132.9
1905360 132.9
1905370 132.8
1905380 132.8
1905390 132.6
1905400 132.5
1905410 132.5
1905420 132.3
1905430 132.0
1905440 132.0
1905450 132.1
1905460 132.1
1905470 132.1
1905480 132.1
1905490 131.9
1905500 131.9
1905510 131.8
1905520 131.9
1905530 131.9
1905540 131.9
1905550 131.9
1905560 131.9
1905570 131.9
1905580 132.0
1905590 132.0
1905600 132.2
1905610 132.3
1905620 132.3
1905630 132.6
1905640 132.8
1905650 132.8
1905660 133.0
1905670 133.2
1905680 133.2
1905690 133.4
1905700 133.4
1905710 133.4
1905720 133.5
1905730 133.5
1905740 133.5
1905750 133.5
1905760 133.5
1905770 133.5
1905780 133.5
1905790 133.5
1905800 133.5
1905810 133.5
1905820 133.5
1905830 133.7
1905840 133.7
1905850 133.7
1905860 133.6
1905870 133.6
1905880 133.6
1905890 133.5
1905900 133.5
1905910 133.5
1905920 133.3
1905930 133.3
1905940 133.2
1905950 133.2
1905960 133.2
1905970 133.2
1905980 133.2
1905990 133.2
1906000 133.2
1906010 133.3
1906020 133.3
1906030 133.3
1906040 133.2
1906050 133.2
1906060 133.2
1906070 133.1
1906080 133.1
1906090 133.0
1906100 133.0
1906110 133.0
1906120 132.9
1906130 132.9
1906140 132.9
1906150 132.9
1906160 132.9
1906170 132.9
1906180 132.9
1906190 132.9
1906200 132.9
1906210 132.9
1906220 132.9
1906230 132.9
1906240 132.9
1906250 132.9
1906260 132.9
1906270 132.9
1906280 132.9
1906290 132.9
1906300 132.9
1906310 132.9
1906320 132.9
1906330 133.0
1906340 133.1
1906350 133.1
1906360 133.1
1906370 133.4
1906380 133.4
1906390 133.8
1906400 133.6
1906410 133.6
1906420 133.3
1906430 133.2
1906440 133.2
1906450 133.3
1906460 133.3
1906470 133.3
1906480 133.4
1906490 133.5
1906500 133.5
1906510 133.5
1906520 133.5
1906530 133.5
1906540 133.5
1906550 133.4
1906560 133.4
1906570 133.4
1906580 133.3
1906590 133.3
1906600 133.4
1906610 133.4
1906620 133.4
1906630 133.4
1906640 133.3
1906650 133.3
1906660 133.2
1906670 133.3
1906680 133.3
1906690 133.3
1906700 133.3
1906710 133.3
1906720 133.4
1906730 133.5
1906740 133.5
1906750 133.5
1906760 133.3
1906770 133.3
1906780 133.2
1906790 133.3
1906800 133.3
1906810 133.3
1906820 133.3
1906830 133.3
1906840 133.3
1906850 133.2
1906860 133.2
1906870 133.2
1906880 133.2
1906890 133.2
1906900 133.3
1906910 133.3
1906920 133.3
1906930 133.3
1906940 133.3
1906950 133.3
1906960 133.3
1906970 133.3
1906980 133.3
1906990 133.3
1907000 133.3
1907010 133.3
1907020 133.3
1907030 133.3
1907040 133.3
1907050 133.3
1907060 133.3
1907070 133.3
1907080 133.3
1907090 133.3
1907100 133.3
1907110 133.2
1907120 133.2
1907130 133.2
1907140 133.3
1907150 133.3
1907160 133.2
1907170 133.2
1907180 133.2
1907190 133.2
1907200 133.2
1907210 133.2
1907220 133.2
1907230 133.2
1907240 133.2
1907250 133.2
1907260 133.2
1907270 133.1
1907280 133.1
1907290 133.1
1907300 133.0
1907310 133.0
1907320 133.0
1907330 133.0
1907340 133.1
1907350 133.1
1907360 133.1
1907370 133.2
1907380 133.2
1907390 133.2
1907400 133.2
1907410 133.2
1907420 133.2
1907430 133.3
1907440 133.3
1907450 133.3
1907460 133.3
1907470 133.3
1907480 133.3
1907490 133.3
1907500 133.3
1907510 133.2
1907520 133.2
1907530 133.2
1907540 133.2
1907550 133.1
1907560 133.1
1907570 133.1
1907580 133.2
1907590 133.2
1907600 133.1
1907610 133.2
1907620 133.1
1907630 133.2
1907640 133.2
1907650 133.2
1907660 133.2
1907670 133.2
1907680 133.2
1907690 133.2
1907700 133.2
1907710 133.2
1907720 133.3
1907730 133.3
1907740 133.3
1907750 133.3
1907760 133.3
1907770 133.3
1907780 133.2
1907790 133.2
1907800 133.2
1907810 133.2
1907820 133.3
1907830 133.3
1907840 133.5
1907850 133.7
1907860 133.7
1907870 133.4
1907880 133.2
1907890 133.2
1907900 132.9
1907910 132.8
1907920 132.8
1907930 132.8
1907940 132.7
1907950 132.7
1907960 132.6
1907970 132.5
1907980 132.5
1907990 132.4
1908000 132.4
1908010 132.4
1908020 132.4
1908030 132.4
1908040 132.4
1908050 132.3
1908060 132.3
1908070 132.3
1908080 132.2
1908090 132.2
1908100 132.2
1908110 132.1
1908120 132.2
1908130 132.2
1908140 132.2
1908150 132.2
1908160 132.2
1908170 132.2
1908180 132.3
1908190 132.3
1908200 132.4
1908210 132.4
1908220 132.4
1908230 132.5
1908240 132.6
1908250 132.6
1908260 132.5
1908270 132.5
1908280 132.5
1908290 132.5
1908300 132.2
1908310 132.2
1908320 131.8
1908330 131.1
1908340 131.1
1908350 130.5
1908360 130.1
1908370 130.1
1908380 130.1
1908390 130.2
1908400 130.2
1908410 130.4
1908420 130.7
1908430 130.7
1908440 130.9
1908450 131.1
1908460 131.1
1908470 131.1
1908480 131.1
1908490 131.1
1908500 131.1
1908510 131.0
1908520 131.0
1908530 131.0
1908540 131.0
1908550 131.0
1908560 131.0
1908570 131.1
1908580 131.2
1908590 131.2
1908600 131.2
1908610 131.3
1908620 131.3
1908630 131.4
1908640 131.4
1908650 131.4
1908660 131.4
1908670 131.4
1908680 131.4
1908690 131.4
1908700 131.4
1908710 131.4
1908720 131.6
1908730 131.6
1908740 131.6
1908750 131.7
1908760 131.6
1908770 131.6
1908780 131.4
1908790 131.3
1908800 131.3
1908810 131.2
1908820 131.2
1908830 131.2
1908840 131.2
1908850 131.4
1908860 131.4
1908870 131.5
1908880 131.7
1908890 131.7
1908900 131.6
1908910 131.4
1908920 131.4
1908930 131.0
1908940 130.7
1908950 130.7
1908960 130.5
1908970 130.5
1908980 130.5
1908990 130.6
1909000 130.8
1909010 130.8
1909020 131.1
1909030 131.2
1909040 131.2
1909050 131.3
1909060 131.3
1909070 131.3
1909080 131.3
1909090 131.2
1909100 131.2
1909110 131.3
1909120 131.4
1909130 131.4
1909140 131.3
1909150 131.3
1909160 131.3
1909170 131.2
1909180 131.2
1909190 131.2
1909200 131.2
1909210 131.1
1909220 131.1
1909230 131.2
1909240 131.2
1909250 131.2
1909260 131.1
1909270 131.1
1909280 131.1
1909290 131.1
1909300 131.2
1909310 131.2
1909320 131.2
1909330 131.1
1909340 131.1
1909350 131.1
1909360 131.2
1909370 131.2
1909380 131.4
1909390 131.4
1909400 131.4
1909410 131.7
1909420 131.8
1909430 131.8
1909440 131.9
1909450 131.8
1909460 131.8
1909470 132.0
1909480 132.0
1909490 132.0
1909500 132.0
1909510 132.0
1909520 132.0
1909530 132.1
1909540 132.1
1909550 132.1
1909560 132.0
1909690 131.7
1909700 131.7
1909710 131.7
1909720 131.6
1909730 131.6
1909740 131.5
1909750 131.6
1909760 131.6
1909770 131.5
1909780 131.4
1909790 131.4
1909800 131.3
1909810 131.2
1909820 131.2
1909830 131.2
1909840 131.4
1909850 131.4
1909860 131.8
1909870 132.2
1909880 132.2
1909890 132.4
1909900 132.6
1909910 132.6
1909920 132.7
1909930 132.5
1909940 132.3
1909950 132.3
1909960 132.2
1909970 132.2
1909980 132.2
1909990 132.2
1910000 132.4
1910010 132.4
1910020 132.4
1910030 132.4
1910040 132.4
