1900000 132.9
1900010 132.9
1900020 132.9
1900030 133.0
1900040 133.0
1900050 133.0
1900060 133.0
1900070 133.0
1900080 133.0
1900090 133.0
1900100 133.0
1900110 133.0
1900120 133.1
1900130 133.1
1900140 133.1
1900150 133.2
1900160 133.3
1900170 133.3
1900180 133.4
1900190 133.5
1900200 133.5
1900210 133.5
1900220 133.6
1900230 133.6
1900240 133.6
1900250 133.6
1900260 133.6
1900270 133.6
1900280 133.8
1900290 133.8
1900300 133.8
1900310 133.8
1900320 133.8
1900330 133.6
1900340 133.5
1900350 133.5
1900360 133.4
1900370 133.3
1900380 133.3
1900390 133.3
1900400 133.3
1900410 133.3
1900420 133.3
1900430 133.3
1900440 133.3
1900450 133.2
1900460 133.2
1900470 133.2
1900480 133.2
1900490 133.2
1900500 133.2
1900510 133.2
1900520 133.3
1900530 133.3
1900540 133.3
1900550 133.3
1900560 133.3
1900570 133.3
1900580 133.3
1900590 133.3
1900600 133.4
1900610 133.4
1900620 133.4
1900630 133.4
1900640 133.4
1900650 133.4
1900660 133.5
1900670 133.5
1900680 133.5
1900690 133.5
1900700 133.5
1900710 133.3
1900720 133.3
1900730 133.2
1900740 133.1
1900750 133.1
1900760 133.2
1900770 133.3
1900780 133.3
1900790 133.4
1900800 133.4
1900810 133.4
1900820 133.5
1900830 133.5
1900840 133.5
1900850 133.5
1900860 133.5
1900870 133.5
1900880 133.5
1900890 133.5
1900900 133.5
1900910 133.5
1900920 133.5
1900930 133.5
1900940 133.4
1900950 133.4
1900960 133.4
1900970 133.4
1900980 133.4
1900990 133.4
1901000 133.4
1901010 133.5
1901020 133.5
1901030 133.5
1901040 133.5
1901050 133.5
1901060 133.4
1901070 133.4
1901080 133.4
1901090 133.4
1901100 133.4
1901110 133.4
1901120 133.4
1901130 133.5
1901140 133.5
1901150 133.5
1901160 133.6
1901170 133.6
1901180 133.7
1901190 133.8
1901200 133.8
1901210 133.8
1901220 133.7
1901230 133.7
1901240 133.6
1901250 133.4
1901260 133.4
1901270 133.4
1901280 133.5
1901290 133.5
1901300 133.5
1901310 133.7
1901320 133.7
1901330 133.8
1901340 133.7
1901350 133.7
1901360 133.7
1901370 133.7
1901380 133.7
1901390 133.9
1901400 133.8
1901410 133.8
1901420 133.8
1901430 133.9
1901440 133.9
1901450 134.0
1901460 133.9
1901470 133.9
1901480 133.9
1901490 134.1
1901500 134.1
1901510 134.3
1901520 134.3
1901530 134.3
1901540 134.2
1901550 134.2
1901560 134.2
1901570 134.2
1901580 134.3
1901590 134.3
1901600 134.3
1901610 134.3
1901620 134.3
1901630 134.2
1901640 134.1
1901650 134.1
1901660 133.9
1901670 134.3
1901680 134.3
1901690 134.6
1901700 134.4
1901710 134.4
1901720 134.1
1901730 134.0
1901740 134.0
1901750 133.9
1901760 133.8
1901770 133.8
1901780 133.6
1901790 133.6
1901800 133.6
1901810 133.7
1901820 133.8
1901830 133.8
1901840 133.9
1901850 134.0
1901860 134.0
1901870 133.9
1901880 133.7
1901890 133.7
1901900 133.6
1901910 133.7
1901920 133.7
1901930 133.7
1901940 133.7
1901950 133.7
1901960 133.7
1901970 133.8
1901980 133.7
1901990 133.8
1902000 134.0
1902010 134.0
1902020 134.1
1902030 134.0
1902040 134.0
1902050 133.8
1902060 133.7
1902070 133.7
1902080 133.7
1902090 133.7
1902100 133.7
1902110 133.7
1902120 133.8
1902130 133.8
1902140 133.8
1902150 133.8
1902160 133.7
1902170 133.7
1902180 133.6
1902190 133.7
1902200 133.7
1902210 133.7
1902220 133.6
1902230 133.6
1902240 133.6
1902250 133.5
1902260 133.5
1902270 133.5
1902280 133.5
1902290 133.6
1902300 133.5
1902310 133.5
1902320 133.5
1902330 133.6
1902340 133.7
1902350 133.7
1902360 133.7
1902370 133.6
1902380 133.6
1902390 133.7
1902400 133.7
1902410 133.7
1902420 133.7
1902430 133.8
1902440 133.8
1902450 133.8
1902460 133.8
1902470 133.8
1902480 133.7
1902490 133.6
1902500 133.6
1902510 133.6
1902520 133.6
1902530 133.6
1902540 133.6
1902550 133.5
1902560 133.5
1902570 133.5
1902580 133.4
1902590 133.4
1902600 133.4
1902610 133.5
1902620 133.5
1902630 133.5
1902640 133.5
1902650 133.5
1902660 133.5
1902670 133.5
1902680 133.5
1902690 133.5
1902700 133.5
1902710 133.5
1902720 133.5
1902730 133.5
1902740 133.5
1902750 133.5
1902760 133.5
1902770 133.5
1902780 133.6
1902790 133.8
1902800 133.8
1902810 133.8
1902820 133.9
1902830 133.9
1902840 133.9
1902850 133.9
1902860 133.9
1902870 134.0
1902880 134.0
1902890 134.0
1902900 134.0
1902910 134.0
1902920 134.0
1902930 134.0
1902940 133.9
1902950 133.9
1902960 133.8
1902970 133.7
1902980 133.7
1902990 133.7
1903000 133.6
1903010 133.6
1903020 133.6
1903030 133.7
1903040 133.7
1903050 133.7
1903060 133.7
1903070 133.7
1903080 133.7
1903090 133.7
1903100 133.7
1903110 133.8
1903120 133.8
1903130 133.8
1903140 133.7
1903150 133.7
1903160 133.7
1903170 133.6
1903180 133.7
1903190 133.7
1903200 133.8
1903210 133.8
1903220 133.8
1903230 133.9
1903240 134.1
1903250 134.1
1903260 134.1
1903270 134.1
1903280 134.1
1903290 134.0
1903300 134.0
1903310 134.0
1903320 134.0
1903330 134.0
1903340 134.0
1903350 134.1
1903360 134.2
1903370 134.2
1903380 134.1
1903390 134.0
1903400 134.0
1903410 133.9
1903420 133.8
1903430 133.7
1903440 133.7
1903450 133.7
1903460 133.7
1903470 133.7
1903480 133.7
1903490 133.8
1903500 133.8
1903510 133.8
1903520 133.8
1903530 133.8
1903540 133.7
1903550 133.7
1903560 133.7
1903570 133.6
1903580 133.6
1903590 133.6
1903600 133.6
1903610 133.6
1903620 133.6
1903630 133.6
1903640 133.6
1903650 133.6
1903660 133.6
1903670 133.6
1903680 133.6
1903690 133.6
1903700 133.6
1903710 133.6
1903720 133.7
1903730 133.7
1903740 133.7
1903750 133.7
1903760 133.7
1903770 133.7
1903780 133.7
1903790 133.6
1903800 133.6
1903810 133.7
1903820 133.8
1903830 133.7
1903840 133.8
1903850 133.8
1903860 133.8
1903870 133.7
1903880 133.5
1903890 133.5
1903900 133.4
1903910 133.4
1903920 133.4
1903930 133.4
1903940 133.4
1903950 133.4
1903960 133.5
1903970 133.6
1903980 133.6
1903990 133.4
1904000 133.3
1904010 133.3
1904020 133.2
1904030 133.2
1904040 133.2
1904050 133.2
1904060 133.2
1904070 133.2
1904080 133.2
1904090 133.2
1904100 133.2
1904110 133.2
1904120 133.3
1904130 133.3
1904140 133.3
1904150 133.3
1904160 133.3
1904170 133.3
1904180 133.3
1904190 133.3
1904200 133.4
1904210 133.4
1904220 133.4
1904230 133.4
1904240 133.3
1904250 133.3
1904260 133.2
1904270 133.2
1904280 133.2
1904290 133.2
1904300 133.2
1904310 133.2
1904320 133.2
1904330 133.3
1904340 133.3
1904350 133.4
1904360 133.4
1904370 133.4
1904380 133.3
1904390 133.3
1904400 133.3
1904410 133.3
1904420 133.2
1904430 133.2
1904440 133.3
1904450 133.3
1904460 133.3
1904470 133.4
1904480 133.4
1904490 133.4
1904500 133.4
1904510 133.5
1904520 133.5
1904530 133.6
1904540 133.5
1904550 133.5
1904560 133.5
1904570 133.4
1904580 133.4
1904590 133.5
1904600 133.5
1904610 133.5
1904620 133.5
1904630 133.5
1904640 133.5
1904650 133.4
1904660 133.4
1904670 133.4
1904680 133.3
1904690 133.4
1904700 133.4
1904710 133.4
1904720 133.4
1904730 133.4
1904740 133.5
1904750 133.5
1904760 133.5
1904770 133.6
1904780 133.6
1904790 133.6
1904800 133.5
1904810 133.5
1904820 133.5
1904830 133.5
1904840 133.4
1904850 133.4
1904860 133.4
1904870 133.3
1904880 133.4
1904890 133.4
1904900 133.4
1904910 133.3
1904920 133.3
1904930 133.3
1904940 133.3
1904950 133.3
1904960 133.2
1904970 133.2
1904980 133.2
1904990 133.2
1905000 133.2
1905010 133.2
1905020 133.2
1905030 133.2
1905040 133.2
1905050 133.2
1905060 133.3
1905070 133.3
1905080 133.3
1905090 133.3
1905100 133.3
1905110 133.3
1905120 133.3
1905130 133.3
1905140 133.3
1905150 133.4
1905160 133.4
1905170 133.5
1905180 133.5
1905190 133.5
1905200 133.5
1905210 133.5
1905220 133.5
1905230 133.5
1905240 133.5
1905250 133.5
1905260 133.5
1905270 133.5
1905280 133.5
1905290 133.5
1905300 133.5
1905310 133.5
1905320 133.5
1905330 133.6
1905340 133.6
1905350 133.6
1905360 133.7
1905370 133.7
1905380 133.7
1905390 133.7
1905400 133.7
1905410 133.7
1905420 133.7
1905430 133.7
1905440 133.6
1905450 133.6
1905460 133.6
1905470 133.6
1905480 133.4
1905490 133.4
1905500 133.4
1905510 133.3
1905520 133.3
1905530 133.2
1905540 133.2
1905550 133.2
1905560 133.1
1905570 133.1
1905580 133.1
1905590 133.1
1905600 133.1
1905610 133.1
1905620 133.0
1905630 133.0
1905640 133.0
1905650 133.1
1905660 133.1
1905670 133.1
1905680 133.1
1905690 133.1
1905700 133.1
1905710 133.0
1905720 132.9
1905730 132.9
1905740 132.7
1905750 132.6
1905760 132.6
1905770 132.4
1905780 132.3
1905790 132.3
1905800 132.2
1905810 132.2
1905820 132.2
1905830 132.3
1905840 132.5
1905850 132.5
1905860 132.8
1905870 133.1
1905880 133.1
1905890 133.3
1905900 133.4
1905910 133.4
1905920 133.5
1905930 133.4
1905940 133.4
1905950 133.5
1905960 133.7
1905970 133.7
1905980 133.9
1905990 133.6
1906000 133.6
1906010 133.3
1906020 133.0
1906030 133.0
1906040 133.1
1906050 133.3
1906060 133.3
1906070 133.4
1906080 133.5
1906090 133.5
1906100 133.5
1906110 133.4
1906120 133.4
1906130 133.4
1906140 133.3
1906150 133.3
1906160 133.2
1906170 133.2
1906180 133.2
1906190 133.2
1906200 133.3
1906210 133.3
1906220 133.3
1906230 133.3
1906240 133.3
1906250 133.3
1906260 133.3
1906270 133.2
1906280 133.2
1906290 133.1
1906300 133.1
1906310 133.1
1906320 133.1
1906330 133.0
1906340 133.0
1906350 132.8
1906360 132.7
1906370 132.7
1906380 132.6
1906390 132.4
1906400 132.4
1906410 132.3
1906420 132.2
1906430 132.2
1906440 132.2
1906450 132.3
1906460 132.3
1906470 132.4
1906480 132.4
1906490 132.4
1906500 132.6
1906510 133.0
1906520 133.0
1906530 133.5
1906540 133.9
1906550 133.9
1906560 134.1
1906570 134.2
1906580 134.2
1906590 134.2
1906600 134.5
1906610 134.5
1906620 134.6
1906630 134.5
1906640 134.5
1906650 134.4
1906660 134.2
1906670 134.2
1906680 134.1
1906690 134.1
1906700 134.1
1906710 134.2
1906720 134.3
1906730 134.3
1906740 134.2
1906750 134.2
1906760 134.2
1906770 134.4
1906780 134.2
1906790 134.2
1906800 134.0
1906810 133.8
1906820 133.8
1906830 133.7
1906840 133.7
1906850 133.7
1906860 133.7
1906870 133.6
1906880 133.6
1906890 133.4
1906900 133.3
1906910 133.3
1906920 133.2
1906930 133.3
1906940 133.3
1906950 133.4
1906960 133.5
1906970 133.5
1906980 133.7
1906990 133.8
1907000 133.8
1907010 133.7
1907020 133.6
1907030 133.6
1907040 133.5
1907050 133.5
1907060 133.5
1907070 133.6
1907080 133.6
1907090 133.6
1907100 133.6
1907110 133.6
1907120 133.6
1907130 133.6
1907140 133.7
1907150 133.7
1907160 133.7
1907170 133.7
1907180 133.7
1907190 133.8
1907200 133.8
1907210 133.8
1907220 133.7
1907230 133.7
1907240 133.7
1907250 133.6
1907260 133.6
1907270 133.6
1907280 133.6
1907290 133.6
1907300 133.6
1907310 133.6
1907320 133.8
1907330 133.8
1907340 133.8
1907350 133.8
1907360 133.8
1907370 133.8
1907380 133.6
1907390 133.6
1907400 133.6
1907410 133.7
1907420 133.7
1907430 133.8
1907440 133.8
1907450 133.8
1907460 133.8
1907470 133.8
1907480 133.8
1907490 133.7
1907500 133.6
1907510 133.4
1907520 133.2
1907530 133.0
1907540 133.0
1907550 132.9
1907560 132.7
1907570 132.7
1907580 132.6
1907590 132.7
1907600 132.7
1907610 132.7
1907620 132.6
1907630 132.6
1907640 132.6
1907650 132.6
1907660 132.6
1907670 132.6
1907680 132.5
1907690 132.5
1907700 132.5
1907710 132.6
1907720 132.8
1907730 132.8
1907740 132.8
1907750 132.7
1907760 132.7
1907770 132.7
1907780 132.7
1907790 132.7
1907800 132.7
1907810 132.6
1907820 132.5
1907830 132.5
1907840 132.5
1907850 132.5
1907860 132.5
1907870 132.6
1907880 132.6
1907890 132.6
1907900 132.6
1907910 132.6
1907920 132.4
1907930 132.2
1907940 132.2
1907950 132.1
1907960 132.1
1907970 132.1
1907980 132.2
1907990 132.3
1908000 132.3
1908010 132.3
1908020 132.4
1908030 132.4
1908040 132.4
1908050 132.5
1908060 132.5
1908070 132.5
1908080 132.5
1908090 132.5
1908100 132.5
1908110 132.6
1908120 132.7
1908130 132.8
1908140 132.9
1908150 132.9
1908160 133.0
1908170 133.0
1908180 133.0
1908190 133.0
1908200 132.7
1908210 132.7
1908220 132.4
1908230 132.0
1908240 132.0
1908250 131.7
1908260 131.4
1908270 131.4
1908280 131.3
1908290 131.2
1908300 131.2
1908310 131.2
1908320 131.0
1908330 131.0
1908340 131.0
1908350 131.0
1908360 131.0
1908370 131.0
1908380 130.9
1908390 130.9
1908400 131.0
1908410 131.1
1908420 131.1
1908430 131.1
1908440 131.1
1908450 131.1
1908460 131.0
1908470 130.8
1908480 130.8
1908490 130.8
1908500 130.8
1908510 130.8
1908520 130.9
1908530 131.0
1908540 131.0
1908550 131.1
1908560 131.2
1908570 131.2
1908580 131.3
1908590 131.3
1908600 131.3
1908610 131.3
1908620 131.3
1908630 131.3
1908640 131.2
1908650 131.2
1908660 131.2
1908670 131.2
1908680 131.3
1908690 131.3
1908700 131.3
1908710 131.4
1908720 131.4
1908730 131.4
1908740 131.5
1908750 131.5
1908760 131.4
1908770 131.5
1908780 131.5
1908790 131.5
1908800 131.6
1908810 131.6
1908820 131.5
1908830 131.5
1908840 131.5
1908850 131.6
1908860 131.6
1908870 131.6
1908880 131.6
1908890 131.7
1908900 131.7
1908910 131.7
1908920 131.6
1908930 131.6
1908940 131.6
1908950 131.6
1908960 131.6
1908970 131.6
1908980 131.6
1908990 131.6
1909000 131.6
1909010 131.6
1909020 131.7
1909030 131.7
1909040 131.7
1909050 131.7
1909060 131.7
1909070 131.7
1909080 131.8
1909090 131.8
1909100 131.7
1909110 131.7
1909120 131.7
1909130 131.8
1909140 131.8
1909150 131.8
1909160 131.8
1909170 131.8
1909180 131.8
1909190 131.9
1909200 132.0
1909210 132.0
1909220 132.1
1909230 132.1
1909240 132.1
1909250 132.0
1909260 131.8
1909270 131.8
1909280 131.7
1909290 131.8
1909300 131.8
1909310 131.9
1909320 132.0
1909330 132.0
1909340 132.0
1909350 132.0
1909360 132.0
1909370 131.9
1909380 131.9
1909390 131.9
1909400 131.9
1909410 131.9
1909420 131.9
1909430 131.9
1909440 131.9
1909450 131.9
1909460 131.8
1909470 131.9
1909480 131.9
1909490 131.9
1909500 131.9
1909510 131.9
1909520 131.8
1909530 131.7
1909540 131.7
1909550 131.7
1909560 131.7
1909570 131.7
1909580 131.7
1909590 131.5
1909600 131.5
1909610 131.4
1909620 131.1
1909630 131.1
1909640 130.9
1909650 130.8
1909660 130.8
1909670 130.7
1909680 130.6
1909690 130.6
1909700 130.8
1909710 131.0
1909720 131.0
1909730 131.4
1909740 131.8
1909750 131.8
1909760 131.8
