1900000 132.8
1900010 132.8
1900020 132.9
1900030 132.8
1900040 132.8
1900050 132.8
1900060 132.9
1900070 133.0
1900080 133.0
1900090 133.0
1900100 133.1
1900110 133.1
1900120 133.2
1900130 133.3
1900140 133.3
1900150 133.4
1900160 133.5
1900170 133.5
1900180 133.5
1900190 133.6
1900200 133.6
1900210 133.7
1900220 133.7
1900230 133.7
1900240 133.8
1900250 133.8
1900260 133.8
1900270 133.7
1900280 133.6
1900290 133.6
1900300 133.6
1900310 133.5
1900320 133.5
1900330 133.4
1900340 133.4
1900350 133.4
1900360 133.4
1900370 133.5
1900380 133.5
1900390 133.5
1900400 133.5
1900410 133.5
1900420 133.4
1900430 133.4
1900440 133.4
1900450 133.4
1900460 133.4
1900470 133.4
1900480 133.4
1900490 133.5
1900500 133.5
1900510 133.5
1900520 133.6
1900530 133.8
1900540 133.8
1900550 133.8
1900560 133.8
1900570 133.7
1900580 133.6
1900590 133.6
1900600 133.5
1900610 133.5
1900620 133.5
1900630 133.5
1900640 133.5
1900650 133.5
1900660 133.5
1900670 133.5
1900680 133.5
1900690 133.4
1900700 133.5
1900710 133.5
1900720 133.6
1900730 133.7
1900740 133.7
1900750 133.8
1900760 133.9
1900770 133.9
1900780 133.6
1900790 133.5
1900800 133.5
1900810 133.5
1900820 133.5
1900830 133.5
1900840 133.6
1900850 133.7
1900860 133.7
1900870 133.7
1900880 133.7
1900890 133.7
1900900 133.7
1900910 133.7
1900920 133.7
1900930 133.7
1900940 133.8
1900950 133.8
1900960 133.8
1900970 133.9
1900980 133.9
1900990 134.1
1901000 134.4
1901010 134.4
1901020 134.6
1901030 134.4
1901040 134.4
1901050 134.2
1901060 134.1
1901070 134.1
1901080 133.9
1901090 133.9
1901100 133.9
1901110 133.8
1901120 133.7
1901130 133.7
1901140 133.7
1901150 133.7
1901160 133.7
1901170 133.6
1901180 133.5
1901190 133.5
1901200 133.4
1901210 133.4
1901220 133.4
1901230 133.4
1901240 133.5
1901250 133.5
1901260 133.5
1901270 133.6
1901280 133.6
1901290 133.7
1901300 133.8
1901310 133.8
1901320 133.8
1901330 133.7
1901340 133.7
1901350 133.7
1901360 133.8
1901370 133.8
1901380 133.8
1901390 133.7
1901400 133.7
1901410 133.6
1901420 133.6
1901430 133.6
1901440 133.5
1901450 133.5
1901460 133.5
1901470 133.5
1901480 133.6
1901490 133.8
1901500 133.8
1901510 133.8
1901520 133.9
1901530 133.9
1901540 133.8
1901550 133.8
1901560 133.8
1901570 133.8
1901580 133.8
1901590 133.8
1901600 133.8
1901610 133.9
1901620 133.9
1901630 134.0
1901640 134.0
1901650 134.0
1901660 133.9
1901670 133.8
1901680 133.8
1901690 133.8
1901700 133.9
1901710 133.9
1901720 134.0
1901730 134.0
1901740 134.0
1901750 134.1
1901760 134.1
1901770 134.0
1901780 134.0
1901790 134.0
1901800 134.0
1901810 134.1
1901820 134.1
1901830 134.1
1901840 134.1
1901850 134.0
1901860 134.0
1901870 134.0
1901880 133.9
1901890 133.9
1901900 133.9
1901910 134.0
1901920 134.0
1901930 134.0
1901940 134.1
1901950 134.1
1901960 134.2
1901970 134.2
1901980 134.2
1901990 134.4
1902000 134.5
1902010 134.5
1902020 134.6
1902030 134.6
1902040 134.6
1902050 134.6
1902060 134.7
1902070 134.7
1902080 134.7
1902090 134.8
1902100 134.8
1902110 134.7
1902120 134.6
1902130 134.6
1902140 134.6
1902150 134.5
1902160 134.5
1902170 134.4
1902180 134.3
1902190 134.3
1902200 134.2
1902210 134.2
1902220 134.2
1902230 134.1
1902240 134.2
1902250 134.2
1902260 134.3
1902270 134.3
1902280 134.3
1902290 134.4
1902300 134.4
1902310 134.4
1902320 134.4
1902330 134.4
1902340 134.4
1902350 134.5
1902360 134.4
1902370 134.4
1902380 134.4
1902390 134.3
1902400 134.3
1902410 134.2
1902420 134.2
1902430 134.2
1902440 134.2
1902450 134.3
1902460 134.3
1902470 134.3
1902480 134.2
1902490 134.2
1902500 134.1
1902510 133.9
1902520 133.9
1902530 133.9
1902540 133.9
1902550 133.9
1902560 134.0
1902570 134.1
1902580 134.1
1902590 134.1
1902600 134.0
1902610 134.0
1902620 133.9
1902630 133.9
1902640 133.9
1902650 133.9
1902660 133.9
1902670 133.9
1902680 133.9
1902690 133.9
1902700 134.0
1902710 134.0
1902720 134.1
1902730 134.1
1902740 134.2
1902750 134.3
1902760 134.3
1902770 134.4
1902780 134.5
1902790 134.5
1902800 134.5
1902810 134.4
1902820 134.4
1902830 134.4
1902840 134.4
1902850 134.4
1902860 134.4
1902870 134.4
1902880 134.4
1902890 134.4
1902900 134.3
1902910 134.2
1902920 134.2
1902930 134.1
1902940 134.0
1902950 134.0
1902960 134.0
1902970 134.0
1902980 134.0
1902990 133.9
1903000 133.8
1903010 133.8
1903020 133.8
1903030 133.7
1903040 133.7
1903050 133.7
1903060 133.7
1903070 133.7
1903080 133.7
1903090 133.7
1903100 133.7
1903110 133.8
1903120 133.8
1903130 133.8
1903140 133.8
1903150 133.7
1903160 133.7
1903170 133.7
1903180 133.7
1903190 133.7
1903200 133.7
1903210 133.7
1903220 133.7
1903230 133.8
1903240 133.9
1903250 133.9
1903260 133.9
1903270 133.9
1903280 133.9
1903290 133.9
1903300 134.0
1903310 134.0
1903320 133.9
1903330 133.9
1903340 133.9
1903350 133.9
1903360 133.9
1903370 133.9
1903380 134.0
1903390 134.0
1903400 134.0
1903410 133.9
1903420 133.8
1903430 133.8
1903440 133.7
1903450 133.7
1903460 133.7
1903470 133.7
1903480 133.6
1903490 133.6
1903500 133.5
1903510 133.4
1903520 133.4
1903530 133.5
1903540 133.6
1903550 133.6
1903560 133.6
1903570 133.6
1903580 133.6
1903590 133.6
1903600 133.6
1903610 133.6
1903620 133.5
1903630 133.5
1903640 133.5
1903650 133.5
1903660 133.5
1903670 133.5
1903680 133.5
1903690 133.5
1903700 133.5
1903710 133.4
1903720 133.3
1903730 133.3
1903740 133.3
1903750 133.3
1903760 133.3
1903770 133.4
1903780 133.5
1903790 133.5
1903800 133.7
1903810 133.7
1903820 133.7
1903830 133.6
1903840 133.5
1903850 133.5
1903860 133.5
1903870 133.5
1903880 133.5
1903890 133.7
1903900 133.8
1903910 133.8
1903920 133.8
1903930 133.7
1903940 133.7
1903950 133.8
1903960 133.9
1903970 133.9
1903980 133.8
1903990 133.7
1904000 133.7
1904010 133.7
1904020 133.7
1904030 133.7
1904040 133.8
1904050 133.8
1904060 133.8
1904070 133.7
1904080 133.7
1904090 133.7
1904100 133.7
1904110 133.7
1904120 133.7
1904130 133.7
1904140 133.6
1904150 133.6
1904160 133.6
1904170 133.5
1904180 133.5
1904190 133.5
1904200 133.6
1904210 133.6
1904220 133.6
1904230 133.7
1904240 133.7
1904250 133.8
1904260 133.8
1904270 133.8
1904280 133.8
1904290 133.8
1904300 133.7
1904310 133.7
1904320 133.7
1904330 133.6
1904340 133.6
1904350 133.6
1904360 133.6
1904370 133.6
1904380 133.7
1904390 133.8
1904400 133.8
1904410 133.7
1904420 133.6
1904430 133.6
1904440 133.5
1904450 133.5
1904460 133.5
1904470 133.5
1904480 133.5
1904490 133.5
1904500 133.5
1904510 133.5
1904520 133.5
1904530 133.5
1904540 133.5
1904550 133.5
1904560 133.5
1904570 133.6
1904580 133.6
1904590 133.5
1904600 133.5
1904610 133.5
1904620 133.5
1904630 133.5
1904640 133.5
1904650 133.5
1904660 133.5
1904670 133.5
1904680 133.5
1904690 133.6
1904700 133.6
1904710 133.6
1904720 133.5
1904730 133.5
1904740 133.4
1904750 133.4
1904760 133.4
1904770 133.4
1904780 133.4
1904790 133.4
1904800 133.4
1904810 133.4
1904820 133.4
1904830 133.4
1904840 133.4
1904850 133.4
1904860 133.4
1904870 133.4
1904880 133.4
1904890 133.3
1904900 133.3
1904910 133.3
1904920 133.3
1904930 133.2
1904940 133.2
1904950 133.2
1904960 133.3
1904970 133.3
1904980 133.3
1904990 133.2
1905000 133.2
1905010 133.2
1905020 133.3
1905030 133.3
1905040 133.4
1905050 133.4
1905060 133.4
1905070 133.5
1905080 133.5
1905090 133.5
1905100 133.5
1905110 133.6
1905120 133.6
1905130 133.7
1905140 133.7
1905150 133.7
1905160 133.8
1905170 133.8
1905180 133.8
1905190 133.8
1905200 133.8
1905210 133.8
1905220 133.7
1905230 133.7
1905240 133.7
1905250 133.8
1905260 133.8
1905270 133.8
1905280 133.7
1905290 133.6
1905300 133.6
1905310 133.6
1905320 133.6
1905330 133.6
1905340 133.6
1905350 133.6
1905360 133.6
1905370 133.6
1905380 133.5
1905390 133.5
1905400 133.5
1905410 133.5
1905420 133.5
1905430 133.5
1905440 133.5
1905450 133.5
1905460 133.5
1905470 133.5
1905480 133.5
1905490 133.6
1905500 133.7
1905510 133.7
1905520 133.7
1905530 133.8
1905540 133.8
1905550 133.8
1905560 133.8
1905570 133.8
1905580 133.8
1905590 133.8
1905600 133.8
1905610 133.8
1905620 133.7
1905630 133.7
1905640 133.7
1905650 133.6
1905660 133.5
1905670 133.5
1905680 133.5
1905690 133.7
1905700 133.7
1905710 133.8
1905720 133.3
1905730 133.3
1905740 133.1
1905750 133.1
1905760 133.1
1905770 133.1
1905780 133.1
1905790 133.1
1905800 133.1
1905810 133.1
1905820 133.1
1905830 133.0
1905840 132.9
1905850 132.9
1905860 132.7
1905870 132.4
1905880 132.4
1905890 132.2
1905900 132.2
1905910 132.2
1905920 132.1
1905930 132.0
1905940 132.0
1905950 132.1
1905960 132.4
1905970 132.4
1905980 132.8
1905990 133.2
1906000 133.2
1906010 133.5
1906020 133.7
1906030 133.7
1906040 133.7
1906050 133.6
1906060 133.6
1906070 133.6
1906080 134.0
1906090 134.0
1906100 134.1
1906110 134.1
1906120 134.1
1906130 133.8
1906140 133.4
1906150 133.4
1906160 133.3
1906170 133.2
1906180 133.2
1906190 133.2
1906200 133.2
1906210 133.2
1906220 133.1
1906230 133.1
1906240 133.1
1906250 133.1
1906260 132.9
1906270 132.9
1906280 132.7
1906290 132.6
1906300 132.6
1906310 132.4
1906320 132.3
1906330 132.3
1906340 132.2
1906350 132.2
1906360 132.2
1906370 132.3
1906380 132.3
1906390 132.3
1906400 132.4
1906410 132.5
1906420 132.5
1906430 132.5
1906440 132.5
1906450 132.5
1906460 132.5
1906470 132.6
1906480 132.6
1906490 132.7
1906500 132.9
1906510 132.9
1906520 133.2
1906530 133.2
1906540 133.2
1906550 133.3
1906560 133.4
1906570 133.4
1906580 133.6
1906590 133.8
1906600 133.8
1906610 133.9
1906620 133.9
1906630 133.9
1906640 133.9
1906650 133.9
1906660 133.9
1906670 133.9
1906680 133.8
1906690 133.8
1906700 133.8
1906710 133.7
1906720 133.7
1906730 133.6
1906740 133.5
1906750 133.5
1906760 133.5
1906770 133.6
1906780 133.6
1906790 133.6
1906800 133.6
1906810 133.6
1906820 133.6
1906830 133.6
1906840 133.6
1906850 133.6
1906860 133.6
1906870 133.6
1906880 133.7
1906890 133.7
1906900 133.7
1906910 133.7
1906920 133.7
1906930 133.7
1906940 133.7
1906950 133.7
1906960 133.7
1906970 133.8
1906980 134.0
1906990 134.0
1907000 134.0
1907010 134.1
1907020 134.1
1907030 134.0
1907040 133.8
1907050 133.8
1907060 133.7
1907070 133.7
1907080 133.8
1907090 133.8
1907100 133.9
1907110 133.9
1907120 133.9
1907130 133.7
1907140 133.7
1907150 133.7
1907160 133.5
1907170 133.4
1907180 133.4
1907190 133.4
1907200 133.5
1907210 133.5
1907220 133.5
1907230 133.5
1907240 133.5
1907250 133.6
1907260 133.7
1907270 133.7
1907280 133.8
1907290 133.8
1907300 133.7
1907310 133.8
1907320 133.9
1907330 133.9
1907340 133.9
1907350 133.9
1907360 133.9
1907370 133.8
1907380 133.9
1907390 133.9
1907400 134.0
1907410 134.0
1907420 134.0
1907430 134.2
1907440 134.4
1907450 134.4
1907460 134.4
1907470 134.2
1907480 134.2
1907490 134.0
1907500 133.9
1907510 133.9
1907520 133.9
1907530 133.9
1907540 133.9
1907550 133.8
1907560 133.8
1907570 133.8
1907580 133.7
1907590 133.6
1907600 133.6
1907610 133.7
1907620 133.7
1907630 133.7
1907640 133.6
1907650 133.6
1907660 133.6
1907670 133.5
1907680 133.5
1907690 133.5
1907700 133.5
1907710 133.5
1907720 133.5
1907730 133.4
1907740 133.3
1907750 133.3
1907760 133.2
1907770 133.2
1907780 133.2
1907790 133.2
1907800 133.2
1907810 133.2
1907820 133.2
1907830 133.2
1907840 133.2
1907850 133.2
1907860 133.2
1907870 133.2
1907880 133.2
1907890 133.1
1907900 133.1
1907910 133.1
1907920 133.0
1907930 133.0
1907940 133.0
1907950 133.1
1907960 133.1
1907970 133.2
1907980 133.3
1907990 133.3
1908000 133.3
1908010 133.3
1908020 133.3
1908030 133.3
1908040 133.2
1908050 133.2
1908060 133.0
1908070 132.8
1908080 132.8
1908090 132.7
1908100 132.6
1908110 132.6
1908120 132.3
1908130 131.9
1908140 131.9
1908150 131.7
1908160 131.6
1908170 131.6
1908180 131.4
1908190 131.2
1908200 131.2
1908210 131.1
1908220 130.8
1908230 130.8
1908240 130.7
1908250 130.7
1908260 130.7
1908270 130.7
1908280 130.6
1908290 130.6
1908300 130.6
1908310 130.6
1908320 130.6
1908330 130.6
1908340 130.6
1908350 130.6
1908360 130.7
1908370 130.9
1908380 130.9
1908390 131.0
1908400 131.1
1908410 131.1
1908420 131.1
1908430 131.0
1908440 131.0
1908450 131.0
1908460 131.1
1908470 131.1
1908480 131.2
1908490 131.4
1908500 131.5
1908510 131.5
1908520 131.7
1908530 131.8
1908540 131.8
1908550 131.8
1908560 131.7
1908570 131.7
1908580 131.7
1908590 131.7
1908600 131.7
1908610 131.8
1908620 131.9
1908630 131.9
1908640 132.0
1908650 132.0
1908660 132.0
1908670 132.0
1908680 132.0
1908690 132.0
1908700 132.0
1908710 132.1
1908720 132.1
1908730 132.0
1908740 132.0
1908750 132.0
1908760 132.1
1908770 132.2
1908780 132.2
1908790 132.3
1908800 132.4
1908810 132.4
1908820 132.5
1908830 132.4
1908840 132.4
1908850 132.4
1908860 132.3
1908870 132.3
1908880 132.2
1908890 132.1
1908900 132.1
1908910 132.1
1908920 132.0
1908930 132.0
1908940 132.0
1908950 132.0
1908960 132.0
1908970 132.1
1908980 132.1
1908990 132.1
1909000 132.1
1909090 132.1
1909100 132.1
1909110 132.1
1909120 132.1
1909130 132.1
1909140 132.1
1909150 132.1
1909160 132.1
1909170 132.1
1909180 132.1
1909190 132.1
1909200 132.1
1909210 132.1
1909220 132.1
1909230 132.1
1909240 132.2
1909250 132.2
1909260 132.2
1909270 132.2
1909280 132.2
1909290 132.2
1909300 132.1
1909310 132.2
1909320 132.2
1909330 132.3
1909340 132.3
1909350 132.3
1909360 132.4
1909370 132.4
1909380 132.4
1909390 132.4
1909400 132.3
1909410 132.3
1909420 132.3
1909430 132.3
1909440 132.3
1909450 132.2
1909460 132.0
1909470 132.0
1909480 131.8
1909490 131.5
1909500 131.5
