1900000 133.0
1900010 133.0
1900020 133.0
1900030 133.0
1900040 133.2
1900050 133.3
1900060 133.3
1900070 133.4
1900080 133.3
1900090 133.3
1900100 133.3
1900110 133.3
1900120 133.3
1900130 133.3
1900140 133.3
1900150 133.3
1900160 133.3
1900170 133.4
1900180 133.4
1900190 133.4
1900200 133.4
1900210 133.4
1900220 133.6
1900230 133.6
1900240 133.6
1900250 133.6
1900260 133.6
1900270 133.6
1900280 133.7
1900290 133.7
1900300 133.7
1900310 133.7
1900320 133.7
1900330 133.6
1900340 133.6
1900350 133.6
1900360 133.6
1900370 133.6
1900380 133.6
1900390 133.6
1900400 133.6
1900410 133.6
1900420 133.5
1900430 133.5
1900440 133.5
1900450 133.6
1900460 133.6
1900470 133.7
1900480 133.8
1900490 133.8
1900500 133.9
1900510 133.9
1900520 133.9
1900530 133.6
1900540 133.6
1900550 133.6
1900560 133.5
1900570 133.5
1900580 133.5
1900590 133.4
1900600 133.4
1900610 133.4
1900620 133.5
1900630 133.5
1900640 133.5
1900650 133.6
1900660 133.6
1900670 133.6
1900680 133.7
1900690 133.7
1900700 133.7
1900710 133.8
1900720 133.8
1900730 133.8
1900740 133.9
1900750 134.0
1900760 134.0
1900770 134.0
1900780 134.0
1900790 134.0
1900800 134.0
1900810 134.1
1900820 134.1
1900830 134.2
1900840 134.6
1900850 134.6
1900860 134.4
1900870 133.6
1900880 133.6
1900890 132.3
1900900 132.7
1900910 132.7
1900920 133.1
1900930 132.7
1900940 132.7
1900950 132.7
1900960 133.6
1900970 133.6
1900980 134.0
1900990 133.9
1901000 133.9
1901010 133.8
1901020 133.8
1901030 133.8
1901040 133.7
1901050 133.8
1901060 133.8
1901070 133.8
1901080 133.8
1901090 133.8
1901100 133.7
1901110 133.7
1901120 133.7
1901130 133.8
1901140 133.7
1901150 133.7
1901160 133.7
1901170 133.7
1901180 133.7
1901190 133.8
1901200 133.8
1901210 133.8
1901220 133.9
1901230 133.9
1901240 133.9
1901250 133.9
1901260 133.9
1901270 133.9
1901280 133.9
1901290 133.9
1901300 133.9
1901310 133.9
1901320 133.9
1901330 133.9
1901340 133.9
1901350 133.9
1901360 133.9
1901370 133.9
1901380 133.8
1901390 133.8
1901400 133.8
1901410 133.7
1901420 133.7
1901430 133.7
1901440 133.6
1901450 133.6
1901460 133.7
1901470 133.7
1901480 133.7
1901490 133.7
1901500 133.7
1901510 133.7
1901520 133.7
1901530 133.7
1901540 133.7
1901550 133.7
1901560 133.7
1901570 133.7
1901580 133.7
1901590 133.7
1901600 133.7
1901610 133.8
1901620 133.7
1901630 133.7
1901640 133.7
1901650 133.7
1901660 133.7
1901670 133.7
1901680 133.7
1901690 133.7
1901700 133.7
1901710 133.7
1901720 133.8
1901730 133.8
1901740 133.9
1901750 134.0
1901760 134.0
1901770 134.1
1901780 134.2
1901790 134.2
1901800 134.1
1901810 134.1
1901820 134.1
1901830 134.0
1901840 134.1
1901850 134.1
1901860 134.1
1901870 134.1
1901880 134.1
1901890 134.2
1901900 134.3
1901910 134.3
1901920 134.4
1901930 134.5
1901940 134.5
1901950 134.6
1901960 134.6
1901970 134.6
1901980 134.6
1901990 134.7
1902000 134.7
1902010 134.7
1902020 134.7
1902030 134.7
1902040 134.8
1902050 134.8
1902060 134.8
1902070 134.8
1902080 134.7
1902090 134.7
1902100 134.7
1902110 134.6
1902120 134.6
1902130 134.6
1902140 134.6
1902150 134.6
1902160 134.5
1902170 134.4
1902180 134.4
1902190 134.4
1902200 134.3
1902210 134.3
1902220 134.3
1902230 134.2
1902240 134.2
1902250 134.2
1902260 134.2
1902270 134.2
1902280 134.3
1902290 134.3
1902300 134.3
1902310 134.2
1902320 134.2
1902330 134.2
1902340 134.2
1902350 134.2
1902360 134.2
1902370 134.2
1902380 134.2
1902390 134.2
1902400 134.1
1902410 134.1
1902420 134.1
1902430 134.1
1902440 134.1
1902450 134.1
1902460 134.1
1902470 134.2
1902480 134.2
1902490 134.2
1902500 134.2
1902510 134.2
1902520 134.1
1902530 134.1
1902540 134.1
1902550 134.0
1902560 134.0
1902570 134.0
1902580 134.1
1902590 134.3
1902600 134.3
1902610 134.4
1902620 134.4
1902630 134.4
1902640 134.1
1902650 134.1
1902660 134.1
1902670 134.0
1902680 133.9
1902690 133.9
1902700 133.8
1902710 133.8
1902720 133.8
1902730 133.9
1902740 134.1
1902750 134.1
1902760 134.2
1902770 134.3
1902780 134.3
1902790 134.2
1902800 134.2
1902810 134.2
1902820 134.2
1902830 134.2
1902840 134.2
1902850 134.2
1902860 134.2
1902870 134.2
1902880 134.1
1902890 134.1
1902900 134.1
1902910 134.1
1902920 134.1
1902930 134.1
1902940 134.1
1902950 134.0
1902960 134.0
1902970 133.9
1902980 133.9
1902990 133.9
1903000 133.8
1903010 133.8
1903020 133.8
1903030 133.7
1903040 133.6
1903050 133.6
1903060 133.7
1903070 133.7
1903080 133.8
1903090 133.8
1903100 133.8
1903110 133.7
1903120 133.7
1903130 133.8
1903140 133.7
1903150 133.7
1903160 133.7
1903170 133.7
1903180 133.7
1903190 133.7
1903200 133.8
1903210 133.8
1903220 133.9
1903230 133.8
1903240 133.8
1903250 133.9
1903260 134.0
1903270 134.0
1903280 134.0
1903290 134.1
1903300 134.1
1903310 134.0
1903320 134.0
1903330 134.0
1903340 134.0
1903350 133.9
1903360 133.9
1903370 133.8
1903380 133.8
1903390 133.8
1903400 133.7
1903410 133.7
1903420 133.7
1903430 133.7
1903440 133.7
1903450 133.7
1903460 133.6
1903470 133.6
1903480 133.6
1903490 133.6
1903500 133.6
1903510 133.6
1903520 133.7
1903530 133.8
1903540 133.8
1903550 133.8
1903560 133.8
1903570 133.8
1903580 133.7
1903590 133.6
1903600 133.6
1903610 133.6
1903620 133.5
1903630 133.5
1903640 133.5
1903650 133.5
1903660 133.5
1903670 133.5
1903680 133.6
1903690 133.6
1903700 133.5
1903710 133.4
1903720 133.4
1903730 133.5
1903740 133.6
1903750 133.6
1903760 133.8
1903770 133.7
1903780 133.7
1903790 133.7
1903800 133.7
1903810 133.7
1903820 133.5
1903830 133.2
1903840 133.2
1903850 133.2
1903860 133.1
1903870 133.1
1903880 133.1
1903890 133.1
1903900 133.1
1903910 133.1
1903920 133.3
1903930 133.0
1903940 133.2
1903950 133.5
1903960 133.5
1903970 133.7
1903980 133.7
1903990 133.7
1904000 133.8
1904010 133.8
1904020 133.8
1904030 133.9
1904040 133.9
1904050 133.9
1904060 133.8
1904070 133.8
1904080 133.8
1904090 133.9
1904100 133.9
1904110 133.9
1904120 133.8
1904130 133.8
1904140 133.8
1904150 133.8
1904160 133.8
1904170 133.8
1904180 133.8
1904190 133.8
1904200 133.8
1904210 133.8
1904220 133.8
1904230 133.8
1904240 133.8
1904250 133.8
1904260 133.8
1904270 133.8
1904280 133.8
1904290 133.8
1904300 133.7
1904310 133.8
1904320 133.8
1904330 133.8
1904340 133.8
1904350 133.8
1904360 133.7
1904370 133.8
1904380 133.8
1904390 133.8
1904400 133.8
1904410 133.8
1904420 133.8
1904430 133.8
1904440 133.8
1904450 133.7
1904460 133.6
1904470 133.6
1904480 133.5
1904490 133.6
1904500 133.6
1904510 133.6
1904520 133.8
1904530 133.7
1904540 133.7
1904550 133.7
1904560 133.6
1904570 133.6
1904580 133.6
1904590 133.5
1904600 133.5
1904610 133.5
1904620 133.5
1904630 133.5
1904640 133.6
1904650 133.6
1904660 133.6
1904670 133.6
1904680 133.6
1904690 133.6
1904700 133.6
1904710 133.6
1904720 133.6
1904730 133.5
1904740 133.5
1904750 133.5
1904760 133.4
1904770 133.4
1904780 133.4
1904790 133.4
1904800 133.4
1904810 133.4
1904820 133.4
1904830 133.5
1904840 133.5
1904850 133.5
1904860 133.6
1904870 133.6
1904880 133.5
1904890 133.5
1904900 133.5
1904910 133.5
1904920 133.4
1904930 133.4
1904940 133.4
1904950 133.4
1904960 133.4
1904970 133.4
1904980 133.4
1904990 133.4
1905000 133.3
1905010 133.4
1905020 133.4
1905030 133.4
1905040 133.4
1905050 133.4
1905060 133.4
1905070 133.4
1905080 133.4
1905090 133.5
1905100 133.5
1905110 133.5
1905120 133.5
1905130 133.5
1905140 133.5
1905150 133.5
1905160 133.5
1905170 133.5
1905180 133.6
1905190 133.6
1905200 133.6
1905210 133.6
1905220 133.7
1905230 133.7
1905240 133.7
1905250 133.7
1905260 133.7
1905270 133.8
1905280 133.8
1905290 133.8
1905300 133.8
1905310 133.7
1905320 133.7
1905330 133.8
1905340 133.7
1905350 133.7
1905360 133.7
1905370 133.7
1905380 133.7
1905390 133.7
1905400 133.7
1905410 133.7
1905420 133.6
1905430 133.6
1905440 133.6
1905450 133.7
1905460 133.6
1905470 133.7
1905480 133.7
1905490 133.6
1905500 133.6
1905510 133.6
1905520 133.7
1905530 133.7
1905540 133.7
1905550 133.8
1905560 133.8
1905570 133.8
1905580 134.0
1905590 134.0
1905600 134.3
1905610 134.4
1905620 134.4
1905630 134.0
1905640 133.7
1905650 133.7
1905660 133.6
1905670 133.4
1905680 133.4
1905690 133.3
1905700 133.3
1905710 133.3
1905720 133.3
1905730 133.3
1905740 133.3
1905750 133.3
1905760 133.4
1905770 133.3
1905780 133.3
1905790 133.3
1905800 133.3
1905810 133.3
1905820 133.3
1905830 133.3
1905840 133.2
1905850 133.1
1905860 133.1
1905870 133.0
1905880 132.7
1905890 132.5
1905900 132.5
1905910 132.2
1905920 132.1
1905930 132.1
1905940 132.0
1905950 132.0
1905960 132.0
1905970 132.3
1905980 132.8
1905990 132.8
1906000 133.1
1906010 133.4
1906020 133.4
1906030 133.1
1906040 132.8
1906050 132.8
1906060 132.7
1906070 132.6
1906080 132.4
1906090 132.3
1906100 132.3
1906110 132.3
1906120 132.2
1906130 132.2
1906140 132.2
1906150 132.2
1906160 132.2
1906170 132.2
1906180 132.2
1906190 132.1
1906200 132.1
1906210 132.1
1906220 132.0
1906230 132.0
1906240 131.9
1906250 131.8
1906260 131.8
1906270 131.7
1906280 131.6
1906290 131.6
1906300 131.7
1906310 131.7
1906320 131.7
1906330 131.7
1906340 131.8
1906350 131.8
1906360 132.0
1906370 132.2
1906380 132.2
1906390 132.7
1906400 133.0
1906410 133.0
1906420 133.3
1906430 133.6
1906440 133.6
1906450 133.8
1906460 133.9
1906470 133.9
1906480 133.9
1906490 134.0
1906500 134.0
1906510 134.0
1906520 134.0
1906530 134.0
1906540 134.0
1906550 134.0
1906560 134.0
1906570 133.9
1906580 133.9
1906590 133.9
1906600 133.9
1906610 133.8
1906620 133.8
1906630 133.8
1906640 133.9
1906650 133.9
1906660 134.1
1906670 134.2
1906680 134.2
1906690 134.1
1906700 134.0
1906710 134.0
1906720 133.8
1906730 133.8
1906740 133.8
1906750 133.8
1906760 133.7
1906770 133.7
1906780 133.7
1906790 133.6
1906800 133.6
1906810 133.5
1906820 133.5
1906830 133.5
1906840 133.6
1906850 133.7
1906860 133.7
1906870 133.8
1906880 134.0
1906890 134.0
1906900 134.0
1906910 133.9
1906920 133.9
1906930 133.8
1906940 134.0
1906950 134.0
1906960 133.8
1906970 133.7
1906980 133.7
1906990 133.5
1907000 133.6
1907010 133.6
1907020 133.7
1907030 133.7
1907040 133.7
1907050 133.8
1907060 133.8
1907070 133.8
1907080 133.8
1907090 133.8
1907100 133.8
1907110 133.9
1907120 133.9
1907130 133.9
1907140 133.8
1907150 133.8
1907160 133.8
1907170 133.8
1907180 133.7
1907190 133.7
1907200 133.7
1907210 133.7
1907220 133.7
1907230 133.7
1907240 133.8
1907250 133.8
1907260 133.9
1907270 134.0
1907280 134.0
1907290 134.1
1907300 134.4
1907310 134.2
1907320 134.2
1907330 134.1
1907340 134.0
1907350 134.0
1907360 134.0
1907370 134.1
1907380 134.1
1907390 134.1
1907400 134.2
1907410 134.2
1907420 134.1
1907430 134.0
1907440 134.0
1907450 134.0
1907460 134.1
1907470 134.1
1907480 134.0
1907490 133.9
1907500 133.9
1907510 133.9
1907520 133.9
1907530 133.9
1907540 133.9
1907550 133.8
1907560 133.8
1907570 133.8
1907580 133.8
1907590 133.8
1907600 133.7
1907610 133.6
1907620 133.6
1907630 133.6
1907640 133.5
1907650 133.5
1907660 133.4
1907670 133.4
1907680 133.4
1907690 133.3
1907700 133.2
1907710 133.2
1907720 133.2
1907730 133.1
1907740 133.1
1907750 133.1
1907760 133.1
1907770 133.1
1907780 133.1
1907790 133.0
1907800 133.0
1907810 133.1
1907820 133.1
1907830 133.1
1907840 133.0
1907850 132.9
1907860 132.9
1907870 132.7
1907880 132.7
1907890 132.7
1907900 132.6
1907910 132.4
1907920 132.4
1907930 132.2
1907940 132.1
1907950 132.1
1907960 132.1
1907970 132.0
1907980 132.0
1907990 131.9
1908000 131.8
1908010 131.8
1908020 131.6
1908030 131.2
1908040 131.2
1908050 130.9
1908060 130.7
1908070 130.7
1908080 130.5
1908090 130.3
1908100 130.3
1908110 130.2
1908120 130.1
1908130 130.1
1908140 130.0
1908290 131.0
1908300 131.1
1908310 131.1
1908320 131.3
1908330 131.5
1908340 131.5
1908350 131.7
1908360 131.8
1908370 131.8
1908380 131.8
1908390 131.7
1908400 131.7
1908410 131.5
1908420 131.3
1908430 131.3
1908440 131.1
1908450 131.1
1908460 131.1
1908470 131.2
1908480 131.3
1908490 131.3
1908500 131.5
1908510 131.6
1908520 131.6
1908530 131.8
1908540 131.8
1908550 131.8
1908560 131.9
1908570 131.9
1908580 131.9
1908590 131.8
1908600 131.8
1908610 131.8
1908620 131.8
1908630 131.8
1908640 131.8
1908650 131.8
1908660 131.8
1908670 131.8
1908680 131.8
1908690 131.7
1908700 131.7
1908710 131.7
1908720 131.7
1908730 131.7
1908740 131.7
1908750 131.7
1908760 131.8
1908770 131.8
1908780 132.0
1908790 132.1
1908800 132.1
1908810 132.2
1908820 132.2
1908830 132.1
1908840 132.2
1908850 132.4
1908860 132.4
1908870 132.5
1908880 132.4
1908890 132.4
1908900 132.4
1908910 132.4
1908920 132.4
1908930 132.4
1908940 132.4
1908950 132.4
1908960 132.3
1908970 132.3
1908980 132.3
1908990 132.2
1909000 132.1
1909010 132.1
1909020 132.1
1909150 132.2
1909160 132.2
1909170 132.2
1909180 132.2
1909190 132.2
1909200 132.3
1909210 132.3
1909220 132.3
1909230 132.2
1909240 132.2
1909250 132.2
1909260 132.3
1909270 132.4
1909280 132.4
1909290 132.4
1909300 132.5
1909310 132.5
1909320 132.5
1909330 132.5
1909340 132.5
1909350 132.5
1909360 132.4
1909370 132.4
