1900000 133.9
1900010 133.9
1900020 133.9
1900030 133.9
1900040 133.9
1900050 133.9
1900060 133.8
1900070 133.8
1900080 133.8
1900090 133.7
1900100 133.7
1900110 133.6
1900120 133.5
1900130 133.5
1900140 133.5
1900150 133.4
1900160 133.4
1900170 133.4
1900180 133.5
1900190 133.5
1900200 133.6
1900210 133.6
1900220 133.6
1900230 133.7
1900240 133.7
1900250 133.7
1900260 133.6
1900270 133.6
1900280 133.6
1900290 133.6
1900300 133.6
1900310 133.6
1900320 133.7
1900330 133.7
1900340 133.7
1900350 133.6
1900360 133.6
1900370 133.6
1900380 133.7
1900390 133.7
1900400 133.7
1900410 133.8
1900420 133.8
1900430 133.8
1900440 133.9
1900450 134.0
1900460 134.0
1900470 134.0
1900480 134.0
1900490 134.0
1900500 134.2
1900510 134.3
1900520 134.3
1900530 134.0
1900540 133.8
1900550 133.8
1900560 133.6
1900570 133.6
1900580 133.6
1900590 133.6
1900600 133.8
1900610 133.8
1900620 133.8
1900630 133.9
1900640 133.9
1900650 134.0
1900660 134.0
1900670 134.0
1900680 134.0
1900690 133.9
1900700 133.9
1900710 133.9
1900720 133.8
1900730 133.8
1900740 133.8
1900750 133.8
1900760 133.8
1900770 133.8
1900780 133.9
1900790 133.9
1900800 133.9
1900810 133.9
1900820 133.9
1900830 133.9
1900840 133.9
1900850 133.9
1900860 133.9
1900870 134.0
1900880 134.0
1900890 134.0
1900900 134.0
1900910 134.0
1900920 134.0
1900930 134.1
1900940 134.1
1900950 134.1
1900960 134.1
1900970 134.1
1900980 134.1
1900990 134.1
1901000 134.1
1901010 134.1
1901020 134.1
1901030 134.2
1901040 134.1
1901050 134.3
1901060 134.6
1901070 134.6
1901080 134.6
1901090 134.3
1901100 134.3
1901110 134.1
1901120 134.0
1901130 134.0
1901140 134.0
1901150 134.0
1901160 134.0
1901170 134.0
1901180 134.0
1901190 134.0
1901200 134.0
1901210 133.9
1901220 133.9
1901230 134.0
1901240 134.0
1901250 134.0
1901260 134.0
1901270 134.0
1901280 134.0
1901290 134.0
1901300 134.0
1901310 134.0
1901320 134.0
1901330 134.0
1901340 134.0
1901350 134.0
1901360 134.0
1901370 134.0
1901380 134.0
1901390 133.9
1901400 133.9
1901410 133.9
1901420 133.9
1901430 133.9
1901440 134.0
1901450 134.0
1901460 134.0
1901470 134.0
1901480 134.0
1901490 134.0
1901500 134.0
1901510 134.0
1901520 134.0
1901530 134.0
1901540 134.0
1901550 134.0
1901560 134.0
1901570 134.0
1901580 134.0
1901590 133.9
1901600 133.9
1901610 133.9
1901620 133.9
1901630 134.0
1901640 134.0
1901650 134.1
1901660 134.2
1901670 134.2
1901680 134.2
1901690 134.2
1901700 134.2
1901710 134.1
1901720 134.1
1901730 134.1
1901740 134.1
1901750 134.2
1901760 134.2
1901770 134.2
1901780 134.2
1901790 134.2
1901800 134.2
1901810 134.2
1901820 134.2
1901830 134.3
1901840 134.4
1901850 134.4
1901860 134.5
1901870 134.6
1901880 134.6
1901890 134.7
1901900 134.7
1901910 134.7
1901920 134.7
1901930 134.6
1901940 134.6
1901950 134.5
1901960 134.5
1901970 134.5
1901980 134.4
1901990 134.3
1902000 134.3
1902010 134.3
1902020 134.3
1902030 134.3
1902040 134.4
1902050 134.5
1902060 134.5
1902070 134.4
1902080 134.3
1902090 134.3
1902100 134.2
1902110 134.2
1902120 134.2
1902130 134.2
1902140 134.2
1902150 134.2
1902160 134.2
1902170 134.2
1902180 134.2
1902190 134.2
1902200 134.2
1902210 134.2
1902220 134.3
1902230 134.3
1902240 134.3
1902250 134.3
1902260 134.3
1902270 134.3
1902280 134.3
1902290 134.3
1902300 134.3
1902310 134.2
1902320 134.1
1902330 134.1
1902340 134.1
1902350 134.0
1902360 134.0
1902370 134.0
1902380 134.1
1902390 134.1
1902400 134.1
1902410 134.1
1902420 134.2
1902430 134.2
1902440 134.2
1902450 134.1
1902460 134.1
1902470 134.2
1902480 134.2
1902490 134.2
1902500 134.2
1902510 134.2
1902520 134.2
1902530 134.2
1902540 134.1
1902550 134.1
1902560 134.1
1902570 134.1
1902580 134.1
1902590 134.1
1902600 134.0
1902610 134.0
1902620 134.0
1902630 134.1
1902640 134.1
1902650 134.1
1902660 134.1
1902670 134.1
1902680 134.1
1902690 134.0
1902700 134.0
1902710 133.9
1902720 134.0
1902730 134.0
1902740 134.0
1902750 134.0
1902760 134.0
1902770 134.0
1902780 133.9
1902790 133.9
1902800 133.9
1902810 133.9
1902820 133.9
1902830 133.9
1902840 134.0
1902850 134.0
1902860 134.0
1902870 133.9
1902880 133.9
1902890 134.1
1902900 134.0
1902910 134.0
1902920 134.1
1902930 134.1
1902940 134.1
1902950 134.0
1902960 133.9
1902970 133.9
1902980 133.8
1902990 133.7
1903000 133.7
1903010 133.6
1903020 133.6
1903030 133.6
1903040 133.8
1903050 133.9
1903060 133.9
1903070 134.0
1903080 133.9
1903090 133.9
1903100 133.9
1903110 133.8
1903120 133.8
1903130 133.8
1903140 133.7
1903150 133.7
1903160 133.7
1903170 133.7
1903180 133.7
1903190 133.7
1903200 133.7
1903210 133.7
1903220 133.7
1903230 133.7
1903240 133.7
1903250 133.8
1903260 133.8
1903270 133.8
1903280 133.7
1903290 133.7
1903300 133.7
1903310 133.7
1903320 133.7
1903330 133.7
1903340 133.7
1903350 133.6
1903360 133.6
1903370 133.6
1903380 133.7
1903390 133.7
1903400 133.7
1903410 133.7
1903420 133.7
1903430 133.7
1903440 133.6
1903450 133.6
1903460 133.6
1903470 133.6
1903480 133.6
1903490 133.6
1903500 133.5
1903510 133.5
1903520 133.7
1903530 133.8
1903540 133.8
1903550 133.8
1903560 133.9
1903570 133.9
1903580 133.9
1903590 133.8
1903600 133.8
1903610 133.6
1903620 133.6
1903630 133.6
1903640 133.6
1903650 133.7
1903660 133.7
1903670 133.8
1903680 133.7
1903690 133.7
1903700 133.7
1903710 133.6
1903720 133.6
1903730 133.6
1903740 133.6
1903750 133.6
1903760 133.6
1903770 133.6
1903780 133.6
1903790 133.6
1903800 133.6
1903810 133.6
1903820 133.7
1903830 133.6
1903840 133.4
1903850 133.4
1903860 133.3
1903870 133.1
1903880 133.1
1903890 133.1
1903900 133.1
1903910 133.1
1903920 133.1
1903930 132.9
1903940 132.9
1903950 132.8
1903960 132.8
1903970 132.8
1903980 132.9
1903990 133.0
1904000 133.0
1904010 133.3
1904020 133.6
1904030 133.6
1904040 133.8
1904050 133.9
1904060 133.9
1904070 133.9
1904080 133.9
1904090 133.9
1904100 133.9
1904110 134.0
1904120 134.0
1904130 133.9
1904140 133.9
1904150 133.9
1904160 133.9
1904170 133.9
1904180 133.9
1904190 133.9
1904200 133.9
1904210 133.9
1904220 134.0
1904230 134.2
1904240 134.2
1904250 134.2
1904260 134.0
1904270 134.0
1904280 133.9
1904290 133.9
1904300 133.9
1904310 133.8
1904320 133.9
1904330 133.9
1904340 133.9
1904350 133.9
1904360 133.9
1904370 133.9
1904380 134.0
1904390 134.0
1904400 133.9
1904410 133.8
1904420 133.8
1904430 133.8
1904440 133.7
1904450 133.7
1904460 133.7
1904470 133.8
1904480 133.8
1904490 133.8
1904500 133.8
1904510 133.8
1904520 133.8
1904530 133.8
1904540 133.8
1904550 133.9
1904560 133.8
1904570 133.8
1904580 133.8
1904590 133.7
1904600 133.7
1904610 133.7
1904620 133.7
1904630 133.7
1904640 133.6
1904650 133.6
1904660 133.6
1904670 133.6
1904680 133.6
1904690 133.6
1904700 133.6
1904710 133.7
1904720 133.7
1904730 133.7
1904740 133.6
1904750 133.7
1904760 133.6
1904770 133.6
1904780 133.6
1904790 133.5
1904800 133.5
1904810 133.5
1904820 133.6
1904830 133.6
1904840 133.6
1904850 133.7
1904860 133.6
1904870 133.6
1904880 133.5
1904890 133.5
1904900 133.5
1904910 133.5
1904920 133.5
1904930 133.5
1904940 133.6
1904950 133.6
1904960 133.6
1904970 133.6
1904980 133.6
1904990 133.6
1905000 133.6
1905010 133.6
1905020 133.6
1905030 133.6
1905040 133.5
1905050 133.6
1905060 133.5
1905070 133.5
1905080 133.5
1905090 133.5
1905100 133.5
1905110 133.5
1905120 133.4
1905130 133.4
1905140 133.4
1905150 133.5
1905160 133.6
1905170 133.6
1905180 133.6
1905190 133.7
1905200 133.7
1905210 133.7
1905220 133.7
1905230 133.7
1905240 133.7
1905250 133.7
1905260 133.6
1905270 133.6
1905280 133.6
1905290 133.7
1905300 133.7
1905310 133.9
1905320 134.0
1905330 134.0
1905340 134.1
1905350 134.2
1905360 133.9
1905370 133.7
1905380 133.7
1905390 133.7
1905400 133.8
1905410 133.8
1905420 133.8
1905430 133.8
1905440 133.8
1905450 133.8
1905460 133.9
1905470 134.0
1905480 134.0
1905490 134.2
1905500 134.3
1905510 134.3
1905520 134.4
1905530 134.3
1905540 134.3
1905550 134.3
1905560 134.3
1905570 134.3
1905580 134.2
1905590 134.1
1905600 134.1
1905610 134.1
1905620 134.1
1905630 134.1
1905640 134.1
1905650 134.1
1905660 134.1
1905670 133.9
1905680 133.8
1905690 133.8
1905700 133.6
1905710 133.4
1905720 133.4
1905730 133.4
1905740 133.5
1905750 133.5
1905760 133.6
1905770 133.6
1905780 133.6
1905790 133.4
1905800 132.9
1905810 132.9
1905820 132.7
1905830 132.6
1905840 132.6
1905850 132.5
1905860 132.5
1905870 132.5
1905880 132.6
1905890 132.6
1905900 132.6
1905910 132.5
1905920 132.5
1905930 132.5
1905940 132.5
1905950 132.5
1905960 132.5
1905970 132.5
1905980 132.5
1905990 132.5
1906000 132.5
1906010 132.4
1906020 132.4
1906030 132.3
1906040 132.3
1906050 132.3
1906060 132.5
1906070 132.6
1906080 132.6
1906090 132.6
1906100 132.6
1906110 132.6
1906120 132.7
1906130 132.8
1906140 132.8
1906150 132.9
1906160 133.0
1906170 133.0
1906180 133.0
1906190 133.0
1906200 133.0
1906210 133.1
1906220 133.1
1906230 133.1
1906240 133.2
1906250 133.2
1906260 133.2
1906270 133.4
1906280 133.6
1906290 133.6
1906300 133.7
1906310 133.7
1906320 133.7
1906330 133.7
1906340 133.7
1906350 133.7
1906360 133.8
1906370 133.8
1906380 133.8
1906390 133.8
1906400 133.8
1906410 133.8
1906420 133.8
1906430 133.8
1906440 133.8
1906450 133.9
1906460 133.9
1906470 133.9
1906480 133.8
1906490 133.8
1906500 133.8
1906510 133.8
1906520 133.8
1906530 133.8
1906540 133.7
1906550 133.7
1906560 133.7
1906570 133.7
1906580 133.8
1906590 133.9
1906600 133.9
1906610 133.8
1906620 133.8
1906630 133.7
1906640 133.7
1906650 133.7
1906660 133.8
1906670 133.8
1906680 133.9
1906690 133.9
1906700 133.8
1906710 133.9
1906720 133.9
1906730 133.9
1906740 133.9
1906750 133.9
1906760 133.9
1906770 134.0
1906780 134.0
1906790 134.1
1906800 134.1
1906810 134.1
1906820 134.1
1906830 134.1
1906840 134.1
1906850 134.0
1906860 134.0
1906870 134.0
1906880 133.9
1906890 133.9
1906900 133.9
1906910 133.8
1906920 133.9
1906930 133.9
1906940 134.0
1906950 133.9
1906960 133.9
1906970 134.0
1906980 134.3
1906990 134.3
1907000 134.4
1907010 134.3
1907020 134.3
1907030 134.1
1907040 134.0
1907050 134.0
1907060 134.0
1907070 134.1
1907080 134.1
1907090 134.1
1907100 134.0
1907110 134.0
1907120 133.9
1907130 133.8
1907140 133.8
1907150 133.6
1907160 133.4
1907170 133.4
1907180 133.3
1907190 133.3
1907200 133.2
1907210 133.3
1907220 133.3
1907230 133.3
1907240 133.3
1907250 133.4
1907260 133.4
1907270 133.4
1907280 133.4
1907290 133.4
1907300 133.4
1907310 133.5
1907320 133.5
1907330 133.6
1907340 133.8
1907350 133.8
1907360 133.8
1907370 133.8
1907380 133.8
1907390 133.7
1907400 133.6
1907410 133.6
1907420 133.5
1907430 133.5
1907440 133.5
1907450 133.3
1907460 133.1
1907470 133.1
1907480 133.1
1907490 133.1
1907500 132.8
1907510 133.0
1907520 133.0
1907530 133.0
1907540 132.2
1907550 132.1
1907560 132.1
1907570 131.9
1907580 131.5
1907590 131.5
1907600 131.2
1907610 131.3
1907620 131.3
1907630 131.4
1907640 131.4
1907650 131.4
1907660 131.5
1907670 131.4
1907680 131.4
1907690 131.3
1907700 131.2
1907710 131.2
1907720 131.2
1907730 131.1
1907740 131.1
1907750 131.2
1907760 131.4
1907770 131.4
1907780 131.5
1907790 131.7
1907800 131.7
1907810 131.8
1907820 131.9
1907830 131.9
1907840 131.9
1907850 131.9
1907860 131.9
1907870 132.0
1907880 132.0
1907890 132.0
1907900 132.1
1907910 132.1
1907920 132.1
1907930 132.1
1907940 132.1
1907950 132.1
1907960 132.1
1907970 132.0
1907980 132.0
1907990 132.0
1908000 132.0
1908010 132.0
1908020 132.0
1908030 132.0
1908040 132.0
1908050 132.0
1908060 132.0
1908070 132.0
1908080 132.0
1908090 132.0
1908100 131.9
1908110 131.9
1908120 131.7
1908130 131.7
1908140 131.7
1908150 131.7
1908160 131.7
1908170 131.7
1908180 131.7
1908190 131.9
1908200 131.9
1908210 132.1
1908220 132.3
1908230 132.3
1908240 132.5
1908250 132.7
1908260 132.7
1908270 132.9
1908280 132.9
1908290 132.9
1908300 132.8
1908310 132.6
1908320 132.6
1908330 132.5
1908340 132.4
1908350 132.4
1908360 132.3
1908370 132.3
1908380 132.3
1908390 132.2
1908400 132.2
1908410 132.2
1908420 132.3
1908430 132.3
1908440 132.3
1908450 132.3
1908460 132.3
1908470 132.3
1908480 132.2
1908490 132.0
1908500 132.0
1908510 131.8
1908520 131.8
1908530 131.8
1908540 131.8
1908550 131.9
1908560 131.9
1908570 131.9
1908580 131.8
1908590 131.8
1908600 131.8
1908610 131.8
1908620 131.8
1908630 131.8
1908640 131.9
1908650 131.9
1908660 132.0
1908670 132.1
1908680 132.1
1908690 132.1
1908700 132.1
1908710 132.1
1908720 132.2
1908730 132.2
1908740 132.2
1908750 132.2
1908760 132.2
1908770 132.2
1908780 132.3
1908790 132.3
1908800 132.3
1908810 132.4
1908820 132.4
1908830 132.4
1908840 132.4
1908850 132.3
1908860 132.3
