1900000 133.8
1900010 133.8
1900020 133.8
1900030 133.7
1900040 133.7
1900050 133.7
1900060 133.7
1900070 133.6
1900080 133.6
1900090 133.6
1900100 133.7
1900110 133.7
1900120 133.8
1900130 134.0
1900140 134.0
1900150 134.1
1900160 134.4
1900170 134.4
1900180 134.6
1900190 134.5
1900200 134.5
1900210 134.3
1900220 134.1
1900230 134.1
1900240 133.8
1900250 133.6
1900260 133.6
1900270 133.5
1900280 133.6
1900290 133.6
1900300 133.6
1900310 133.6
1900320 133.6
1900330 133.7
1900340 133.7
1900350 133.7
1900360 133.7
1900370 133.7
1900380 133.7
1900390 133.7
1900400 133.7
1900410 133.7
1900420 133.7
1900430 133.7
1900440 133.7
1900450 133.7
1900460 133.7
1900470 133.7
1900480 133.6
1900490 133.5
1900500 133.5
1900510 133.4
1900520 133.4
1900530 133.4
1900540 133.5
1900550 133.6
1900560 133.6
1900570 133.6
1900580 133.6
1900590 133.6
1900600 133.6
1900610 133.6
1900620 133.6
1900630 133.6
1900640 133.7
1900650 133.7
1900660 133.8
1900670 133.9
1900680 133.9
1900690 133.9
1900700 134.0
1900710 134.0
1900720 134.0
1900730 134.0
1900740 134.0
1900750 134.0
1900760 133.9
1900770 133.9
1900780 133.8
1900790 133.8
1900800 133.8
1900810 133.8
1900820 133.8
1900830 133.8
1900840 133.8
1900850 133.8
1900860 133.8
1900870 133.9
1900880 134.0
1900890 134.0
1900900 134.0
1900910 134.1
1900920 134.1
1900930 134.1
1900940 134.2
1900950 134.2
1900960 134.2
1900970 134.2
1900980 134.2
1900990 134.2
1901000 134.2
1901010 134.2
1901020 134.2
1901030 134.3
1901040 134.3
1901050 134.2
1901060 134.2
1901070 134.2
1901080 134.2
1901090 134.2
1901100 134.2
1901110 134.3
1901120 134.3
1901130 134.3
1901140 134.3
1901150 134.2
1901160 134.2
1901170 134.2
1901180 134.2
1901190 134.2
1901200 134.2
1901210 134.1
1901220 134.1
1901230 134.1
1901240 134.2
1901250 134.2
1901260 134.4
1901270 134.7
1901280 134.7
1901290 134.6
1901300 134.3
1901310 134.3
1901320 134.1
1901330 134.1
1901340 134.1
1901350 134.2
1901360 134.2
1901370 134.2
1901380 134.2
1901390 134.2
1901400 134.2
1901410 134.4
1901420 134.5
1901430 134.5
1901440 134.5
1901450 134.4
1901460 134.5
1901470 134.5
1901480 134.5
1901490 134.5
1901500 134.5
1901510 134.5
1901520 134.6
1901530 134.6
1901540 134.6
1901550 134.5
1901560 134.5
1901570 134.5
1901580 134.4
1901590 134.4
1901600 134.4
1901610 134.3
1901620 134.3
1901630 134.3
1901640 134.2
1901650 134.2
1901660 134.3
1901670 134.3
1901680 134.3
1901690 134.3
1901700 134.3
1901710 134.3
1901720 134.3
1901730 134.3
1901740 134.3
1901750 134.3
1901760 134.2
1901770 134.2
1901780 134.2
1901790 134.2
1901800 134.2
1901810 134.3
1901820 134.4
1901830 134.4
1901840 134.4
1901850 134.5
1901860 134.5
1901870 134.6
1901880 134.6
1901890 134.6
1901900 134.6
1901910 134.7
1901920 134.7
1901930 134.7
1901940 134.7
1901950 134.7
1901960 134.7
1901970 134.6
1901980 134.6
1901990 134.6
1902000 134.5
1902010 134.5
1902020 134.4
1902030 134.4
1902040 134.4
1902050 134.4
1902060 134.4
1902070 134.4
1902080 134.4
1902090 134.4
1902100 134.4
1902110 134.4
1902120 134.4
1902130 134.4
1902140 134.4
1902150 134.5
1902160 134.5
1902170 134.5
1902180 134.6
1902190 134.6
1902200 134.6
1902210 134.6
1902220 134.6
1902230 134.5
1902240 134.4
1902250 134.4
1902260 134.3
1902270 134.3
1902280 134.3
1902290 134.3
1902300 134.3
1902310 134.3
1902320 134.3
1902330 134.2
1902340 134.2
1902350 134.2
1902360 134.1
1902370 134.1
1902380 134.1
1902390 134.1
1902400 134.1
1902410 134.1
1902420 134.2
1902430 134.2
1902440 134.2
1902450 134.3
1902460 134.3
1902470 134.3
1902480 134.2
1902490 134.2
1902500 134.1
1902510 134.1
1902520 134.1
1902530 134.1
1902540 134.1
1902550 134.1
1902560 134.1
1902570 134.0
1902580 134.0
1902590 133.9
1902600 133.9
1902610 133.9
1902620 134.0
1902630 134.0
1902640 134.0
1902650 134.0
1902660 133.9
1902670 133.9
1902680 133.9
1902690 133.9
1902700 133.9
1902710 133.9
1902720 133.8
1902730 133.8
1902740 133.9
1902750 133.9
1902760 133.9
1902770 134.0
1902780 134.1
1902790 134.1
1902800 134.1
1902810 134.1
1902820 134.1
1902830 134.1
1902840 134.1
1902850 134.1
1902860 134.0
1902870 134.0
1902880 134.0
1902890 134.0
1902900 134.1
1902910 134.1
1902920 134.1
1902930 134.1
1902940 134.1
1902950 134.1
1902960 134.0
1902970 134.0
1902980 134.0
1902990 134.0
1903000 133.9
1903010 133.9
1903020 133.8
1903030 133.7
1903040 133.7
1903050 133.7
1903060 133.8
1903070 133.8
1903080 133.9
1903090 133.9
1903100 133.9
1903110 134.0
1903120 134.0
1903130 134.0
1903140 134.0
1903150 134.0
1903160 134.0
1903170 134.0
1903180 134.1
1903190 134.1
1903200 134.1
1903210 134.2
1903220 134.2
1903230 134.2
1903240 134.1
1903250 134.1
1903260 134.0
1903270 133.8
1903280 133.8
1903290 133.8
1903300 133.8
1903310 133.8
1903320 134.0
1903330 134.1
1903340 134.1
1903350 134.2
1903360 134.1
1903370 134.1
1903380 134.0
1903390 133.9
1903400 133.9
1903410 133.8
1903420 133.8
1903430 133.8
1903440 133.8
1903450 133.9
1903460 133.9
1903470 133.9
1903480 133.9
1903490 133.9
1903500 133.9
1903510 133.9
1903520 133.9
1903530 133.9
1903540 133.8
1903550 133.8
1903560 133.8
1903570 133.8
1903580 133.8
1903590 133.9
1903600 134.0
1903610 134.0
1903620 134.0
1903630 134.0
1903640 134.0
1903650 133.9
1903660 133.9
1903670 133.9
1903680 134.0
1903690 134.0
1903700 134.0
1903710 134.1
1903720 134.0
1903730 134.0
1903740 134.0
1903750 134.0
1903760 134.0
1903770 134.1
1903780 134.1
1903790 134.1
1903800 134.1
1903810 134.1
1903820 134.1
1903830 134.1
1903840 134.1
1903850 134.1
1903860 134.0
1903870 133.9
1903880 133.9
1903890 133.9
1903900 133.8
1903910 133.8
1903920 133.8
1903930 133.8
1903940 133.8
1903950 133.8
1903960 133.8
1903970 133.8
1903980 133.8
1903990 133.9
1904000 133.9
1904010 134.0
1904020 134.0
1904030 134.0
1904040 134.0
1904050 134.1
1904060 134.1
1904070 134.2
1904080 134.2
1904090 134.2
1904100 134.2
1904110 134.2
1904120 134.2
1904130 134.3
1904140 134.2
1904150 134.2
1904160 134.2
1904170 134.2
1904180 134.2
1904190 134.2
1904200 134.2
1904210 134.2
1904220 134.2
1904230 134.2
1904240 134.2
1904250 134.2
1904260 134.2
1904270 134.2
1904280 134.0
1904290 133.9
1904300 133.9
1904310 133.9
1904320 133.9
1904330 134.1
1904340 134.1
1904350 134.2
1904360 134.3
1904370 134.3
1904380 134.2
1904390 134.0
1904400 134.0
1904410 133.9
1904420 133.8
1904430 133.8
1904440 133.8
1904450 133.7
1904460 133.7
1904470 133.7
1904480 133.7
1904490 133.7
1904500 133.7
1904510 133.9
1904520 133.9
1904530 134.0
1904540 134.0
1904550 134.0
1904560 133.9
1904570 133.8
1904580 133.8
1904590 133.7
1904600 133.7
1904610 133.7
1904620 133.7
1904630 133.7
1904640 133.7
1904650 133.7
1904660 133.8
1904670 133.8
1904680 133.8
1904690 133.7
1904700 133.7
1904710 133.6
1904720 133.6
1904730 133.6
1904740 133.6
1904750 133.7
1904760 133.7
1904770 133.7
1904780 133.7
1904790 133.7
1904800 133.7
1904810 133.7
1904820 133.7
1904830 133.8
1904840 133.8
1904850 133.8
1904860 133.7
1904870 133.7
1904880 133.7
1904890 133.7
1904900 133.8
1904910 133.8
1904920 134.1
1904930 134.2
1904940 134.2
1904950 134.0
1904960 133.8
1904970 133.8
1904980 133.7
1904990 133.6
1905000 133.6
1905010 133.5
1905020 133.5
1905030 133.5
1905040 133.6
1905050 133.7
1905060 133.7
1905070 133.7
1905080 133.8
1905090 133.8
1905100 133.8
1905110 133.7
1905120 133.7
1905130 133.7
1905140 133.7
1905150 133.7
1905160 133.8
1905170 133.9
1905180 133.9
1905190 133.9
1905200 133.8
1905210 133.8
1905220 133.8
1905230 133.8
1905240 133.8
1905250 133.9
1905260 133.9
1905270 133.9
1905280 133.9
1905290 133.9
1905300 133.9
1905310 133.9
1905320 133.9
1905330 133.9
1905340 134.0
1905350 134.0
1905360 134.0
1905370 133.9
1905380 133.9
1905390 133.9
1905400 133.9
1905410 133.9
1905420 133.9
1905430 133.9
1905440 133.9
1905450 133.9
1905460 133.9
1905470 133.9
1905480 133.9
1905490 133.8
1905500 133.8
1905510 133.8
1905520 134.1
1905530 134.4
1905540 134.4
1905550 134.5
1905560 134.5
1905570 134.5
1905580 134.5
1905590 134.3
1905600 134.3
1905610 134.3
1905620 134.3
1905630 134.3
1905640 134.2
1905650 134.0
1905660 134.0
1905670 133.7
1905680 133.5
1905690 133.5
1905700 133.3
1905710 133.1
1905720 133.0
1905730 133.0
1905740 132.9
1905750 132.9
1905760 132.9
1905770 133.0
1905780 133.0
1905790 133.0
1905800 133.0
1905810 132.9
1905820 132.9
1905830 132.9
1905840 132.8
1905850 132.8
1905860 132.9
1905870 132.9
1905880 132.9
1905890 133.0
1905900 133.1
1905910 133.1
1905920 133.2
1905930 133.4
1905940 133.4
1905950 133.5
1905960 133.6
1905970 133.6
1905980 133.7
1905990 133.8
1906000 133.8
1906010 133.9
1906020 134.0
1906030 134.0
1906040 133.9
1906050 133.9
1906060 133.9
1906070 133.8
1906080 133.8
1906090 133.8
1906100 133.9
1906110 133.9
1906120 133.9
1906130 133.9
1906140 133.9
1906150 133.9
1906160 133.9
1906170 133.9
1906180 133.9
1906190 133.9
1906200 133.9
1906210 133.9
1906220 134.0
1906230 134.0
1906240 134.0
1906250 134.0
1906260 134.1
1906270 134.1
1906280 134.1
1906290 134.2
1906300 134.2
1906310 134.3
1906320 134.3
1906330 134.3
1906340 134.4
1906350 134.3
1906360 134.3
1906370 134.3
1906380 134.3
1906390 134.3
1906400 134.4
1906410 134.4
1906420 134.4
1906430 134.4
1906440 134.4
1906450 134.4
1906460 134.3
1906470 134.4
1906480 134.4
1906490 134.3
1906500 134.3
1906510 134.3
1906520 134.3
1906530 134.4
1906540 134.4
1906550 134.4
1906560 134.4
1906570 134.4
1906580 134.3
1906590 134.3
1906600 134.3
1906610 134.2
1906620 134.1
1906630 134.1
1906640 134.2
1906650 134.2
1906660 134.2
1906670 134.3
1906680 134.4
1906690 134.4
1906700 134.4
1906710 134.4
1906720 134.4
1906730 134.5
1906740 134.4
1906750 134.4
1906760 134.2
1906770 134.1
1906780 134.1
1906790 134.0
1906800 134.1
1906810 134.1
1906820 134.1
1906830 134.1
1906840 134.1
1906850 134.0
1906860 133.9
1906870 133.9
1906880 133.8
1906890 133.6
1906900 133.6
1906910 133.6
1906920 133.4
1906930 133.4
1906940 133.3
1906950 133.2
1906960 133.2
1906970 133.0
1906980 132.8
1906990 132.8
1907000 132.6
1907010 132.3
1907020 132.3
1907030 132.2
1907040 132.1
1907050 132.1
1907060 132.0
1907070 131.8
1907080 131.8
1907090 131.6
1907100 131.4
1907110 131.4
1907120 131.3
1907130 131.3
1907140 131.3
1907150 131.5
1907160 131.7
1907170 131.7
1907180 131.7
1907190 131.8
1907200 131.6
1907210 131.6
1907220 131.3
1907230 131.0
1907240 131.0
1907250 130.8
1907260 130.8
1907270 130.8
1907280 131.1
1907290 131.3
1907300 131.3
1907310 131.2
1907320 130.8
1907330 130.8
1907340 130.8
1907350 131.1
1907360 131.1
1907370 131.4
1907380 131.6
1907390 131.6
1907400 131.8
1907410 132.0
1907420 132.0
1907430 132.2
1907440 132.6
1907450 132.6
1907460 132.8
1907470 132.8
1907480 132.8
1907580 132.5
1907590 132.4
1907600 132.4
1907610 132.4
1907620 132.2
1907630 132.2
1907640 132.1
1907650 132.1
1907660 132.1
1907670 132.1
1907680 132.2
1907690 132.2
1907700 132.1
1907710 132.1
1907720 132.1
1907730 132.1
1907740 132.2
1907750 132.2
1907760 132.2
1907770 132.2
1907780 132.2
1907790 132.3
1907800 132.4
1907810 132.5
1907820 132.5
1907830 132.5
1907840 132.5
1907850 132.4
1907860 132.5
1907870 132.5
1907880 132.6
1907890 132.7
1907900 132.7
1907910 132.8
1907920 132.9
1907930 132.9
1907940 133.0
1907950 133.0
1907960 133.0
1907970 133.1
1907980 133.2
1907990 133.2
1908000 133.2
1908010 133.2
1908020 133.2
1908030 133.2
1908040 133.3
1908050 133.3
1908060 133.3
1908070 133.3
1908080 133.3
1908090 133.3
1908100 133.3
1908110 133.3
1908120 133.3
1908130 133.4
1908140 133.4
1908150 133.4
1908160 133.4
1908170 133.4
1908180 133.3
1908190 133.3
1908200 133.3
1908210 133.3
1908220 133.3
1908230 133.3
1908240 133.4
1908250 133.4
1908260 133.4
1908270 133.3
1908280 133.3
1908290 133.3
1908300 133.3
1908310 133.4
1908320 133.4
1908330 133.5
1908420 134.0
1908430 133.9
1908440 133.9
1908450 133.9
1908460 133.6
1908470 133.6
1908480 133.2
1908490 132.7
1908500 132.7
1908510 132.4
1908520 132.1
1908530 132.1
1908540 132.0
