1900000 133.8
1900010 133.8
1900020 133.7
1900030 133.7
1900040 133.7
1900050 133.7
1900060 133.7
1900070 133.7
1900080 133.6
1900090 133.6
1900100 133.6
1900110 133.6
1900120 133.6
1900130 133.7
1900140 133.6
1900150 133.6
1900160 133.6
1900170 133.6
1900180 133.6
1900190 133.6
1900200 133.6
1900210 133.6
1900220 133.6
1900230 133.6
1900240 133.6
1900250 133.6
1900260 133.6
1900270 133.6
1900280 133.7
1900290 133.9
1900300 133.9
1900310 134.0
1900320 134.3
1900330 134.3
1900340 134.4
1900350 134.2
1900360 134.2
1900370 133.9
1900380 133.7
1900390 133.7
1900400 133.5
1900410 133.5
1900420 133.5
1900430 133.5
1900440 133.5
1900450 133.5
1900460 133.5
1900470 133.5
1900480 133.5
1900490 133.5
1900500 133.5
1900510 133.5
1900520 133.5
1900530 133.5
1900540 133.5
1900550 133.6
1900560 133.6
1900570 133.6
1900580 133.6
1900590 133.6
1900600 133.6
1900610 133.7
1900620 133.8
1900630 133.8
1900640 134.0
1900650 134.0
1900660 134.0
1900670 134.0
1900680 134.0
1900690 134.0
1900700 134.0
1900710 134.0
1900720 134.0
1900730 133.9
1900740 133.9
1900750 133.9
1900760 133.9
1900770 133.9
1900780 133.9
1900790 133.9
1900800 133.9
1900810 133.9
1900820 133.9
1900830 133.9
1900840 133.9
1900850 133.9
1900860 133.9
1900870 133.9
1900880 134.0
1900890 134.0
1900900 134.0
1900910 133.9
1900920 133.9
1900930 133.9
1900940 134.0
1900950 134.1
1900960 134.1
1900970 134.1
1900980 134.1
1900990 134.1
1901000 134.1
1901010 134.1
1901020 134.1
1901030 134.1
1901040 134.1
1901050 134.1
1901060 134.1
1901070 134.1
1901080 134.1
1901090 134.2
1901100 134.2
1901110 134.2
1901120 134.2
1901130 134.2
1901140 134.2
1901150 134.2
1901160 134.3
1901170 134.3
1901180 134.5
1901190 134.7
1901200 134.7
1901210 134.5
1901220 134.2
1901230 134.2
1901240 134.1
1901250 134.1
1901260 134.1
1901270 134.1
1901280 134.2
1901290 134.2
1901300 134.1
1901310 134.1
1901320 134.1
1901330 134.2
1901340 134.2
1901350 134.2
1901360 134.2
1901370 134.1
1901380 134.1
1901390 134.1
1901400 134.0
1901410 134.1
1901420 134.1
1901430 134.1
1901440 134.1
1901450 134.2
1901460 134.2
1901470 134.2
1901480 134.2
1901490 134.2
1901500 134.3
1901510 134.3
1901520 134.4
1901530 134.5
1901540 134.5
1901550 134.4
1901560 134.2
1901570 134.2
1901580 134.1
1901590 134.1
1901600 134.1
1901610 134.1
1901620 134.2
1901630 134.2
1901640 134.2
1901650 134.3
1901660 134.3
1901670 134.3
1901680 134.3
1901690 134.3
1901700 134.4
1901710 134.3
1901720 134.3
1901730 134.3
1901740 134.3
1901750 134.3
1901760 134.4
1901770 134.3
1901780 134.3
1901790 134.3
1901800 134.4
1901810 134.4
1901820 134.4
1901830 134.4
1901840 134.4
1901850 134.5
1901860 134.5
1901870 134.5
1901880 134.5
1901890 134.5
1901900 134.5
1901910 134.5
1901920 134.5
1901930 134.5
1901940 134.5
1901950 134.6
1901960 134.6
1901970 134.6
1901980 134.6
1901990 134.6
1902000 134.6
1902010 134.6
1902020 134.6
1902030 134.5
1902040 134.5
1902050 134.5
1902060 134.5
1902070 134.5
1902080 134.5
1902090 134.5
1902100 134.4
1902110 134.4
1902120 134.4
1902130 134.4
1902140 134.4
1902150 134.5
1902160 134.6
1902170 134.6
1902180 134.7
1902190 134.8
1902200 134.8
1902210 134.8
1902220 134.7
1902230 134.7
1902240 134.6
1902250 134.6
1902260 134.6
1902270 134.6
1902280 134.6
1902290 134.6
1902300 134.6
1902310 134.5
1902320 134.5
1902330 134.4
1902340 134.3
1902350 134.3
1902360 134.2
1902370 134.2
1902380 134.2
1902390 134.1
1902400 134.1
1902410 134.1
1902420 134.1
1902430 134.1
1902440 134.1
1902450 134.2
1902460 134.2
1902470 134.2
1902480 134.2
1902490 134.1
1902500 134.1
1902510 134.1
1902520 134.1
1902530 134.1
1902540 134.2
1902550 134.2
1902560 134.2
1902570 134.2
1902580 134.1
1902590 134.1
1902600 134.1
1902610 134.1
1902620 134.1
1902630 134.1
1902640 134.1
1902650 134.1
1902660 134.0
1902670 134.0
1902680 134.0
1902690 134.0
1902700 134.0
1902710 134.0
1902720 134.0
1902730 134.0
1902740 134.0
1902750 133.9
1902760 133.9
1902770 134.0
1902780 134.0
1902790 134.0
1902800 134.0
1902810 134.0
1902820 133.9
1902830 133.9
1902840 133.9
1902850 133.9
1902860 133.9
1902870 133.9
1902880 133.9
1902890 134.0
1902900 134.0
1902910 134.1
1902920 134.1
1902930 134.1
1902940 134.0
1902950 133.9
1902960 133.9
1902970 133.9
1902980 133.9
1902990 133.9
1903000 133.9
1903010 133.8
1903020 133.8
1903030 133.8
1903040 133.8
1903050 133.8
1903060 133.9
1903070 133.9
1903080 133.9
1903090 134.0
1903100 134.0
1903110 134.0
1903120 133.9
1903130 133.8
1903140 133.8
1903150 133.7
1903160 133.7
1903170 133.7
1903180 133.8
1903190 133.8
1903200 133.8
1903210 133.9
1903220 133.9
1903230 133.9
1903240 133.9
1903250 133.9
1903260 133.9
1903270 133.9
1903280 133.9
1903290 133.9
1903300 133.9
1903310 133.8
1903320 133.8
1903330 133.8
1903340 133.8
1903350 133.8
1903360 133.7
1903370 133.6
1903380 133.6
1903390 133.6
1903400 133.7
1903410 133.7
1903420 133.8
1903430 134.0
1903440 134.0
1903450 134.0
1903460 134.0
1903470 134.0
1903480 133.9
1903490 133.8
1903500 133.8
1903510 133.7
1903520 133.6
1903530 133.6
1903540 133.7
1903550 133.7
1903560 133.7
1903570 133.8
1903580 133.8
1903590 133.8
1903600 133.8
1903610 133.8
1903620 133.9
1903630 133.9
1903640 133.9
1903650 133.9
1903660 133.9
1903670 133.9
1903680 133.9
1903690 134.0
1903700 134.1
1903710 134.1
1903720 134.1
1903730 134.0
1903740 134.0
1903750 133.9
1903760 133.9
1903770 133.9
1903780 133.8
1903790 133.8
1903800 133.8
1903810 133.7
1903820 133.7
1903830 133.7
1903840 133.7
1903850 133.6
1903860 133.6
1903870 133.7
1903880 133.7
1903890 133.7
1903900 133.7
1903910 133.8
1903920 133.8
1903930 133.9
1903940 134.0
1903950 134.0
1903960 134.1
1903970 134.1
1903980 134.1
1903990 134.2
1904000 134.1
1904010 134.1
1904020 134.1
1904030 134.0
1904040 134.0
1904050 134.1
1904060 134.1
1904070 134.1
1904080 134.1
1904090 134.1
1904100 134.1
1904110 134.1
1904120 134.1
1904130 134.1
1904140 134.1
1904150 134.1
1904160 134.1
1904170 134.1
1904180 134.1
1904190 134.1
1904200 134.1
1904210 134.1
1904220 134.2
1904230 134.2
1904240 134.2
1904250 134.2
1904260 134.2
1904270 134.2
1904280 134.1
1904290 134.1
1904300 134.1
1904310 134.0
1904320 134.0
1904330 134.0
1904340 133.9
1904350 133.9
1904360 133.9
1904370 133.9
1904380 133.9
1904390 134.0
1904400 134.0
1904410 134.0
1904420 133.8
1904430 133.7
1904440 133.7
1904450 133.7
1904460 133.7
1904470 133.7
1904480 133.7
1904490 133.8
1904500 133.8
1904510 133.8
1904520 133.9
1904530 133.9
1904540 133.9
1904550 133.9
1904560 133.9
1904570 133.9
1904580 133.8
1904590 133.8
1904600 133.7
1904610 133.7
1904620 133.7
1904630 133.7
1904640 133.7
1904650 133.7
1904660 133.7
1904670 133.7
1904680 133.7
1904690 133.7
1904700 133.7
1904710 133.7
1904720 133.7
1904730 133.7
1904740 133.7
1904750 133.6
1904760 133.6
1904770 133.6
1904780 133.6
1904790 133.5
1904800 133.5
1904810 133.5
1904820 133.5
1904830 133.5
1904840 133.5
1904850 133.5
1904860 133.5
1904870 133.5
1904880 133.5
1904890 133.5
1904900 133.5
1904910 133.4
1904920 133.4
1904930 133.4
1904940 133.3
1904950 133.3
1904960 133.4
1904970 133.4
1904980 133.4
1904990 133.6
1905000 133.6
1905010 133.6
1905020 133.5
1905030 133.5
1905040 133.5
1905050 133.5
1905060 133.6
1905070 133.6
1905080 133.6
1905090 133.7
1905100 133.7
1905110 133.7
1905120 133.8
1905130 133.8
1905140 133.8
1905150 133.9
1905160 133.9
1905170 134.1
1905180 134.2
1905190 134.2
1905200 134.1
1905210 134.0
1905220 134.0
1905230 133.8
1905240 133.7
1905250 133.7
1905260 133.7
1905270 133.8
1905280 133.8
1905290 133.9
1905300 133.8
1905310 133.8
1905320 133.7
1905330 133.7
1905340 133.7
1905350 133.7
1905360 133.6
1905370 133.6
1905380 133.7
1905390 133.7
1905400 133.7
1905410 133.7
1905420 133.7
1905430 133.7
1905440 133.7
1905450 133.8
1905460 133.9
1905470 134.0
1905480 134.1
1905490 134.1
1905500 134.2
1905510 134.3
1905520 134.3
1905530 134.3
1905540 134.4
1905550 134.4
1905560 134.4
1905570 134.3
1905580 134.3
1905590 134.3
1905600 134.3
1905610 134.3
1905620 134.4
1905630 134.6
1905640 134.6
1905650 134.6
1905660 134.5
1905670 134.2
1905680 134.2
1905690 133.8
1905700 133.6
1905710 133.6
1905720 133.3
1905730 133.0
1905740 133.0
1905750 132.9
1905760 132.8
1905770 132.7
1905780 132.6
1905790 132.6
1905800 132.6
1905810 132.6
1905820 132.6
1905830 132.6
1905840 132.6
1905850 132.6
1905860 132.6
1905870 132.7
1905880 132.7
1905890 132.7
1905900 132.7
1905910 132.7
1905920 132.7
1905930 132.7
1905940 132.8
1905950 132.8
1905960 132.8
1905970 132.9
1905980 132.9
1905990 133.0
1906000 133.1
1906010 133.1
1906020 133.2
1906030 133.5
1906040 133.5
1906050 133.6
1906060 133.7
1906070 133.7
1906080 133.9
1906090 133.8
1906100 133.8
1906110 133.8
1906120 133.7
1906130 133.7
1906140 133.7
1906150 133.6
1906160 133.6
1906170 133.6
1906180 133.6
1906190 133.6
1906200 133.7
1906210 133.8
1906220 133.8
1906230 133.8
1906240 133.9
1906250 133.9
1906260 133.8
1906270 133.8
1906280 133.8
1906290 133.8
1906300 133.9
1906310 133.9
1906320 133.9
1906330 134.0
1906340 134.0
1906350 134.0
1906360 134.0
1906370 134.0
1906380 134.1
1906390 134.2
1906400 134.2
1906410 134.1
1906420 134.1
1906430 134.1
1906440 134.0
1906450 134.0
1906460 134.0
1906470 133.9
1906480 134.0
1906490 134.0
1906500 134.1
1906510 134.1
1906520 134.1
1906530 134.0
1906540 134.1
1906550 134.1
1906560 134.1
1906570 134.2
1906580 134.2
1906590 134.2
1906600 134.1
1906610 134.1
1906620 134.1
1906630 134.2
1906640 134.2
1906650 134.3
1906660 134.3
1906670 134.3
1906680 134.3
1906690 134.3
1906700 134.3
1906710 134.2
1906720 134.1
1906730 134.1
1906740 134.1
1906750 134.0
1906760 134.0
1906770 134.1
1906780 134.1
1906790 134.1
1906800 134.1
1906810 134.1
1906820 134.1
1906830 134.2
1906840 134.3
1906850 134.3
1906860 134.2
1906870 134.1
1906880 134.1
1906890 133.9
1906900 134.0
1906910 134.0
1906920 134.0
1906930 134.1
1906940 134.1
1906950 134.1
1906960 134.1
1906970 134.1
1906980 134.1
1906990 133.8
1907000 133.8
1907010 133.8
1907020 133.7
1907030 133.7
1907040 133.5
1907050 133.4
1907060 133.3
1907070 133.3
1907080 133.2
1907090 133.2
1907100 133.2
1907110 133.2
1907120 133.2
1907130 133.2
1907140 133.0
1907150 132.8
1907160 132.8
1907170 132.8
1907180 132.4
1907190 132.4
1907200 132.3
1907210 132.3
1907220 132.3
1907230 132.3
1907240 132.4
1907250 132.4
1907260 132.5
1907270 132.4
1907280 132.4
1907290 132.3
1907300 132.0
1907310 132.0
1907320 131.7
1907330 131.5
1907340 131.5
1907350 131.3
1907360 131.3
1907370 131.3
1907380 131.4
1907390 131.3
1907400 131.3
1907410 131.3
1907420 131.2
1907430 131.2
1907440 131.2
1907450 131.3
1907460 131.3
1907470 131.5
1907480 131.8
1907490 131.8
1907500 132.0
1907510 132.1
1907520 132.1
1907530 132.1
1907540 132.2
1907550 132.2
1907560 132.2
1907570 132.2
1907580 132.2
1907590 132.3
1907600 132.6
1907610 132.9
1907620 133.0
1907630 133.0
1907640 133.0
1907650 133.0
1907660 133.0
1907670 133.0
1907680 133.0
1907690 132.9
1907700 132.9
1907710 132.8
1907720 132.8
1907730 132.8
1907740 132.7
1907750 132.7
1907760 132.7
1907770 132.6
1907780 132.6
1907790 132.6
1907800 132.6
1907810 132.6
1907820 132.6
1907830 132.5
1907840 132.4
1907850 132.4
1907860 132.2
1907870 132.1
1907880 132.1
1907890 132.0
1907900 131.9
1907910 131.9
1907920 132.0
1907930 132.0
1907940 132.0
1907950 131.9
1907960 131.9
1907970 131.9
1907980 132.0
1907990 132.1
1908000 132.1
1908010 132.1
1908020 132.1
1908030 132.1
1908040 132.2
1908050 132.3
1908060 132.3
1908070 132.5
1908080 132.6
1908090 132.6
1908100 132.8
1908110 132.8
1908120 132.8
1908130 132.9
1908140 133.0
1908150 133.0
1908160 133.1
1908170 133.2
1908180 133.2
1908190 133.2
1908200 133.3
1908210 133.3
1908220 133.3
1908230 133.3
1908240 133.3
1908250 133.4
1908260 133.4
1908270 133.4
1908280 133.4
1908290 133.4
1908300 133.4
1908310 133.4
1908320 133.5
1908330 133.5
1908340 133.6
1908350 133.7
1908360 133.7
1908370 133.9
1908380 133.9
1908390 133.9
1908400 133.9
1908410 133.9
1908420 133.9
1908430 133.7
1908440 133.6
1908450 133.6
1908460 133.3
1908470 133.1
1908480 132.9
1908490 132.9
1908500 132.7
1908510 132.5
1908520 132.4
1908530 132.1
1908540 132.0
1908550 132.0
1908560 132.0
1908570 131.9
1908580 131.9
1908590 131.9
1908600 131.8
1908610 131.8
1908620 131.8
1908630 131.9
1908640 131.9
1908650 131.9
1908660 132.0
1908670 132.0
1908680 132.2
