1900000 132.8
1900010 132.9
1900020 132.9
1900030 132.9
1900040 133.0
1900050 133.1
1900060 133.1
1900070 133.1
1900080 133.2
1900090 133.2
1900100 133.3
1900110 133.4
1900120 133.4
1900130 133.5
1900140 133.6
1900150 133.6
1900160 133.7
1900170 133.8
1900180 133.8
1900190 133.8
1900200 133.9
1900210 133.9
1900220 133.9
1900230 133.9
1900240 133.9
1900250 133.9
1900260 133.9
1900270 133.9
1900280 133.9
1900290 133.8
1900300 133.8
1900310 133.8
1900320 133.8
1900330 133.8
1900340 133.7
1900350 133.6
1900360 133.6
1900370 133.5
1900380 133.4
1900390 133.4
1900400 133.3
1900410 133.3
1900420 133.3
1900430 133.3
1900440 133.4
1900450 133.4
1900460 133.5
1900470 133.5
1900480 133.5
1900490 133.5
1900500 133.4
1900510 133.4
1900520 133.3
1900530 133.4
1900540 133.4
1900550 133.4
1900560 133.5
1900570 133.5
1900580 133.5
1900590 133.3
1900600 133.3
1900610 133.2
1900620 133.2
1900630 133.2
1900640 133.2
1900650 133.2
1900660 133.2
1900670 133.3
1900680 133.3
1900690 133.3
1900700 133.3
1900710 133.3
1900720 133.3
1900730 133.3
1900740 133.3
1900750 133.3
1900760 133.3
1900770 133.3
1900780 133.3
1900790 133.3
1900800 133.4
1900810 133.4
1900820 133.4
1900830 133.5
1900840 133.5
1900850 133.5
1900860 133.6
1900870 133.7
1900880 133.7
1900890 133.7
1900900 133.8
1900910 133.8
1900920 133.8
1900930 133.8
1900940 133.8
1900950 133.7
1900960 133.7
1900970 133.7
1900980 133.7
1900990 133.7
1901000 133.7
1901010 133.6
1901020 133.6
1901030 133.6
1901040 133.7
1901050 133.8
1901060 133.8
1901070 133.8
1901080 133.7
1901090 133.7
1901100 133.7
1901110 133.6
1901120 133.6
1901130 133.6
1901140 133.7
1901150 133.7
1901160 133.7
1901170 133.7
1901180 133.7
1901190 133.7
1901200 133.7
1901210 133.7
1901220 133.8
1901230 133.8
1901240 133.8
1901250 133.8
1901260 133.8
1901270 133.8
1901280 133.7
1901290 133.6
1901300 133.6
1901310 133.9
1901320 134.0
1901330 134.0
1901340 133.9
1901350 133.7
1901360 134.2
1901370 134.4
1901380 134.3
1901390 134.3
1901400 134.0
1901410 133.8
1901420 133.8
1901430 133.7
1901440 133.7
1901450 133.7
1901460 133.7
1901470 133.8
1901480 133.8
1901490 133.9
1901500 133.9
1901510 133.9
1901520 133.8
1901530 133.8
1901540 133.8
1901550 133.2
1901560 132.2
1901570 132.2
1901580 131.4
1901590 131.4
1901600 131.4
1901610 131.6
1901620 131.9
1901630 131.9
1901640 131.4
1901650 131.1
1901660 131.1
1901670 131.5
1901680 133.7
1901690 133.7
1901700 134.0
1901710 133.8
1901720 133.8
1901730 133.8
1901740 133.9
1901750 133.9
1901760 133.9
1901770 133.9
1901780 133.9
1901790 133.9
1901800 133.9
1901810 133.9
1901820 134.0
1901830 134.0
1901840 134.0
1901850 134.0
1901860 133.9
1901870 133.9
1901880 133.9
1901890 133.9
1901900 133.9
1901910 133.9
1901920 133.9
1901930 133.9
1901940 133.9
1901950 134.0
1901960 134.0
1901970 134.0
1901980 134.1
1901990 134.1
1902000 134.1
1902010 134.1
1902020 134.1
1902030 134.1
1902040 134.1
1902050 134.1
1902060 134.2
1902070 134.3
1902080 134.3
1902090 134.3
1902100 134.2
1902110 134.2
1902120 134.2
1902130 134.0
1902140 133.9
1902150 133.9
1902160 133.8
1902170 133.7
1902180 133.7
1902190 133.7
1902200 133.6
1902210 133.6
1902220 133.7
1902230 133.8
1902240 133.8
1902250 133.9
1902260 133.9
1902270 133.9
1902280 133.8
1902290 133.8
1902300 133.8
1902310 133.7
1902320 133.7
1902330 133.7
1902340 133.7
1902350 133.7
1902360 133.7
1902370 133.6
1902380 133.7
1902390 133.7
1902400 133.8
1902410 133.9
1902420 133.9
1902430 133.8
1902440 133.9
1902450 133.9
1902460 133.9
1902470 133.9
1902480 133.9
1902490 134.0
1902500 134.0
1902510 134.0
1902520 134.0
1902530 133.9
1902540 133.9
1902550 133.8
1902560 133.8
1902570 133.8
1902580 133.9
1902590 133.9
1902600 133.9
1902610 133.9
1902620 133.9
1902630 133.9
1902640 133.9
1902650 134.0
1902660 134.0
1902670 134.0
1902680 134.1
1902690 134.1
1902700 134.1
1902710 134.1
1902720 134.1
1902730 134.1
1902740 134.0
1902750 134.0
1902760 134.0
1902770 134.0
1902780 134.0
1902790 133.9
1902800 134.1
1902810 134.1
1902820 134.2
1902830 134.3
1902840 134.3
1902850 134.3
1902860 134.3
1902870 134.3
1902880 134.3
1902890 134.3
1902900 134.5
1902910 134.6
1902920 134.6
1902930 134.6
1902940 134.4
1902950 134.4
1902960 134.4
1902970 134.4
1902980 134.3
1902990 134.3
1903000 134.3
1903010 134.3
1903020 134.3
1903030 134.3
1903040 134.2
1903050 134.2
1903060 134.0
1903070 133.9
1903080 133.9
1903090 133.8
1903100 133.7
1903110 133.7
1903120 133.7
1903130 133.6
1903140 133.6
1903150 133.6
1903160 133.7
1903170 133.7
1903180 133.8
1903190 133.9
1903200 133.9
1903210 133.9
1903220 133.9
1903230 133.9
1903240 133.9
1903250 133.9
1903260 133.9
1903270 133.9
1903280 133.8
1903290 133.8
1903300 133.8
1903310 133.8
1903320 133.8
1903330 133.8
1903340 133.8
1903350 133.8
1903360 133.8
1903370 133.8
1903380 133.8
1903390 133.8
1903400 133.8
1903410 133.8
1903420 133.7
1903430 133.7
1903440 133.7
1903450 133.8
1903460 133.8
1903470 133.8
1903480 133.8
1903490 133.7
1903500 133.7
1903510 133.7
1903520 133.7
1903530 133.6
1903540 133.6
1903550 133.6
1903560 133.6
1903570 133.6
1903580 133.7
1903590 133.9
1903600 133.9
1903610 134.0
1903620 134.2
1903630 134.2
1903640 134.0
1903650 133.9
1903660 133.9
1903670 133.8
1903680 133.7
1903690 133.7
1903700 133.7
1903710 133.6
1903720 133.6
1903730 133.6
1903740 133.6
1903750 133.6
1903760 133.6
1903770 133.5
1903780 133.5
1903790 133.4
1903800 133.4
1903810 133.4
1903820 133.4
1903830 133.4
1903840 133.4
1903850 133.4
1903860 133.4
1903870 133.4
1903880 133.3
1903890 133.4
1903900 133.4
1903910 133.5
1903920 133.6
1903930 133.6
1903940 133.6
1903950 133.6
1903960 133.6
1903970 133.6
1903980 133.6
1903990 133.6
1904000 133.6
1904010 133.6
1904020 133.6
1904030 133.6
1904040 133.6
1904050 133.6
1904060 133.5
1904070 133.5
1904080 133.5
1904090 133.5
1904100 133.4
1904110 133.4
1904120 133.4
1904130 133.3
1904140 133.4
1904150 133.4
1904160 133.4
1904170 133.4
1904180 133.4
1904190 133.4
1904200 133.4
1904210 133.7
1904220 133.7
1904230 133.7
1904240 133.6
1904250 133.5
1904260 133.5
1904270 133.5
1904280 133.4
1904290 133.4
1904300 133.4
1904310 133.3
1904320 133.3
1904330 133.4
1904340 133.5
1904350 133.5
1904360 133.6
1904370 133.6
1904380 133.6
1904390 133.6
1904400 133.6
1904410 133.6
1904420 133.6
1904430 133.6
1904440 133.5
1904450 133.5
1904460 133.4
1904470 133.4
1904480 133.4
1904490 133.4
1904500 133.4
1904510 133.4
1904520 133.4
1904530 133.4
1904540 133.4
1904550 133.4
1904560 133.4
1904570 133.3
1904580 133.3
1904590 133.3
1904600 133.3
1904610 133.4
1904620 133.4
1904630 133.4
1904640 133.3
1904650 133.3
1904660 133.3
1904670 133.3
1904680 133.3
1904690 133.3
1904700 133.3
1904710 133.3
1904720 133.4
1904730 133.4
1904740 133.4
1904750 133.4
1904760 133.4
1904770 133.4
1904780 133.5
1904790 133.5
1904800 133.5
1904810 133.4
1904820 133.4
1904830 133.4
1904840 133.4
1904850 133.4
1904860 133.4
1904870 133.4
1904880 133.4
1904890 133.3
1904900 133.3
1904910 133.3
1904920 133.2
1904930 133.2
1904940 133.3
1904950 133.3
1904960 133.3
1904970 133.3
1904980 133.4
1904990 133.4
1905000 133.5
1905010 133.5
1905020 133.5
1905030 133.5
1905040 133.6
1905050 133.6
1905060 133.6
1905070 133.6
1905080 133.6
1905090 133.5
1905100 133.5
1905110 133.5
1905120 133.5
1905130 133.5
1905140 133.5
1905150 133.5
1905160 133.5
1905170 133.5
1905180 133.6
1905190 133.6
1905200 133.6
1905210 133.5
1905220 133.6
1905230 133.6
1905240 133.6
1905250 133.6
1905260 133.6
1905270 133.6
1905280 133.6
1905290 133.6
1905300 133.6
1905310 133.6
1905320 133.6
1905330 133.6
1905340 133.5
1905350 133.5
1905360 133.6
1905370 133.5
1905380 133.5
1905390 133.5
1905400 133.6
1905410 133.6
1905420 133.6
1905430 133.6
1905440 133.6
1905450 133.7
1905460 133.7
1905470 133.7
1905480 133.7
1905490 133.7
1905500 133.7
1905510 133.8
1905520 133.8
1905530 133.8
1905540 133.8
1905550 133.7
1905560 133.7
1905570 133.7
1905580 133.6
1905590 133.6
1905600 133.5
1905610 133.4
1905620 133.4
1905630 133.3
1905640 133.3
1905650 133.3
1905660 133.2
1905670 133.2
1905680 133.2
1905690 133.1
1905700 133.1
1905710 133.1
1905720 133.1
1905730 133.1
1905740 133.1
1905750 133.1
1905760 133.1
1905770 133.1
1905780 133.1
1905790 133.0
1905800 133.0
1905810 133.0
1905820 133.0
1905830 133.0
1905840 133.0
1905850 132.9
1905860 132.9
1905870 132.2
1905880 131.7
1905890 131.7
1905900 131.7
1905910 131.7
1905920 131.7
1905930 131.9
1905940 132.2
1905950 132.2
1905960 132.7
1905970 133.0
1905980 133.1
1905990 133.4
1906000 133.7
1906010 133.7
1906020 133.8
1906030 133.9
1906040 133.9
1906050 134.0
1906060 133.9
1906070 133.9
1906080 133.8
1906090 133.8
1906100 133.8
1906110 133.7
1906120 133.6
1906130 133.6
1906140 133.5
1906150 133.5
1906160 133.5
1906170 133.4
1906180 133.3
1906190 133.3
1906200 133.2
1906210 133.2
1906220 133.2
1906230 133.4
1906240 133.5
1906250 133.5
1906260 133.5
1906270 133.3
1906280 133.0
1906290 132.9
1906300 132.8
1906310 132.8
1906320 132.8
1906330 132.9
1906340 132.8
1906350 132.8
1906360 132.6
1906370 132.5
1906380 132.5
1906390 132.6
1906400 132.6
1906410 132.6
1906420 132.3
1906430 132.1
1906440 132.1
1906450 132.0
1906460 132.0
1906470 132.0
1906480 131.9
1906490 132.0
1906500 132.0
1906510 132.1
1906520 132.1
1906530 132.1
1906540 132.1
1906550 132.2
1906560 132.2
1906570 132.4
1906580 132.7
1906590 132.6
1906600 132.9
1906610 133.1
1906620 133.1
1906630 133.1
1906640 133.4
1906650 133.4
1906660 133.3
1906670 133.0
1906680 133.0
1906690 132.9
1906700 132.9
1906710 132.9
1906720 132.9
1906730 132.9
1906740 132.9
1906750 132.8
1906760 132.9
1906770 132.9
1906780 133.1
1906790 133.4
1906800 133.4
1906810 133.5
1906820 133.5
1906830 133.5
1906840 133.5
1906850 133.5
1906860 133.5
1906870 133.5
1906880 133.6
1906890 133.6
1906900 133.6
1906910 133.7
1906920 133.7
1906930 133.7
1906940 133.8
1906950 133.8
1906960 133.7
1906970 133.7
1906980 133.7
1906990 133.7
1907000 133.7
1907010 133.7
1907020 133.7
1907030 133.7
1907040 133.7
1907050 133.6
1907060 133.6
1907070 133.6
1907080 133.5
1907090 133.5
1907100 133.5
1907110 133.5
1907120 133.5
1907130 133.5
1907140 133.5
1907150 133.5
1907160 133.5
1907170 133.6
1907180 133.8
1907190 133.8
1907200 133.9
1907210 133.8
1907220 133.8
1907230 133.8
1907240 133.8
1907250 133.8
1907260 133.8
1907270 133.7
1907280 133.7
1907290 133.6
1907300 133.5
1907310 133.5
1907320 133.5
1907330 133.6
1907340 133.6
1907350 133.7
1907360 133.8
1907370 133.8
1907380 133.7
1907390 133.7
1907400 133.7
1907410 133.6
1907420 133.5
1907430 133.5
1907440 133.3
1907450 133.1
1907460 133.1
1907470 133.0
1907480 132.8
1907490 132.8
1907500 132.6
1907510 132.6
1907520 132.6
1907530 132.6
1907540 132.5
1907550 132.5
1907560 132.5
1907570 132.5
1907580 132.5
1907590 132.5
1907600 132.6
1907610 132.6
1907620 132.7
1907630 132.8
1907640 132.8
1907650 132.8
1907660 132.7
1907670 132.6
1907680 132.6
1907690 132.5
1907700 132.5
1907710 132.5
1907720 132.5
1907730 132.6
1907740 132.6
1907750 132.6
1907760 132.7
1907770 132.7
1907780 132.7
1907790 132.7
1907800 132.7
1907810 132.7
1907820 132.7
1907830 132.7
1907840 132.6
1907850 132.6
1907860 132.6
1907870 132.6
1907880 132.6
1907890 132.6
1907900 132.6
1907910 132.7
1907920 132.7
1907930 132.7
1907940 132.6
1907950 132.6
1907960 132.6
1907970 132.7
1907980 132.7
1907990 132.7
1908000 132.6
1908010 132.6
1908020 132.6
1908030 132.6
1908040 132.6
1908050 132.7
1908060 132.9
1908070 132.9
1908080 133.0
1908090 133.3
1908100 133.3
1908110 133.4
1908120 133.5
1908130 133.5
1908140 133.3
1908150 133.0
1908160 133.0
1908170 132.5
1908180 132.1
1908190 132.1
1908200 131.9
1908210 131.8
1908220 131.8
1908230 131.7
1908240 131.6
1908250 131.6
1908260 131.4
1908270 131.2
1908280 131.2
1908290 131.0
1908300 130.9
1908310 130.9
1908320 130.9
1908330 130.9
1908340 130.9
1908350 130.9
1908360 131.0
1908370 131.0
1908380 131.0
1908390 130.9
1908400 130.9
1908410 130.7
1908420 130.6
1908430 130.8
1908440 131.0
1908450 131.1
1908460 131.1
1908470 131.3
1908480 131.4
1908490 131.4
1908500 131.5
1908510 131.5
1908520 131.5
1908530 131.5
1908540 131.6
1908550 131.6
1908560 131.6
1908570 131.6
1908580 131.6
1908590 131.6
1908600 131.6
1908610 131.6
1908620 131.7
1908630 131.7
1908640 131.7
1908650 131.7
1908660 131.8
1908670 131.8
1908680 131.8
1908690 131.8
1908700 131.8
1908710 131.7
1908720 131.8
1908730 131.7
1908740 131.8
1908750 131.9
1908760 131.9
1908770 132.0
1908780 132.1
1908790 132.1
1908800 132.2
1908810 132.2
1908820 132.2
1908830 132.1
1908840 132.0
1908850 132.0
1908860 131.8
1908870 131.7
1908880 131.7
1908890 131.7
1908900 131.7
1908910 131.7
1908920 131.7
1908930 131.8
1908940 131.8
1908950 131.8
1908960 131.9
1908970 131.9
1909040 131.9
1909050 131.8
1909060 131.8
1909070 131.7
1909080 131.7
1909090 131.8
1909100 131.8
1909110 131.9
1909120 131.9
1909130 131.9
1909140 132.0
1909150 132.0
1909160 132.0
1909170 132.0
1909180 132.0
1909190 132.0
1909200 132.0
1909210 132.0
1909220 132.0
1909230 132.0
1909240 132.0
1909250 132.0
1909260 132.1
1909270 132.1
1909280 132.1
1909290 132.1
1909300 132.1
1909310 132.1
1909320 132.2
1909330 132.2
1909340 132.2
1909350 132.2
1909360 132.2
1909370 132.2
1909380 132.1
1909390 132.0
1909400 132.0
1909410 132.0
1909420 132.1
1909430 132.1
1909440 132.1
1909450 132.1
1909460 132.1
1909470 132.1
1909480 132.0
1909490 132.0
1909500 132.0
1909510 131.8
1909520 131.8
1909530 131.7
1909540 131.6
1909550 131.6
1909560 131.5
1909570 131.3
1909580 131.3
1909590 131.2
1909600 131.0
1909610 131.0
1909620 131.0
1909630 131.1
