1900000 134.7
1900010 134.8
1900020 134.8
1900030 134.7
1900040 134.6
1900050 134.6
1900060 134.5
1900070 134.5
1900080 134.5
1900090 134.5
1900100 134.6
1900110 134.6
1900120 134.7
1900130 134.7
1900140 134.7
1900150 134.7
1900160 134.7
1900170 134.7
1900180 134.7
1900190 134.8
1900200 134.8
1900210 134.8
1900220 134.8
1900230 134.8
1900240 134.8
1900250 134.8
1900260 134.8
1900270 134.7
1900280 134.8
1900290 134.8
1900300 134.8
1900310 134.9
1900320 135.1
1900330 135.1
1900340 135.2
1900350 135.2
1900360 135.2
1900370 135.2
1900380 135.3
1900390 135.3
1900400 135.3
1900410 135.4
1900420 135.4
1900430 135.5
1900440 135.5
1900450 135.5
1900460 135.4
1900470 135.4
1900480 135.4
1900490 135.4
1900500 135.3
1900510 135.3
1900520 135.3
1900530 135.3
1900540 135.3
1900550 135.3
1900560 135.2
1900570 135.2
1900580 135.1
1900590 135.2
1900600 135.2
1900610 135.2
1900620 135.1
1900630 135.1
1900640 135.1
1900650 134.9
1900660 134.9
1900670 134.8
1900680 134.7
1900690 134.7
1900700 134.7
1900710 134.7
1900720 134.7
1900730 134.8
1900740 134.8
1900750 134.8
1900760 134.7
1900770 134.6
1900780 134.6
1900790 134.6
1900800 134.5
1900810 134.5
1900820 134.6
1900830 134.7
1900840 134.7
1900850 134.7
1900860 134.7
1900870 134.7
1900880 134.6
1900890 134.6
1900900 134.6
1900910 134.6
1900920 134.7
1900930 134.7
1900940 134.7
1900950 134.6
1900960 134.6
1900970 134.5
1900980 134.4
1900990 134.4
1901000 134.3
1901010 134.3
1901020 134.3
1901030 134.3
1901040 134.4
1901050 134.4
1901060 134.5
1901070 134.6
1901080 134.6
1901090 134.7
1901100 134.8
1901110 134.8
1901120 134.8
1901130 134.9
1901140 134.9
1901150 134.9
1901160 135.0
1901170 135.0
1901180 135.0
1901190 135.0
1901200 135.0
1901210 134.9
1901220 134.8
1901230 134.8
1901240 134.8
1901250 134.8
1901260 134.8
1901270 134.7
1901280 134.7
1901290 134.7
1901300 134.7
1901310 134.6
1901320 134.6
1901330 134.5
1901340 134.5
1901350 134.5
1901360 134.4
1901370 134.4
1901380 134.4
1901390 134.3
1901400 134.4
1901410 134.4
1901420 134.4
1901430 134.4
1901440 134.4
1901450 134.5
1901460 134.5
1901470 134.5
1901480 134.6
1901490 134.7
1901500 134.7
1901510 134.7
1901520 134.7
1901530 134.7
1901540 134.7
1901550 134.7
1901560 134.7
1901570 134.7
1901580 134.7
1901590 134.7
1901600 134.7
1901610 134.7
1901620 134.7
1901630 134.7
1901640 134.7
1901650 134.7
1901660 134.8
1901670 134.8
1901680 134.8
1901690 134.8
1901700 134.8
1901710 134.8
1901720 134.8
1901730 134.8
1901740 134.7
1901750 134.8
1901760 134.7
1901770 134.8
1901780 134.8
1901790 134.8
1901800 134.9
1901810 134.9
1901820 134.8
1901830 134.9
1901840 134.9
1901850 134.9
1901860 135.0
1901870 135.0
1901880 134.9
1901890 134.9
1901900 134.9
1901910 134.9
1901920 134.9
1901930 134.9
1901940 134.8
1901950 134.8
1901960 134.8
1901970 134.7
1901980 134.8
1901990 134.8
1902000 134.8
1902010 134.7
1902020 134.7
1902030 134.6
1902040 134.7
1902050 134.7
1902060 134.7
1902070 135.0
1902080 135.0
1902090 135.2
1902100 135.0
1902110 135.0
1902120 134.8
1902130 134.7
1902140 134.7
1902150 134.6
1902160 134.7
1902170 134.7
1902180 134.8
1902190 134.9
1902200 134.9
1902210 134.9
1902220 134.9
1902230 134.9
1902240 134.8
1902250 134.8
1902260 134.8
1902270 134.8
1902280 134.8
1902290 134.8
1902300 134.8
1902310 134.7
1902320 134.7
1902330 134.7
1902340 134.7
1902350 134.7
1902360 134.6
1902370 134.6
1902380 134.6
1902390 134.6
1902400 134.6
1902410 134.6
1902420 134.6
1902430 134.7
1902440 134.7
1902450 134.7
1902460 134.7
1902470 134.7
1902480 134.6
1902490 134.6
1902500 134.6
1902510 134.6
1902520 134.6
1902530 134.6
1902540 134.5
1902550 134.5
1902560 134.5
1902570 134.5
1902580 134.4
1902590 134.4
1902600 134.5
1902610 134.6
1902620 134.6
1902630 134.5
1902640 134.7
1902650 134.7
1902660 134.8
1902670 134.8
1902680 134.7
1903220 134.6
1903230 134.6
1903240 134.5
1903250 134.4
1903260 134.4
1903270 134.4
1903280 134.4
1903290 134.4
1903300 134.4
1903310 134.4
1903320 134.4
1903330 134.3
1903340 134.3
1903350 134.3
1903360 134.2
1903370 134.2
1903380 134.2
1903390 134.1
1903400 134.2
1903410 134.2
1903420 134.2
1903430 134.1
1903440 134.1
1903450 134.1
1903460 134.1
1903470 134.1
1903480 134.2
1903490 134.2
1903500 134.2
1903510 134.3
1903520 134.5
1903530 134.5
1903540 134.7
1903550 134.7
1903560 134.7
1903570 134.6
1903580 134.5
1903590 134.5
1903600 134.4
1903610 134.4
1903620 134.4
1903630 134.4
1903640 134.4
1903650 134.4
1903660 134.3
1903670 134.3
1903680 134.3
1903690 134.2
1903700 134.2
1903710 134.2
1903720 134.2
1903730 134.3
1903740 134.3
1903750 134.3
1903760 134.3
1903770 134.3
1903780 134.3
1903790 134.2
1903800 134.2
1903810 134.1
1903820 134.0
1903830 134.0
1903840 134.0
1903850 133.8
1903860 133.8
1903870 133.8
1903880 133.8
1903890 133.8
1903900 133.8
1903910 133.9
1903920 133.9
1903930 133.9
1903940 134.0
1903950 134.0
1903960 134.0
1903970 134.0
1903980 134.0
1903990 133.9
1904000 134.0
1904010 134.0
1904020 133.9
1904030 133.9
1904040 133.9
1904050 133.8
1904060 133.9
1904070 133.9
1904080 133.9
1904090 134.0
1904100 134.0
1904110 134.1
1904120 134.2
1904130 134.2
1904140 134.2
1904150 134.3
1904160 134.3
1904170 134.4
1904180 134.4
1904190 134.4
1904200 134.4
1904210 134.4
1904220 134.6
1904230 134.6
1904240 134.7
1904250 134.7
1904260 134.9
1904270 135.0
1904280 135.0
1904290 135.3
1904300 135.3
1904310 135.3
1904320 135.3
1904330 135.3
1904340 135.3
1904350 135.3
1904360 135.2
1904370 135.2
1904380 135.2
1904390 135.2
1904400 135.2
1904410 135.1
1904420 135.0
1904430 135.0
1904440 134.8
1904450 134.8
1904460 134.8
1904470 134.7
1904480 134.6
1904490 134.6
1904500 134.6
1904510 134.6
1904520 134.6
1904530 134.8
1904540 134.9
1904550 134.9
1904560 134.9
1904570 135.0
1904580 135.0
1904590 135.0
1904600 134.9
1904610 134.9
1904620 134.7
1904630 134.6
1904640 134.6
1904650 134.5
1904660 134.4
1904670 134.3
1904680 134.3
1904690 134.2
1904700 134.1
1904710 134.1
1904720 134.0
1904730 134.0
1904740 134.0
1904750 134.0
1904760 134.2
1904770 134.2
1904780 134.5
1904790 134.4
1904800 134.4
1904810 134.3
1904820 134.1
1904830 134.1
1904840 134.0
1904850 134.0
1904860 134.0
1904870 134.3
1904880 134.3
1904890 134.3
1904900 134.4
1904910 134.4
1904920 134.4
1904930 134.5
1904940 134.6
1904950 134.6
1904960 134.7
1904970 134.7
1904980 134.7
1904990 134.7
1905000 134.7
1905010 134.7
1905020 134.8
1905030 134.8
1905040 134.8
1905050 134.8
1905060 134.8
1905070 134.8
1905080 134.7
1905090 134.8
1905100 134.8
1905110 134.8
1905120 134.7
1905130 134.7
1905140 134.8
1905150 134.9
1905160 134.9
1905170 134.9
1905180 135.0
1905190 135.0
1905200 135.0
1905210 135.1
1905220 135.1
1905230 135.1
1905240 135.1
1905250 135.1
1905260 135.1
1905270 135.0
1905280 135.0
1905290 135.0
1905300 135.0
1905310 135.0
1905320 134.9
1905330 134.9
1905340 134.9
1905350 134.8
1905360 134.8
1905370 134.8
1905380 134.8
1905390 134.8
1905400 134.8
1905410 134.6
1905420 134.5
1905430 134.5
1905440 134.4
1905450 134.2
1905460 134.2
1905470 133.9
1905480 133.6
1905490 133.6
1905500 133.3
1905510 133.0
1905520 133.0
1905530 132.8
1905540 132.6
1905550 132.6
1905560 132.5
1905570 132.5
1905580 132.5
1905590 132.5
1905600 132.4
1905610 132.4
1905620 132.4
1905630 132.4
1905640 132.4
1905650 132.5
1905660 132.5
1905670 132.5
1905680 132.6
1905690 132.6
1905700 132.6
1905710 132.6
1905720 132.5
1905730 132.5
1905740 132.5
1905750 132.5
1905760 132.5
1905770 132.5
1905780 132.6
1905790 132.6
1905800 132.9
1905810 133.1
1905820 133.1
1905830 133.3
1905840 133.6
1905850 133.6
1905860 133.7
1905870 133.7
1905880 133.7
1905890 133.6
1905900 133.6
1905910 133.6
1905920 133.7
1905930 133.7
1905940 133.7
1905950 133.8
1905960 134.0
1905970 134.0
1905980 134.2
1905990 134.2
1906000 134.2
1906010 134.3
1906020 134.2
1906030 134.2
1906040 134.2
1906050 134.2
1906060 134.2
1906070 134.0
1906080 134.1
1906090 134.1
1906100 134.1
1906110 134.2
1906120 134.2
1906130 134.2
1906140 134.1
1906150 134.0
1906160 134.0
1906170 133.8
1906180 133.7
1906190 133.7
1906200 133.6
1906210 133.5
1906220 133.5
1906230 133.5
1906240 133.4
1906250 133.4
1906260 133.3
1906270 133.3
1906280 133.3
1906290 133.1
1906300 132.9
1906310 132.9
1906320 132.7
1906330 132.6
1906340 132.6
1906350 132.5
1906360 132.2
1906370 132.1
1906380 131.7
1906390 131.4
1906400 131.4
1906410 131.1
