1900000 134.2
1900010 134.2
1900020 134.2
1900030 134.2
1900040 134.2
1900050 134.2
1900060 134.2
1900070 134.2
1900080 134.2
1900090 134.1
1900100 134.1
1900110 134.1
1900120 134.1
1900130 134.1
1900140 134.1
1900150 134.2
1900160 134.2
1900170 134.4
1900180 134.5
1900190 134.5
1900200 134.4
1900210 134.4
1900220 134.4
1900230 134.2
1900240 134.3
1900250 134.3
1900260 134.4
1900270 134.4
1900280 134.4
1900290 134.4
1900300 134.4
1900310 134.4
1900320 134.4
1900330 134.3
1900340 134.3
1900350 134.3
1900360 134.3
1900370 134.3
1900380 134.3
1900390 134.3
1900400 134.3
1900410 134.3
1900420 134.3
1900430 134.3
1900440 134.2
1900450 134.1
1900460 134.1
1900470 134.0
1900480 133.9
1900490 133.9
1900500 133.8
1900510 133.8
1900520 133.8
1900530 133.9
1900540 133.8
1900550 133.8
1900560 133.7
1900570 133.7
1900580 133.7
1900590 133.7
1900600 133.8
1900610 133.8
1900620 133.8
1900630 133.8
1900640 133.8
1900650 133.8
1900660 133.7
1900670 133.7
1900680 133.7
1900690 133.7
1900700 133.7
1900710 133.7
1900720 133.7
1900730 133.7
1900740 133.7
1900750 133.6
1900760 133.6
1900770 133.6
1900780 133.5
1900790 133.5
1900800 133.5
1900810 133.5
1900820 133.5
1900830 133.5
1900840 133.7
1900850 133.7
1900860 133.8
1900870 133.9
1900880 133.9
1900890 134.1
1900900 134.3
1900910 134.3
1900920 134.4
1900930 134.6
1900940 134.6
1900950 134.6
1900960 134.7
1900970 134.7
1900980 134.7
1900990 134.8
1901000 134.9
1901010 134.9
1901020 134.9
1901030 134.9
1901040 134.9
1901050 135.0
1901060 135.0
1901070 135.0
1901080 135.0
1901090 135.0
1901100 135.0
1901110 135.0
1901120 135.0
1901130 135.0
1901140 135.0
1901150 135.1
1901160 135.1
1901170 135.1
1901180 135.1
1901190 135.1
1901200 135.1
1901210 135.1
1901220 135.1
1901230 135.0
1901240 135.0
1901250 135.0
1901260 135.0
1901270 134.9
1901280 134.9
1901290 134.9
1901300 135.0
1901310 135.0
1901320 135.0
1901330 135.0
1901340 135.0
1901350 134.9
1901360 134.9
1901370 134.9
1901380 134.8
1901390 134.8
1901400 134.8
1901410 134.9
1901420 134.8
1901430 134.8
1901440 134.7
1901450 134.6
1901460 134.6
1901470 134.5
1901480 134.5
1901490 134.5
1901500 134.4
1901510 134.4
1901520 134.4
1901530 134.3
1901540 134.3
1901550 134.3
1901560 134.2
1901570 134.3
1901580 134.3
1901590 134.3
1901600 134.4
1901610 134.4
1901620 134.7
1901630 135.2
1901640 135.2
1901650 135.2
1901660 135.0
1901670 135.0
1901680 134.7
1901690 134.7
1901700 134.7
1901710 134.8
1901720 134.9
1901730 134.9
1901740 135.0
1901750 134.9
1901760 134.9
1901770 134.8
1901780 134.8
1901790 134.8
1901800 134.6
1901810 134.6
1901820 134.6
1901830 134.5
1901840 134.5
1901850 134.5
1901860 134.5
1901870 134.4
1901880 134.4
1901890 134.3
1901900 134.3
1901910 134.3
1901920 134.3
1901930 134.3
1901940 134.3
1901950 134.3
1901960 134.4
1901970 134.4
1901980 134.4
1901990 134.4
1902000 134.4
1902010 134.4
1902020 134.4
1902030 134.4
1902040 134.5
1902050 134.5
1902060 134.5
1902070 134.5
1902080 134.5
1902090 134.5
1902100 134.6
1902110 134.6
1902120 134.6
1902130 134.6
1902140 134.6
1902150 134.6
1902160 134.6
1902170 134.4
1902180 134.4
1902190 134.4
1902200 134.4
1902210 134.4
1902220 134.4
1902230 134.3
1902240 134.3
1902250 134.3
1902260 134.2
1902270 134.2
1902280 134.3
1902290 134.3
1902300 134.3
1902310 134.3
1902320 134.3
1902330 134.3
1902340 134.3
1902350 134.3
1902360 134.3
1902660 134.2
1902670 134.2
1902680 134.2
1902690 134.3
1902700 134.3
1902710 134.3
1902720 134.3
1902730 134.3
1902740 134.2
1902750 134.1
1902760 134.1
1902770 134.1
1902780 134.0
1902790 134.1
1902800 134.0
1902810 134.1
1902820 134.1
1902830 134.2
1902840 134.2
1902850 134.2
1902860 134.1
1902870 134.0
1902880 134.0
1902890 134.0
1902900 134.0
1902910 134.0
1902920 134.1
1902930 134.0
1902940 134.0
1902950 133.8
1902960 133.7
1902970 133.7
1902980 133.8
1902990 133.9
1903000 133.9
1903010 134.0
1903020 134.2
1903030 134.2
1903040 134.4
1903050 134.3
1903060 134.3
1903070 134.2
1903080 134.1
1903090 134.1
1903100 134.0
1903110 134.0
1903120 134.0
1903130 134.1
1903140 134.1
1903150 134.1
1903160 134.2
1903170 134.2
1903180 134.2
1903190 134.2
1903200 134.2
1903210 134.2
1903220 134.2
1903230 134.2
1903240 134.2
1903250 134.1
1903260 134.1
1903270 134.1
1903280 134.1
1903290 134.0
1903300 134.0
1903310 134.0
1903320 134.1
1903330 134.1
1903340 134.1
1903350 134.2
1903360 134.2
1903370 134.2
1903380 134.3
1903390 134.3
1903400 134.3
1903410 134.2
1903420 134.2
1903430 134.2
1903440 134.2
1903450 134.2
1903460 134.2
1903470 134.2
1903480 134.2
1903490 134.2
1903500 134.1
1903510 134.1
1903520 134.0
1903530 134.0
1903540 134.0
1903550 134.0
1903560 134.0
1903570 134.0
1903580 134.1
1903590 134.1
1903600 134.1
1903610 134.0
1903620 133.9
1903630 133.9
1903640 133.8
1903650 133.8
1903660 133.8
1903670 134.0
1903680 134.1
1903690 134.1
1903700 134.1
1903710 134.2
1903720 134.2
1903730 134.1
1903740 134.0
1903750 134.0
1903760 133.9
1903770 133.8
1903780 133.8
1903790 133.8
1903800 133.9
1903810 133.9
1903820 134.0
1903830 134.0
1903840 134.0
1903850 134.0
1903860 134.0
1903870 133.9
1903880 133.9
1903890 133.9
1903900 133.8
1903910 133.8
1903920 133.7
1903930 133.6
1903940 133.6
1903950 133.6
1903960 133.8
1903970 133.8
1903980 134.0
1903990 134.1
1904000 134.1
1904010 134.1
1904020 134.1
1904030 134.1
1904040 134.0
1904050 134.0
1904060 134.0
1904070 134.0
1904080 134.1
1904090 134.1
1904100 134.2
1904110 134.2
1904120 134.2
1904130 134.2
1904140 134.2
1904150 134.2
1904160 134.2
1904170 134.2
1904180 134.2
1904190 134.3
1904200 134.2
1904210 134.2
1904220 134.2
1904230 134.1
1904240 134.1
1904250 134.0
1904260 134.0
1904270 134.0
1904280 134.0
1904290 134.1
1904300 134.1
1904310 134.2
1904320 134.1
1904330 134.1
1904340 134.1
1904350 134.0
1904360 134.0
1904370 134.0
1904380 134.0
1904390 134.0
1904400 134.0
1904410 134.1
1904420 134.1
1904430 134.1
1904440 134.2
1904450 134.2
1904460 134.2
1904470 134.1
1904480 134.1
1904490 134.2
1904500 134.3
1904510 134.3
1904520 134.4
1904530 134.4
1904540 134.4
1904550 134.4
1904560 134.4
1904570 134.4
1904580 134.3
1904590 134.1
1904600 134.1
1904610 134.0
1904620 134.0
1904630 134.0
1904640 134.0
1904650 134.0
1904660 134.0
1904670 134.1
1904680 134.1
1904690 134.1
1904700 134.1
1904710 134.0
1904720 134.0
1904730 134.0
1904740 134.0
1904750 134.0
1904760 133.9
1904770 133.9
1904780 133.9
1904790 133.9
1904800 133.8
1904810 133.8
1904820 133.8
1904830 133.8
1904840 133.8
1904850 133.8
1904860 133.8
1904870 133.8
1904880 133.9
1904890 133.9
1904900 133.9
1904910 133.8
1904920 133.8
1904930 133.8
1904940 133.9
1904950 133.9
1904960 133.9
1904970 134.0
1904980 134.1
1904990 134.1
1905000 134.1
1905010 134.0
1905020 134.0
1905030 134.0
1905040 134.1
1905050 134.1
1905060 134.1
1905070 134.2
1905080 134.2
1905090 134.2
1905100 134.2
1905110 134.2
1905120 134.2
1905130 134.1
1905140 134.1
1905150 134.1
1905160 134.0
1905170 134.0
1905180 134.0
1905190 134.2
1905200 134.2
1905210 134.5
1905220 134.5
1905230 134.5
1905240 134.5
1905250 134.2
1905260 134.2
1905270 134.2
1905280 134.2
1905290 134.3
1905300 134.3
1905310 134.3
1905320 134.4
1905330 134.4
1905340 134.4
1905350 134.5
1905360 134.5
1905370 134.5
1905380 134.4
1905390 134.4
1905400 134.3
1905410 134.3
1905420 134.3
1905430 134.3
1905440 134.3
1905450 134.3
1905460 134.3
1905470 134.3
1905480 134.3
1905490 134.3
1905500 134.3
1905510 134.3
1905520 134.3
1905530 134.3
1905540 134.3
1905550 134.2
1905560 134.0
1905570 134.0
1905580 133.9
1905590 133.8
1905600 133.8
1905610 133.6
1905620 133.5
1905630 133.5
1905640 133.4
1905650 133.2
1905660 133.2
1905670 133.0
1905680 132.9
1905690 132.9
1905700 132.9
1905710 132.9
1905720 132.9
1905730 133.0
1905740 133.2
1905750 133.2
1905760 133.3
1905770 133.4
1905780 133.4
1905790 133.5
1905800 133.5
1905810 133.5
1905820 133.5
1905830 133.5
1905840 133.5
1905850 133.6
1905860 133.6
1905870 133.7
1905880 133.7
1905890 133.7
1905900 133.7
1905910 133.7
1905920 133.7
1905930 133.7
1905940 133.7
1905950 133.8
1905960 133.8
1905970 133.8
1905980 133.7
1905990 133.7
1906000 133.8
1906010 133.8
1906020 133.8
1906030 133.8
1906040 133.9
1906050 133.9
1906060 134.1
1906070 134.2
1906080 134.2
1906090 134.2
1906100 134.2
1906110 134.2
1906120 134.2
1906130 134.3
1906140 134.3
1906150 134.4
1906160 134.5
1906170 134.4
1906180 134.5
1906190 134.6
1906200 134.6
1906210 134.6
1906220 134.5
1906230 134.5
1906240 134.5
1906250 134.5
1906260 134.5
1906270 134.6
1906280 134.8
1906290 134.8
1906300 135.0
1906310 135.1
1906320 135.1
1906330 135.3
1906340 135.4
1906350 135.4
1906360 135.3
1906370 135.2
1906380 135.2
1906390 135.1
1906400 134.9
1906410 134.9
1906420 134.9
1906430 134.9
1906440 134.9
1906450 134.8
1906460 134.7
1906470 134.7
1906480 134.5
1906490 134.3
1906500 134.3
1906510 134.2
1906520 134.1
1906530 134.1
1906540 133.9
1906550 133.7
1906560 133.7
1906570 133.5
1906580 133.2
1906590 133.2
1906600 133.0
1906610 132.7
1906620 132.7
1906630 132.4
1906640 132.1
1906650 132.1
1906660 132.0
1906670 131.9
1906680 131.9
1906690 131.9
1906700 131.8
1906710 131.8
1906720 131.7
1906730 131.5
1906740 131.5
1906750 131.3
1906760 130.9
1906770 130.6
1906780 130.6
1906790 130.5
1906800 130.6
1906810 130.6
1906820 130.8
1906830 130.9
1906840 130.9
1906850 131.0
