1900000 134.8
1900010 134.6
1900020 134.3
1900030 134.3
1900040 134.1
1900050 134.1
1900060 134.1
1900070 133.9
1900080 133.8
1900090 133.8
1900100 133.7
1900110 133.7
1900120 133.7
1900130 133.8
1900140 133.9
1900150 133.9
1900160 134.1
1900170 134.1
1900180 134.1
1900190 134.2
1900200 134.2
1900210 134.2
1900220 134.2
1900230 134.2
1900240 134.2
1900250 134.2
1900260 134.1
1900270 134.1
1900280 134.1
1900290 134.0
1900300 134.0
1900310 134.0
1900320 133.9
1900330 133.8
1900340 133.8
1900350 133.7
1900360 133.6
1900370 133.6
1900380 133.6
1900390 133.6
1900400 133.6
1900410 133.6
1900420 133.5
1900430 133.5
1900440 133.5
1900450 133.5
1900460 133.5
1900470 133.4
1900480 133.3
1900490 133.3
1900500 133.3
1900510 133.4
1900520 133.4
1900530 133.4
1900540 133.3
1900550 133.3
1900560 133.3
1900570 133.3
1900580 133.3
1900590 133.3
1900600 133.3
1900610 133.3
1900620 133.2
1900630 133.3
1900640 133.3
1900650 133.3
1900660 133.3
1900670 133.3
1900680 133.3
1900690 133.4
1900700 133.4
1900710 133.5
1900720 133.6
1900730 133.5
1900740 133.5
1900750 133.6
1900760 133.6
1900770 133.6
1900780 133.6
1900790 133.6
1900800 133.6
1900810 133.6
1900820 133.6
1900830 133.6
1900840 133.7
1900850 133.7
1900860 133.9
1900870 134.1
1900880 134.1
1900890 134.3
1900900 134.4
1900910 134.4
1900920 134.4
1900930 134.4
1900940 134.4
1900950 134.5
1900960 134.5
1900970 134.5
1900980 134.5
1900990 134.5
1901000 134.5
1901010 134.4
1901020 134.4
1901030 134.4
1901040 134.4
1901050 134.4
1901060 134.4
1901070 134.4
1901080 134.4
1901090 134.4
1901100 134.4
1901110 134.3
1901120 134.3
1901130 134.3
1901140 134.3
1901150 134.3
1901160 134.3
1901170 134.3
1901180 134.3
1901190 134.3
1901200 134.4
1901210 134.4
1901220 134.4
1901230 134.4
1901240 134.4
1901250 134.4
1901260 134.4
1901270 134.4
1901280 134.4
1901290 134.4
1901300 134.4
1901310 134.4
1901320 134.4
1901330 134.4
1901340 134.4
1901350 134.5
1901360 134.5
1901370 134.6
1901380 134.7
1901390 134.7
1901400 135.2
1901410 135.0
1901420 135.0
1901430 134.7
1901440 134.5
1901450 134.5
1901460 134.5
1901470 134.5
1901480 134.5
1901490 134.5
1901500 134.5
1901510 134.5
1901520 134.5
1901530 134.5
1901540 134.5
1901550 134.5
1901560 134.5
1901570 134.5
1901580 134.5
1901590 134.5
1901600 134.5
1901610 134.5
1901620 134.4
1901630 134.4
1901640 134.4
1901650 134.5
1901660 134.5
1901670 134.5
1901680 134.5
1901690 134.5
1901700 134.5
1901710 134.4
1901720 134.4
1901730 134.4
1901740 134.3
1901750 134.3
1901760 134.3
1901770 134.3
1901780 134.3
1901790 134.3
1901800 134.3
1901810 134.3
1901820 134.3
1901830 134.4
1901840 134.5
1901850 134.5
1901860 134.5
1901870 134.5
1901880 134.5
1901890 134.5
1901900 134.5
1901910 134.5
1901920 134.6
1901930 134.6
1901940 134.6
1901950 134.7
1901960 134.8
1901970 134.8
1901980 134.7
1901990 134.6
1902000 134.6
1902010 134.5
1902020 134.5
1902030 134.5
1902040 134.5
1902050 134.4
1902060 134.4
1902070 134.4
1902080 134.4
1902090 134.4
1902100 134.4
1902110 134.4
1902120 134.4
1902130 134.3
1902140 134.2
1902150 134.2
1902160 134.2
1902170 134.2
1902180 134.2
1902190 134.2
1902200 134.2
1902210 134.2
1902220 134.2
1902230 134.2
1902240 134.2
1902250 134.2
1902260 134.2
1902270 134.2
1902280 134.3
1902290 134.3
1902300 134.3
1902310 134.3
1902320 134.4
1902330 134.4
1902340 134.4
1902350 134.4
1902360 134.4
1902370 134.4
1902380 134.3
1902390 134.3
1902400 134.4
1902410 134.4
1902420 134.4
1902430 134.4
1902440 134.4
1902450 134.4
1902460 134.3
1902470 134.2
1902480 134.2
1902490 134.1
1902500 134.1
1902510 134.1
1902520 134.0
1902530 134.1
1902540 134.1
1902550 134.1
1902560 134.2
1902570 134.2
1902580 134.2
1902590 134.2
1902600 134.2
1902610 134.1
1902620 134.1
1902630 134.1
1902640 134.1
1902650 134.0
1902660 134.0
1902670 134.0
1902680 134.0
1902690 134.0
1902700 134.1
1902710 134.1
1902720 134.1
1902730 134.1
1902740 134.0
1902750 134.0
1902760 134.0
1902770 134.1
1902780 134.1
1902790 134.1
1902800 134.2
1902810 134.2
1902820 134.2
1902830 134.2
1902840 134.2
1902850 134.1
1902860 134.1
1902870 134.1
1902880 134.1
1902890 134.1
1902900 134.1
1902910 134.1
1902920 134.0
1902930 134.0
1902940 133.9
1902950 133.8
1902960 133.8
1902970 133.8
1902980 133.8
1902990 133.8
1903000 133.8
1903010 133.8
1903020 133.8
1903030 133.8
1903040 133.8
1903050 133.8
1903060 133.8
1903070 133.9
1903080 133.9
1903090 134.0
1903100 134.0
1903110 133.9
1903120 133.9
1903130 134.0
1903140 134.0
1903150 134.0
1903160 134.0
1903170 134.0
1903180 134.0
1903190 134.0
1903200 134.0
1903210 134.0
1903220 134.1
1903230 134.2
1903240 134.2
1903250 134.4
1903260 134.4
1903270 134.4
1903280 134.2
1903290 134.0
1903300 134.0
1903310 134.0
1903320 134.0
1903330 134.0
1903340 133.9
1903350 134.0
1903360 134.0
1903370 134.2
1903380 134.2
1903390 134.2
1903400 134.1
1903410 134.0
1903420 134.0
1903430 133.9
1903440 133.8
1903450 133.8
1903460 133.8
1903470 133.8
1903480 133.8
1903490 133.8
1903500 133.9
1903510 133.9
1903520 133.9
1903530 133.8
1903540 133.8
1903550 133.7
1903560 133.6
1903570 133.6
1903580 133.6
1903590 133.7
1903600 133.7
1903610 133.8
1903620 133.8
1903630 133.8
1903640 133.9
1903650 134.0
1903660 134.0
1903670 134.0
1903680 134.0
1903690 134.0
1903700 134.1
1903710 134.2
1903720 134.2
1903730 134.2
1903740 134.2
1903750 134.2
1903760 134.2
1903770 134.2
1903780 134.2
1903790 134.1
1903800 134.1
1903810 134.1
1903820 134.0
1903830 134.0
1903840 134.0
1903850 133.9
1903860 133.9
1903870 133.9
1903880 133.8
1903890 133.8
1903900 133.8
1903910 133.8
1903920 133.7
1903930 133.7
1903940 133.7
1903950 133.7
1903960 133.7
1903970 133.7
1903980 133.7
1903990 133.7
1904000 133.7
1904010 133.7
1904020 133.7
1904030 133.8
1904040 133.9
1904050 133.9
1904060 134.0
1904070 134.1
1904080 134.1
1904090 134.1
1904100 134.1
1904110 134.1
1904120 134.2
1904130 134.2
1904140 134.2
1904150 134.1
1904160 134.0
1904170 134.0
1904180 134.0
1904190 134.0
1904200 134.0
1904210 134.1
1904220 134.3
1904230 134.3
1904240 134.4
1904250 134.3
1904260 134.3
1904270 134.2
1904280 134.1
1904290 134.1
1904300 134.0
1904310 133.9
1904320 133.9
1904330 133.9
1904340 134.0
1904350 134.0
1904360 134.1
1904370 134.1
1904380 134.1
1904390 134.1
1904400 134.0
1904410 134.0
1904420 134.0
1904430 133.9
1904440 133.9
1904450 134.0
1904460 134.0
1904470 134.0
1904480 134.0
1904490 134.0
1904500 134.0
1904510 134.0
1904520 134.0
1904530 134.0
1904540 134.0
1904550 134.0
1904560 133.9
1904570 133.9
1904580 133.8
1904590 133.8
1904600 133.8
1904610 133.7
1904620 133.7
1904630 133.7
1904640 133.8
1904650 134.0
1904660 134.0
1904670 134.2
1904680 134.3
1904690 134.3
1904700 134.3
1904710 134.2
1904720 134.2
1904730 134.1
1904740 133.7
1904750 133.7
1904760 133.7
1904770 133.8
1904780 133.8
1904790 133.9
1904800 134.0
1904810 134.0
1904820 134.0
1904830 133.8
1904840 133.8
1904850 133.7
1904860 133.6
1904870 133.6
1904880 133.6
1904890 133.5
1904900 133.5
1904910 133.5
1904920 133.5
1904930 133.5
1904940 133.6
1904950 133.8
1904960 133.8
1904970 134.0
1904980 134.1
1904990 134.1
1905000 134.1
1905010 134.1
1905020 134.1
1905030 134.0
1905040 133.9
1905050 134.0
1905060 133.9
1905070 133.8
1905080 133.8
1905090 133.7
1905100 133.7
1905110 133.7
1905120 133.8
1905130 133.9
1905140 133.9
1905150 134.0
1905160 134.0
1905170 134.0
1905180 134.1
1905190 134.1
1905200 134.1
1905210 134.1
1905220 134.1
1905230 134.1
1905240 134.2
1905250 134.1
1905260 134.1
1905270 134.1
1905280 134.1
1905290 134.1
1905300 134.0
1905310 134.1
1905320 134.1
1905330 134.0
1905340 134.0
1905350 134.0
1905360 133.9
1905370 133.8
1905380 133.8
1905390 133.8
1905400 134.0
1905410 134.0
1905420 134.3
1905430 134.4
1905440 134.4
1905450 134.3
1905460 134.2
1905470 134.2
1905480 134.0
1905490 134.0
1905500 134.0
1905510 134.0
1905520 134.0
1905530 134.0
1905540 134.1
1905550 134.1
1905560 134.1
1905570 134.1
1905580 134.1
1905590 134.1
1905600 134.1
1905610 134.1
1905620 134.1
1905630 134.0
1905640 133.8
1905650 133.8
1905660 133.5
1905670 133.3
1905680 133.3
1905690 133.1
1905700 133.0
1905710 133.0
1905720 132.9
1905730 132.8
1905740 132.8
1905750 132.9
1905760 132.9
1905770 132.9
1905780 133.0
1905790 133.2
1905800 133.2
1905810 133.2
1905820 133.2
1905830 133.2
1905840 133.3
1905850 133.4
1905860 133.4
1905870 133.4
1905880 133.4
1905890 133.4
1905900 133.5
1905910 133.7
1905920 133.7
1905930 133.7
1905940 133.7
1905950 133.7
1905960 133.8
1905970 133.9
1905980 133.9
1905990 133.9
1906000 133.9
1906010 133.9
1906020 133.9
1906030 133.8
1906040 133.7
1906050 133.7
1906060 133.7
1906070 133.7
1906080 133.7
1906090 133.7
1906100 133.8
1906110 133.8
1906120 133.9
1906130 133.9
1906140 133.9
1906150 134.0
1906160 134.0
1906170 134.0
1906180 134.1
1906190 134.1
1906200 134.1
1906210 134.2
1906220 134.2
1906230 134.2
1906240 134.2
1906250 134.1
1906260 134.1
1906270 134.2
1906280 134.4
1906290 134.4
1906300 134.5
1906310 134.5
1906320 134.5
1906330 134.6
1906340 134.6
1906350 134.6
1906360 134.7
1906370 134.7
1906380 134.7
1906390 134.7
1906400 134.7
1906410 134.7
1906420 134.6
1906430 134.6
1906440 134.6
1906450 134.5
1906460 134.5
1906470 134.5
1906480 134.5
1906490 134.5
1906500 134.5
1906510 134.4
1906520 134.4
1906530 134.4
1906540 134.4
1906550 134.5
1906560 134.5
1906570 134.6
1906580 134.8
1906590 134.8
1906600 135.0
1906610 135.0
1906620 135.0
1906630 134.9
1906640 134.7
1906650 134.7
1906660 134.6
1906670 134.7
1906680 134.7
1906690 134.7
1906700 134.6
1906710 134.6
1906720 134.6
1906730 134.6
1906740 134.6
1906750 134.5
1906760 134.3
1906770 134.3
1906780 134.2
1906790 134.0
1906800 134.0
1906810 133.8
1906820 133.4
1906830 133.4
1906840 133.1
1906850 132.8
1906860 132.8
1906870 132.6
1906880 132.3
1906890 132.0
1906900 131.8
1906910 131.6
1906920 131.6
1906930 131.6
1906940 131.6
1906950 131.6
1906960 131.7
1906970 131.9
1906980 131.9
1906990 132.0
1907000 132.1
1907010 132.1
1907020 132.3
1907030 132.4
1907040 132.4
1907050 132.4
1907060 132.3
1907070 132.3
1907080 132.0
1907090 131.7
1907100 131.7
1907110 131.3
1907120 131.0
1907130 131.0
1907140 130.8
1907150 130.6
1907160 130.6
1907170 130.6
1907180 130.7
1907190 130.7
1907200 131.3
1907210 131.5
1907220 131.5
1907230 131.8
1907240 132.0
1907250 132.0
1907260 132.4
1907270 132.7
1907280 132.7
1907290 132.9
1907300 133.1
1907310 133.1
1907320 133.1
1907330 133.2
1907340 133.2
1907350 133.1
1907360 133.1
1907370 133.1
1907380 133.1
1907390 133.1
1907400 133.1
1907410 133.1
1907420 133.0
1907430 132.8
1907440 132.8
1907450 132.4
1907460 132.1
1907470 132.1
1907480 132.0
1907490 132.1
1907500 132.1
1907510 132.2
1907520 132.2
1907530 132.2
1907630 132.9
1907640 133.0
1907650 133.0
1907660 132.9
1907670 132.8
1907680 132.8
1907690 132.7
1907700 132.7
1907710 132.7
1907720 132.8
1907730 132.8
1907740 132.8
1907750 132.8
1907760 132.9
1907770 132.9
1907780 132.9
1907790 133.0
1907800 133.0
1907810 133.2
1907820 133.2
1907830 133.2
1907840 133.2
1907850 133.2
1907860 133.2
1907870 133.2
1907880 133.2
1907890 133.2
1907900 133.2
1907910 133.2
1907920 133.2
1907930 133.2
1907940 133.3
1907950 133.3
1907960 133.3
1907970 133.4
1907980 133.4
1907990 133.4
1908000 133.4
1908010 133.4
1908020 133.4
1908030 133.4
1908040 133.4
1908050 133.4
1908060 133.4
1908070 133.4
1908080 133.4
1908090 133.4
1908100 133.4
1908110 133.4
1908120 133.3
1908130 133.3
1908140 133.2
1908150 133.2
1908160 133.2
1908170 133.2
1908180 133.3
1908190 133.3
1908200 133.3
1908210 133.4
1908220 133.4
1908230 133.4
1908240 133.3
1908250 133.3
1908260 133.3
1908270 133.3
1908280 133.3
1908290 133.4
1908300 133.4
1908310 133.4
1908320 133.5
1908330 133.5
1908340 133.5
