1900000 134.3
1900010 134.3
1900020 134.3
1900030 134.4
1900040 134.4
1900050 134.4
1900060 134.4
1900070 134.4
1900080 134.4
1900090 134.5
1900100 134.5
1900110 134.5
1900120 134.6
1900130 134.5
1900140 134.5
1900150 134.5
1900160 134.5
1900170 134.5
1900180 134.4
1900190 134.4
1900200 134.4
1900210 134.4
1900220 134.4
1900230 134.4
1900240 134.4
1900250 134.5
1900260 134.5
1900270 134.5
1900280 134.6
1900290 134.6
1900300 134.6
1900310 134.6
1900320 134.6
1900330 134.7
1900340 134.7
1900350 134.7
1900360 134.7
1900370 134.8
1900380 134.8
1900390 134.7
1900400 134.7
1900410 134.9
1900420 134.8
1900430 134.8
1900440 134.8
1900450 134.8
1900460 134.8
1900470 134.8
1900480 134.8
1900490 134.8
1900500 134.8
1900510 134.9
1900520 134.8
1900530 134.8
1900540 134.6
1900550 134.4
1900560 134.4
1900570 134.2
1900580 134.2
1900590 134.2
1900600 134.1
1900610 134.1
1900620 134.1
1900630 134.1
1900640 134.1
1900650 134.1
1900660 134.1
1900670 134.1
1900680 134.1
1900690 134.2
1900700 134.2
1900710 134.2
1900720 134.2
1900730 134.2
1900740 134.2
1900750 134.2
1900760 134.2
1900770 134.2
1900780 134.1
1900790 134.1
1900800 134.1
1900810 134.1
1900820 134.1
1900830 134.1
1900840 134.1
1900850 134.1
1900860 134.1
1900870 134.2
1900880 134.2
1900890 134.2
1900900 134.3
1900910 134.4
1900920 134.4
1900930 134.4
1900940 134.6
1900950 134.6
1900960 134.7
1900970 134.8
1900980 134.8
1900990 134.9
1901000 135.0
1901010 135.0
1901020 135.0
1901030 134.9
1901040 134.9
1901050 134.9
1901060 135.0
1901070 135.0
1901080 135.1
1901090 135.1
1901100 135.1
1901110 135.1
1901120 135.2
1901130 135.2
1901140 135.2
1901150 135.3
1901160 135.3
1901170 135.3
1901180 135.4
1901190 135.4
1901200 135.4
1901210 135.4
1901220 135.4
1901230 135.3
1901240 135.2
1901250 135.2
1901260 135.0
1901270 134.9
1901280 134.9
1901290 134.8
1901300 134.8
1901310 134.8
1901320 134.8
1901330 134.9
1901340 134.9
1901350 134.9
1901360 134.9
1901370 134.9
1901380 134.9
1901390 134.9
1901400 134.9
1901410 134.9
1901420 134.9
1901430 134.9
1901440 134.9
1901450 134.9
1901460 134.9
1901470 134.9
1901480 134.9
1901490 134.9
1901500 134.9
1901510 134.9
1901520 134.9
1901530 134.9
1901540 134.8
1901550 134.8
1901560 134.8
1901570 134.8
1901580 134.7
1901590 134.7
1901600 134.7
1901610 134.7
1901620 134.7
1901630 134.7
1901640 134.6
1901650 134.5
1901660 134.5
1901670 134.5
1901680 134.5
1901690 134.4
1901700 134.4
1901710 134.4
1901720 134.4
1901730 134.4
1901740 134.4
1901750 134.3
1901760 134.3
1901770 134.3
1901780 134.4
1901790 134.4
1901800 134.4
1901810 134.5
1901820 134.4
1901830 134.4
1901840 134.4
1901850 134.5
1901860 134.5
1901870 134.9
1901880 135.0
1901890 135.0
1901900 134.8
1901910 134.6
1901920 134.6
1901930 134.5
1901940 134.5
1901950 134.5
1901960 134.5
1901970 134.5
1901980 134.5
1901990 134.6
1902000 134.6
1902010 134.6
1902020 134.5
1902030 134.5
1902040 134.5
1902050 134.6
1902060 134.7
1902070 134.7
1902080 134.7
1902090 134.7
1902100 134.7
1902110 134.7
1902120 134.6
1902130 134.6
1902140 134.6
1902150 134.6
1902160 134.6
1902170 134.6
1902180 134.7
1902190 134.7
1902200 134.7
1902210 134.7
1902220 134.7
1902230 134.6
1902240 134.5
1902250 134.5
1902260 134.5
1902270 134.6
1902280 134.6
1902290 134.6
1902300 134.6
1902310 134.6
1902320 134.6
1902330 134.6
1902340 134.6
1902350 134.6
1902360 134.6
1902370 134.6
1902380 134.6
1902390 134.7
1902400 134.7
1902410 134.7
1902420 134.6
1902430 134.6
1902440 134.6
1902450 134.6
1902460 134.6
1902470 134.6
1902980 134.2
1902990 134.2
1903000 134.2
1903010 134.2
1903020 134.2
1903030 134.2
1903040 134.2
1903050 134.1
1903060 134.1
1903070 134.1
1903080 134.1
1903090 134.2
1903100 134.2
1903110 134.2
1903120 134.3
1903130 134.3
1903140 134.3
1903150 134.3
1903160 134.3
1903170 134.4
1903180 134.4
1903190 134.4
1903200 134.4
1903210 134.4
1903220 134.4
1903230 134.3
1903240 134.3
1903250 134.3
1903260 134.4
1903270 134.3
1903280 134.3
1903290 134.2
1903300 134.2
1903310 134.2
1903320 134.2
1903330 134.1
1903340 134.1
1903350 134.1
1903360 134.1
1903370 134.1
1903380 134.1
1903390 134.0
1903400 134.0
1903410 134.1
1903420 134.2
1903430 134.2
1903440 134.1
1903450 134.1
1903460 134.1
1903470 134.1
1903480 134.2
1903490 134.2
1903500 134.3
1903510 134.2
1903520 134.2
1903530 134.2
1903540 134.2
1903550 134.2
1903560 134.3
1903570 134.2
1903580 134.2
1903590 134.1
1903600 134.1
1903610 134.1
1903620 134.2
1903630 134.2
1903640 134.2
1903650 134.2
1903660 134.3
1903670 134.3
1903680 134.2
1903690 134.1
1903700 134.1
1903710 134.1
1903720 134.2
1903730 134.2
1903740 134.3
1903750 134.2
1903760 134.2
1903770 134.3
1903780 134.2
1903790 134.2
1903800 134.1
1903810 134.0
1903820 134.0
1903830 134.0
1903840 134.0
1903850 134.0
1903860 134.0
1903870 134.0
1903880 134.0
1903890 134.0
1903900 133.8
1903910 133.8
1903920 133.8
1903930 133.7
1903940 133.7
1903950 133.7
1903960 133.7
1903970 133.7
1903980 133.8
1903990 133.9
1904000 133.9
1904010 134.1
1904020 134.1
1904030 134.1
1904040 134.0
1904050 133.9
1904060 133.9
1904070 133.9
1904080 134.0
1904090 134.0
1904100 133.9
1904110 133.9
1904120 133.9
1904130 134.0
1904140 134.0
1904150 134.0
1904160 134.1
1904170 134.3
1904180 134.3
1904190 134.4
1904200 134.4
1904210 134.4
1904220 134.4
1904230 134.4
1904240 134.4
1904250 134.4
1904260 134.3
1904270 134.3
1904280 134.3
1904290 134.2
1904300 134.2
1904310 134.2
1904320 134.2
1904330 134.2
1904340 134.2
1904350 134.2
1904360 134.2
1904370 134.2
1904380 134.3
1904390 134.3
1904400 134.4
1904410 134.4
1904420 134.4
1904430 134.6
1904440 134.6
1904450 134.6
1904460 134.5
1904470 134.4
1904480 134.3
1904490 134.3
1904500 134.3
1904510 134.3
1904520 134.3
1904530 134.3
1904540 134.3
1904550 134.3
1904560 134.2
1904570 134.3
1904580 134.3
1904590 134.3
1904600 134.4
1904610 134.4
1904620 134.4
1904630 134.5
1904640 134.5
1904650 134.5
1904660 134.5
1904670 134.5
1904680 134.4
1904690 134.3
1904700 134.3
1904710 134.3
1904720 134.3
1904730 134.3
1904740 134.2
1904750 134.2
1904760 134.2
1904770 134.1
1904780 134.0
1904790 134.0
1904800 133.9
1904810 133.9
1904820 133.9
1904830 133.9
1904840 133.9
1904850 133.9
1904860 134.0
1904870 134.0
1904880 134.0
1904890 134.0
1904900 133.9
1904910 133.9
1904920 133.9
1904930 134.0
1904940 134.0
1904950 134.1
1904960 134.3
1904970 134.3
1904980 134.5
1904990 134.5
1905000 134.5
1905010 134.5
1905020 134.4
1905030 134.4
1905040 134.3
1905050 134.3
1905060 134.3
1905070 134.4
1905080 134.6
1905090 134.6
1905100 134.8
1905110 134.9
1905120 134.9
1905130 135.0
1905140 135.0
1905150 135.0
1905160 134.9
1905170 134.8
1905180 134.8
1905190 134.7
1905200 134.6
1905210 134.6
1905220 134.6
1905230 134.5
1905240 134.5
1905250 134.4
1905260 134.4
1905270 134.4
1905280 134.5
1905290 134.5
1905300 134.5
1905310 134.6
1905320 134.6
1905330 134.6
1905340 134.6
1905350 134.5
1905360 134.5
1905370 134.5
1905380 134.5
1905390 134.5
1905400 134.5
1905410 134.4
1905420 134.4
1905430 134.4
1905440 134.3
1905450 134.3
1905460 134.3
1905470 134.2
1905480 134.2
1905490 134.1
1905500 134.1
1905510 134.1
1905520 134.0
1905530 134.0
1905540 134.0
1905550 133.9
1905560 133.8
1905570 133.8
1905580 133.8
1905590 133.7
1905600 133.7
1905610 133.6
1905620 133.5
1905630 133.5
1905640 133.4
1905650 133.3
1905660 133.4
1905670 133.4
1905680 133.4
1905690 133.4
1905700 133.5
1905710 133.6
1905720 133.6
1905730 133.8
1905740 133.9
1905750 133.9
1905760 134.1
1905770 134.3
1905780 134.3
1905790 134.6
1905800 134.9
1905810 134.9
1905820 135.1
1905830 135.2
1905840 135.2
1905850 135.3
1905860 135.4
1905870 135.4
1905880 135.3
1905890 135.3
1905900 135.3
1905910 135.2
1905920 135.1
1905930 134.9
1905940 134.9
1905950 134.8
1905960 134.8
1905970 134.8
1905980 134.7
1905990 134.6
1906000 134.6
1906010 134.6
1906020 134.7
1906030 134.7
1906040 134.7
1906050 134.6
1906060 134.6
1906070 134.5
1906080 134.4
1906090 134.4
1906100 134.2
1906110 134.0
1906120 134.0
1906130 133.9
1906140 133.9
1906150 133.9
1906160 133.9
1906170 134.0
1906180 134.0
1906190 134.0
1906200 134.0
1906210 134.0
1906220 134.0
1906230 134.0
1906240 134.0
1906250 133.9
1906260 133.9
1906270 133.9
1906280 133.8
1906290 133.8
1906300 133.8
1906310 133.7
1906320 133.7
1906330 133.7
1906340 133.6
1906350 133.4
1906360 133.4
1906370 133.2
1906380 132.9
1906390 132.9
1906400 132.7
1906410 132.6
1906420 132.6
1906430 132.4
1906440 132.4
1906450 132.4
1906460 132.2
1906470 132.0
1906480 132.0
1906490 131.7
1906500 131.3
1906510 131.3
1906520 130.9
1906530 130.6
1906540 130.6
1906550 130.3
1906560 130.3
1906570 130.3
1906580 130.8
1906590 131.3
1906600 131.3
1906610 131.8
1906620 132.2
1906630 132.2
1906640 132.4
