1900000 134.9
1900010 134.9
1900020 134.9
1900030 134.9
1900040 134.9
1900050 135.0
1900060 135.0
1900070 135.0
1900080 135.0
1900090 134.9
1900100 134.9
1900110 135.0
1900120 135.1
1900130 135.1
1900140 135.1
1900150 135.1
1900160 135.1
1900170 134.9
1900180 134.6
1900190 134.6
1900200 134.5
1900210 134.4
1900220 134.4
1900230 134.4
1900240 134.3
1900250 134.2
1900260 134.2
1900270 134.1
1900280 134.1
1900290 134.1
1900300 134.2
1900310 134.1
1900320 134.1
1900330 134.0
1900340 133.9
1900350 133.9
1900360 133.9
1900370 133.9
1900380 133.9
1900390 133.9
1900400 133.9
1900410 133.9
1900420 133.9
1900430 133.9
1900440 133.9
1900450 133.9
1900460 133.9
1900470 133.9
1900480 134.1
1900490 134.2
1900500 134.2
1900510 134.4
1900520 134.6
1900530 134.6
1900540 134.9
1900550 135.2
1900560 135.2
1900570 135.5
1900580 135.7
1900590 135.7
1900600 135.8
1900610 135.7
1900620 135.7
1900630 135.7
1900640 135.8
1900650 135.8
1900660 135.7
1900670 135.6
1900680 135.6
1900690 135.5
1900700 135.4
1900710 135.4
1900720 135.7
1900730 135.9
1900740 135.9
1900750 135.7
1900760 135.5
1900770 135.5
1900780 135.2
1900790 135.1
1900800 135.1
1900810 135.0
1900820 134.9
1900830 134.9
1900840 134.8
1900850 134.7
1900860 134.7
1900870 134.6
1900880 134.6
1900890 134.6
1900900 134.6
1900910 134.6
1900920 134.6
1900930 134.5
1900940 134.6
1900950 134.6
1900960 134.6
1900970 134.5
1900980 134.5
1900990 134.4
1901000 134.4
1901010 134.4
1901020 134.3
1901030 134.3
1901040 134.3
1901050 134.3
1901060 134.3
1901070 134.3
1901080 134.3
1901090 134.4
1901100 134.4
1901110 134.4
1901120 134.4
1901130 134.4
1901140 134.4
1901150 134.4
1901160 134.4
1901170 134.5
1901180 134.6
1901190 134.6
1901200 134.5
1901210 134.4
1901220 134.4
1901230 134.4
1901240 134.2
1901250 134.2
1901260 134.2
1901270 134.2
1901280 134.2
1901290 134.2
1901300 134.2
1901310 134.2
1901320 134.1
1901330 134.1
1901340 134.1
1901350 134.2
1901360 134.3
1901370 134.3
1901380 134.4
1901390 134.4
1901400 134.4
1901410 134.4
1901420 134.5
1901430 134.5
1901440 134.5
1901450 134.5
1901460 134.5
1901470 134.6
1901480 134.7
1901490 134.7
1901500 134.7
1901510 134.7
1901520 134.7
1901530 134.8
1901540 134.8
1901550 134.8
1901560 134.9
1901570 134.8
1901580 134.8
1901590 134.8
1901600 134.8
1901610 134.8
1901620 134.7
1901630 134.8
1901640 134.8
1901650 134.8
1901660 134.8
1901670 134.8
1901680 134.9
1901690 134.9
1901700 134.9
1901710 134.9
1901720 134.8
1901730 134.8
1901740 134.8
1901750 134.8
1901760 134.9
1901770 134.9
1901780 134.9
1901790 134.9
1901800 134.9
1901810 134.9
1901820 135.0
1901830 135.0
1901840 134.9
1901850 135.0
1901860 134.9
1901870 134.9
1901880 134.9
1901890 134.9
1901900 134.8
1901910 134.8
1901920 134.8
1901930 134.7
1901940 134.7
1901950 134.7
1901960 134.7
1901970 134.7
1901980 134.7
1901990 134.7
1902000 134.8
1902010 134.8
1902020 134.8
1902030 134.8
1902040 134.8
1902050 134.8
1902060 134.8
1902070 134.8
1902080 134.8
1902090 134.8
1902100 134.8
1902110 134.8
1902120 134.7
1902130 134.7
1902140 134.7
1902150 134.9
1902160 134.9
1902170 134.9
1902180 135.1
1902190 135.1
1902200 135.0
1902210 134.8
1902220 134.8
1902230 134.7
1902240 134.6
1902250 134.6
1902260 134.6
1902270 134.6
1902280 134.6
1902290 134.7
1902300 134.8
1902310 134.8
1902320 134.8
1902330 134.7
1902340 134.7
1902350 134.7
1902360 134.7
1902370 134.7
1902380 134.8
1902390 134.7
1902400 134.7
1902410 134.7
1902420 134.7
1902430 134.7
1902440 134.7
1902450 134.7
1902460 134.7
1902470 134.6
1902480 134.5
1902490 134.5
1902500 134.5
1902510 134.6
1902520 134.6
1902530 134.7
1902540 134.8
1902550 134.8
1902560 135.1
1902570 135.3
1902580 135.3
1902590 135.4
1902600 135.2
1902610 135.2
1902620 134.9
1902630 134.9
1902640 134.9
1902650 134.8
1902660 134.8
1902670 134.8
1902680 134.7
1902690 134.7
1902700 134.7
1902710 134.6
1902720 134.7
1902730 134.7
1902740 134.7
1902750 134.7
1902760 134.7
1902770 134.7
1903330 134.6
1903340 134.6
1903350 134.5
1903360 134.4
1903370 134.4
1903380 134.4
1903390 134.4
1903400 134.4
1903410 134.4
1903420 134.5
1903430 134.5
1903440 134.7
1903450 134.7
1903460 134.7
1903470 134.5
1903480 134.4
1903490 134.4
1903500 134.4
1903510 134.5
1903520 134.5
1903530 134.6
1903540 134.6
1903550 134.6
1903560 134.6
1903570 134.6
1903580 134.6
1903590 134.5
1903600 134.5
1903610 134.5
1903620 134.4
1903630 134.5
1903640 134.5
1903650 134.4
1903660 134.3
1903670 134.3
1903680 134.2
1903690 134.1
1903700 134.1
1903710 134.1
1903720 134.1
1903730 134.1
1903740 134.2
1903750 134.2
1903760 134.2
1903770 134.2
1903780 134.2
1903790 134.2
1903800 134.1
1903810 134.1
1903820 134.1
1903830 133.9
1903840 133.9
1903850 133.9
1903860 133.9
1903870 133.9
1903880 133.9
1903890 133.9
1903900 133.9
1903910 133.9
1903920 134.0
1903930 134.0
1903940 134.0
1903950 134.0
1903960 134.0
1903970 134.0
1903980 134.0
1903990 133.8
1904000 133.8
1904010 133.8
1904020 133.9
1904030 133.9
1904040 133.9
1904050 133.9
1904060 133.9
1904070 134.0
1904080 133.9
1904090 133.9
1904100 133.8
1904110 133.8
1904120 133.8
1904130 133.9
1904140 134.0
1904150 134.0
1904160 134.2
1904170 134.4
1904180 134.4
1904190 134.7
1904200 135.0
1904210 135.0
1904220 135.2
1904230 135.4
1904240 135.4
1904250 135.5
1904260 135.7
1904270 135.7
1904280 135.7
1904290 135.8
1904300 135.8
1904310 135.8
1904320 135.6
1904330 135.6
1904340 135.4
1904350 135.2
1904360 135.2
1904370 135.0
1904380 134.8
1904390 134.8
1904400 134.7
1904410 134.8
1904420 134.8
1904430 134.8
1904440 134.6
1904450 134.6
1904460 134.4
1904470 134.4
1904480 134.4
1904490 134.3
1904500 134.3
1904510 134.3
1904520 134.3
1904530 134.3
1904540 134.3
1904550 134.3
1904560 134.4
1904570 134.4
1904580 134.4
1904590 134.3
1904600 134.3
1904610 134.2
1904620 134.2
1904630 134.1
1904640 134.1
1904650 134.2
1904660 134.3
1904670 134.3
1904680 134.6
1904690 134.5
1904700 134.5
1904710 134.5
1904720 134.3
1904730 134.3
1904740 134.2
1904750 134.2
1904760 134.2
1904770 134.2
1904780 134.4
1904790 134.4
1904800 134.4
1904810 134.4
1904820 134.4
1904830 134.3
1904840 134.4
1904850 134.4
1904860 134.4
1904870 134.4
1904880 134.4
1904890 134.4
1904900 134.5
1904910 134.5
1904920 134.6
1904930 134.6
1904940 134.5
1904950 134.4
1904960 134.4
1904970 134.4
1904980 134.4
1904990 134.4
1905000 134.4
1905010 134.3
1905020 134.2
1905030 134.2
1905040 134.2
1905050 134.0
1905060 134.0
1905070 134.0
1905080 133.9
1905090 133.9
1905100 133.9
1905110 133.9
1905120 133.9
1905130 133.9
1905140 134.0
1905150 134.0
1905160 134.2
1905170 134.4
1905180 134.4
1905190 134.6
1905200 134.8
1905210 134.8
1905220 135.0
1905230 135.1
1905240 135.1
1905250 135.2
1905260 135.3
1905270 135.3
1905280 135.2
1905290 135.1
1905300 135.1
1905310 135.0
1905320 134.9
1905330 134.9
1905340 134.9
1905350 134.9
1905360 134.9
1905370 134.8
1905380 134.8
1905390 134.8
1905400 134.7
1905410 134.6
1905420 134.6
1905430 134.4
1905440 134.0
1905450 134.0
1905460 133.7
1905470 133.4
1905480 133.4
1905490 133.1
1905500 133.0
1905510 133.0
1905520 132.9
1905530 132.8
1905540 132.8
1905550 132.8
1905560 132.9
1905570 132.9
1905580 132.8
1905590 132.8
1905600 132.8
1905610 132.7
1905620 132.6
1905630 132.6
1905640 132.5
1905650 132.5
1905660 132.5
1905670 132.5
1905680 132.5
1905690 132.5
1905700 132.6
1905710 132.7
1905720 132.7
1905730 132.7
1905740 132.8
1905750 132.8
1905760 132.9
1905770 132.9
1905780 132.9
1905790 132.8
1905800 132.8
1905810 132.8
1905820 133.1
1905830 133.4
1905840 133.4
1905850 133.4
1905860 133.4
1905870 133.4
1905880 133.4
1905890 133.3
1905900 133.3
1905910 133.1
1905920 132.9
1905930 132.9
1905940 132.7
1905950 132.6
1905960 132.6
1905970 132.5
1905980 132.5
1905990 132.5
1906000 132.5
1906010 132.5
1906020 132.5
1906030 132.5
1906040 132.5
1906050 132.5
1906060 132.6
1906070 132.7
1906080 132.7
1906090 133.0
1906100 133.3
1906110 133.6
1906120 133.6
1906130 133.8
1906140 133.9
1906150 133.9
1906160 133.8
1906170 133.7
1906180 133.7
1906190 133.6
1906200 133.5
1906210 133.5
1906220 133.4
1906230 133.3
1906240 133.3
1906250 133.1
1906260 132.9
1906270 132.9
1906280 132.5
1906290 132.3
1906300 132.3
1906310 132.1
