1900000 134.8
1900010 134.7
1900020 134.7
1900030 134.7
1900040 134.9
1900050 135.0
1900060 135.0
1900070 134.9
1900080 134.8
1900090 134.8
1900100 134.9
1900110 134.9
1900120 134.9
1900130 134.9
1900140 134.9
1900150 134.9
1900160 134.9
1900170 134.8
1900180 134.8
1900190 134.8
1900200 135.0
1900210 135.0
1900220 134.9
1900230 134.8
1900240 134.8
1900250 134.5
1900260 134.3
1900270 134.3
1900280 134.3
1900290 134.0
1900300 134.2
1900310 133.9
1900320 133.8
1900330 133.8
1900340 133.9
1900350 133.9
1900360 133.9
1900370 133.9
1900380 133.8
1900390 133.8
1900400 133.8
1900410 133.7
1900420 133.7
1900430 133.7
1900440 133.7
1900450 133.7
1900460 133.7
1900470 133.7
1900480 133.7
1900490 133.7
1900500 133.6
1900510 133.7
1900520 133.7
1900530 133.8
1900540 133.9
1900550 133.9
1900560 134.0
1900570 134.0
1900580 134.0
1900590 133.9
1900600 133.9
1900610 133.8
1900620 134.0
1900630 134.2
1900640 134.2
1900650 134.5
1900660 134.9
1900670 134.9
1900680 135.3
1900690 135.7
1900700 135.7
1900710 136.0
1900720 136.2
1900730 136.2
1900740 136.2
1900750 136.2
1900760 136.2
1900770 136.2
1900780 135.9
1900790 135.9
1900800 135.6
1900810 135.4
1900820 135.4
1900830 135.2
1900840 135.0
1900850 135.0
1900860 134.9
1900870 134.8
1900880 134.8
1900890 134.7
1900900 134.5
1900910 134.5
1900920 134.4
1900930 134.4
1900940 134.4
1900950 134.4
1900960 134.4
1900970 134.4
1900980 134.4
1900990 134.4
1901000 134.4
1901010 134.4
1901020 134.3
1901030 134.3
1901040 134.3
1901050 134.3
1901060 134.3
1901070 134.4
1901080 134.4
1901090 134.4
1901100 134.4
1901110 134.4
1901120 134.4
1901130 134.4
1901140 134.4
1901150 134.4
1901160 134.3
1901170 134.3
1901180 134.3
1901190 134.3
1901200 134.3
1901210 134.3
1901220 134.2
1901230 134.2
1901240 134.2
1901250 134.2
1901260 134.2
1901270 134.2
1901280 134.3
1901290 134.4
1901300 134.4
1901310 134.5
1901320 134.5
1901330 134.5
1901340 134.5
1901350 134.5
1901360 134.5
1901370 134.5
1901380 134.5
1901390 134.5
1901400 134.6
1901410 134.6
1901420 134.6
1901430 134.7
1901440 134.7
1901450 134.7
1901460 134.7
1901470 134.7
1901480 134.7
1901490 134.7
1901500 134.7
1901510 134.7
1901520 134.8
1901530 134.9
1901540 134.9
1901550 134.8
1901560 134.9
1901570 134.9
1901580 135.0
1901590 135.0
1901600 135.0
1901610 135.1
1901620 135.1
1901630 135.1
1901640 135.2
1901650 135.1
1901660 135.1
1901670 135.1
1901680 135.1
1901690 135.1
1901700 135.1
1901710 135.1
1901720 135.1
1901730 135.0
1901740 135.0
1901750 135.0
1901760 135.0
1901770 134.9
1901780 134.9
1901790 134.9
1901800 134.9
1901810 134.9
1901820 134.9
1901830 134.9
1901840 134.9
1901850 134.9
1901860 134.8
1901870 134.8
1901880 134.8
1901890 134.8
1901900 134.8
1901910 134.8
1901920 134.8
1901930 134.8
1901940 134.8
1901950 134.8
1901960 134.8
1901970 134.8
1901980 134.8
1901990 134.8
1902000 134.8
1902010 134.8
1902020 134.8
1902030 134.8
1902040 134.8
1902050 134.8
1902060 134.8
1902070 134.9
1902080 134.9
1902090 134.9
1902100 134.9
1902110 134.9
1902120 134.9
1902130 135.0
1902140 135.0
1902150 135.0
1902160 135.0
1902170 134.9
1902180 134.9
1902190 134.9
1902200 134.9
1902210 134.9
1902220 134.8
1902230 134.8
1902240 134.8
1902250 134.8
1902260 134.8
1902270 134.8
1902280 135.1
1902290 135.2
1902300 135.2
1902310 135.0
1902320 134.8
1902330 134.8
1902340 134.7
1902350 134.6
1902360 134.6
1902370 134.6
1902380 134.5
1902390 134.5
1902400 134.5
1902410 134.7
1902420 134.7
1902430 134.8
1902440 135.0
1902450 135.0
1902460 135.5
1902470 135.8
1902480 135.8
1902490 135.9
1902500 135.6
1902510 135.6
1902520 135.5
1902530 135.5
1902540 135.5
1902550 135.5
1902560 135.6
1902570 135.6
1902580 135.6
1902590 135.5
1902600 135.5
1902610 135.3
1902620 135.2
1902630 135.2
1902640 135.0
1902650 134.9
1902660 134.9
1902670 134.8
1902680 134.8
1902690 134.8
1902700 134.7
1902710 134.7
1902720 134.7
1902730 134.7
1902740 134.6
1902750 134.6
1902760 134.6
1902770 134.6
1902780 134.6
1902790 134.5
1902800 134.5
1902810 134.5
1902820 134.4
1902830 134.3
1902840 134.3
1902850 134.4
1902860 134.4
1902870 134.4
1902880 134.5
1903490 134.4
1903500 134.4
1903510 134.4
1903520 134.5
1903530 134.5
1903540 134.5
1903550 134.6
1903560 134.6
1903570 134.6
1903580 134.5
1903590 134.4
1903600 134.4
1903610 134.4
1903620 134.3
1903630 134.3
1903640 134.4
1903650 134.4
1903660 134.4
1903670 134.3
1903680 134.2
1903690 134.2
1903700 134.1
1903710 134.1
1903720 134.1
1903730 134.0
1903740 134.0
1903750 134.0
1903760 134.0
1903770 134.0
1903780 134.0
1903790 133.9
1903800 133.8
1903810 133.8
1903820 133.8
1903830 133.7
1903840 133.7
1903850 133.7
1903860 133.7
1903870 133.7
1903880 133.8
1903890 133.8
1903900 133.8
1903910 134.0
1903920 134.0
1903930 134.0
1903940 134.0
1903950 134.1
1903960 134.1
1903970 134.0
1903980 134.0
1903990 134.0
1904000 133.8
1904010 133.6
1904020 133.7
1904030 133.6
1904040 133.6
1904050 133.6
1904060 133.6
1904070 133.6
1904080 133.6
1904090 133.7
1904100 133.8
1904110 133.8
1904120 133.9
1904130 134.0
1904140 134.0
1904150 134.0
1904160 134.1
1904170 134.1
1904180 134.2
1904190 134.3
1904200 134.3
1904210 134.4
1904220 134.5
1904230 134.5
1904240 134.6
1904250 134.7
1904260 134.7
1904270 134.8
1904280 134.9
1904290 134.9
1904300 134.9
1904310 134.8
1904320 134.8
1904330 134.6
1904340 134.5
1904350 134.5
1904360 134.4
1904370 134.3
1904380 134.3
1904390 134.2
1904400 134.2
1904410 134.2
1904420 134.2
1904430 134.1
1904440 134.1
1904450 134.1
1904460 134.1
1904470 134.1
1904480 134.0
1904490 133.9
1904500 133.9
1904510 133.7
1904520 133.8
1904530 133.8
1904540 134.0
1904550 134.3
1904560 134.3
1904570 134.5
1904580 134.6
1904590 134.6
1904600 134.6
1904610 134.6
1904620 134.6
1904630 134.7
1904640 134.6
1904650 134.6
1904660 134.9
1904670 135.3
1904680 135.3
1904690 135.5
1904700 135.6
1904710 135.6
1904720 135.6
1904730 135.7
1904740 135.7
1904750 135.7
1904760 135.6
1904770 135.6
1904780 135.3
1904790 135.0
1904800 135.0
1904810 134.7
1904820 134.3
1904830 134.3
1904840 134.0
1904850 133.8
1904860 133.8
1904870 133.7
1904880 133.7
1904890 133.7
1904900 133.7
1904910 133.8
1904920 133.8
1904930 133.8
1904940 134.0
1904950 134.0
1904960 134.0
1904970 134.0
1904980 134.0
1904990 134.0
1905000 133.9
1905010 133.8
1905020 133.8
1905030 133.7
1905040 133.7
1905050 133.7
1905060 133.7
1905070 133.7
1905080 133.7
1905090 133.7
1905100 133.8
1905110 133.8
1905120 133.8
1905130 133.8
1905140 133.8
1905150 133.9
1905160 134.0
1905170 134.0
1905180 134.1
1905190 134.1
1905200 134.1
1905210 134.2
1905220 134.3
1905230 134.3
1905240 134.5
1905250 134.6
1905260 134.6
1905270 134.9
1905280 135.1
1905290 135.1
1905300 135.2
1905310 135.2
1905320 135.2
1905330 135.1
1905340 135.0
1905350 135.0
1905360 134.9
1905370 134.7
1905380 134.7
1905390 134.4
1905400 134.2
1905410 134.2
1905420 133.9
1905430 133.8
1905440 133.8
1905450 133.6
1905460 133.4
1905470 133.4
1905480 133.2
1905490 133.1
1905500 133.1
1905510 132.9
1905520 132.9
1905530 132.9
1905540 132.8
1905550 132.7
1905560 132.7
1905570 132.8
1905580 132.9
1905590 132.9
1905600 133.0
1905610 133.1
1905620 133.1
1905630 133.1
1905640 133.0
1905650 133.0
1905660 132.9
1905670 132.9
1905680 132.9
1905690 132.8
1905700 132.7
1905710 132.7
1905720 132.8
1905730 132.8
1905740 132.8
1905750 132.7
1905760 132.7
1905770 132.7
1905780 132.6
1905790 132.6
1905800 132.6
1905810 132.6
1905820 132.7
1905830 132.7
1905840 132.7
1905850 132.7
1905860 132.6
1905870 132.7
1905880 132.8
1905890 132.8
1905900 132.7
1905910 132.6
1905920 132.6
1905930 132.6
1905940 132.5
1905950 132.5
1905960 132.6
1905970 132.6
1905980 132.6
1905990 132.6
1906000 132.6
1906010 132.6
1906020 132.6
1906030 132.7
1906040 132.7
1906050 132.8
1906060 132.8
1906070 132.8
1906080 132.9
1906090 133.1
1906100 133.1
1906110 133.4
1906120 133.6
1906130 133.6
1906140 133.8
