1900000 134.2
1900010 134.2
1900020 134.2
1900030 134.2
1900040 134.3
1900050 134.3
1900060 134.3
1900070 134.5
1900080 134.5
1900090 134.5
1900100 134.5
1900110 134.5
1900120 134.5
1900130 134.4
1900140 134.4
1900150 134.4
1900160 134.4
1900170 134.3
1900180 134.3
1900190 134.3
1900200 134.3
1900210 134.3
1900220 134.3
1900230 134.2
1900240 134.2
1900250 134.2
1900260 134.1
1900270 134.1
1900280 134.2
1900290 134.4
1900300 134.4
1900310 134.6
1900320 134.8
1900330 134.8
1900340 134.8
1900350 134.7
1900360 134.7
1900370 134.5
1900380 134.4
1900390 134.4
1900400 134.3
1900410 134.3
1900420 134.3
1900430 134.3
1900440 134.3
1900450 134.3
1900460 134.4
1900470 134.4
1900480 134.4
1900490 134.4
1900500 134.3
1900510 134.3
1900520 134.3
1900530 134.2
1900540 134.2
1900550 134.1
1900560 134.0
1900570 134.0
1900580 134.0
1900590 134.0
1900600 134.0
1900610 134.0
1900620 134.0
1900630 134.0
1900640 133.9
1900650 133.9
1900660 133.9
1900670 133.9
1900680 133.9
1900690 133.9
1900700 133.9
1900710 133.9
1900720 133.9
1900730 133.9
1900740 133.8
1900750 133.8
1900760 133.8
1900770 133.8
1900780 133.8
1900790 133.9
1900800 133.9
1900810 133.9
1900820 134.0
1900830 134.0
1900840 134.0
1900850 134.1
1900860 134.1
1900870 134.1
1900880 134.1
1900890 134.2
1900900 134.2
1900910 134.3
1900920 134.4
1900930 134.4
1900940 134.4
1900950 134.5
1900960 134.5
1900970 134.7
1900980 134.8
1900990 134.8
1901000 134.9
1901010 135.0
1901020 135.0
1901030 135.2
1901040 135.2
1901050 135.2
1901060 135.2
1901070 135.2
1901080 135.2
1901090 135.2
1901100 135.3
1901110 135.3
1901120 135.3
1901130 135.3
1901140 135.2
1901150 135.2
1901160 135.1
1901170 135.1
1901180 135.1
1901190 135.1
1901200 135.1
1901210 135.1
1901220 135.1
1901230 135.1
1901240 135.1
1901250 135.1
1901260 135.1
1901270 135.1
1901280 135.1
1901290 135.1
1901300 135.1
1901310 135.0
1901320 134.9
1901330 134.9
1901340 134.8
1901350 134.7
1901360 134.7
1901370 134.7
1901380 134.6
1901390 134.6
1901400 134.6
1901410 134.6
1901420 134.6
1901430 134.6
1901440 134.6
1901450 134.6
1901460 134.6
1901470 134.7
1901480 134.7
1901490 134.6
1901500 134.6
1901510 134.6
1901520 134.6
1901530 134.6
1901540 134.6
1901550 134.7
1901560 134.8
1901570 134.8
1901580 134.9
1901590 134.9
1901600 134.9
1901610 134.9
1901620 134.9
1901630 134.9
1901640 134.9
1901650 134.9
1901660 134.9
1901670 135.0
1901680 134.9
1901690 134.9
1901700 134.7
1901710 134.7
1901720 134.7
1901730 134.9
1901740 134.9
1901750 134.9
1901760 134.8
1901770 134.5
1901780 134.5
1901790 134.3
1901800 134.2
1901810 134.2
1901820 134.2
1901830 134.3
1901840 134.3
1901850 134.5
1901860 134.5
1901870 134.5
1901880 134.4
1901890 134.5
1901900 134.5
1901910 134.5
1901920 134.5
1901930 134.5
1901940 134.5
1901950 134.5
1901960 134.5
1901970 134.5
1901980 134.5
1901990 134.5
1902000 134.6
1902010 134.7
1902020 134.7
1902030 134.7
1902040 134.6
1902050 134.6
1902060 134.6
1902070 134.4
1902080 134.4
1902090 134.4
1902100 134.5
1902110 134.5
1902120 134.5
1902130 134.4
1902140 134.4
1902150 134.4
1902160 134.4
1902170 134.4
1902180 134.5
1902190 134.5
1902200 134.5
1902210 134.6
1902220 134.5
1902230 134.5
1902240 134.5
1902250 134.5
1902260 134.5
1902270 134.5
1902280 134.5
1902290 134.5
1902300 134.5
1902310 134.5
1902320 134.5
1902330 134.5
1902800 134.2
1902810 134.2
1902820 134.2
1902830 134.2
1902840 134.2
1902850 134.1
1902860 134.0
1902870 134.0
1902880 133.9
1902890 133.8
1902900 133.8
1902910 133.8
1902920 133.8
1902930 133.8
1902940 134.0
1902950 134.2
1902960 134.2
1902970 134.0
1902980 133.9
1902990 133.9
1903000 133.8
1903010 133.9
1903020 133.9
1903030 133.9
1903040 134.0
1903050 134.0
1903060 134.1
1903070 134.2
1903080 134.2
1903090 134.2
1903100 134.2
1903110 134.2
1903120 134.3
1903130 134.4
1903140 134.4
1903150 134.4
1903160 134.4
1903170 134.4
1903180 134.4
1903190 134.4
1903200 134.4
1903210 134.4
1903220 134.4
1903230 134.4
1903240 134.3
1903250 134.3
1903260 134.3
1903270 134.2
1903280 134.2
1903290 134.2
1903300 134.1
1903310 134.1
1903320 134.1
1903330 134.1
1903340 134.1
1903350 134.1
1903360 134.1
1903370 134.2
1903380 134.2
1903390 134.2
1903400 134.2
1903410 134.2
1903420 134.1
1903430 134.1
1903440 134.1
1903450 134.1
1903460 134.1
1903470 134.1
1903480 134.1
1903490 134.1
1903500 134.1
1903510 134.1
1903520 134.1
1903530 134.1
1903540 134.2
1903550 134.2
1903560 134.2
1903570 134.2
1903580 134.1
1903590 134.1
1903600 134.2
1903610 134.2
1903620 134.2
1903630 134.2
1903640 134.2
1903650 134.2
1903660 134.2
1903670 134.2
1903680 134.2
1903690 134.3
1903700 134.2
1903710 134.2
1903720 134.1
1903730 134.0
1903740 134.0
1903750 134.0
1903760 133.9
1903770 133.9
1903780 133.9
1903790 133.9
1903800 133.9
1903810 133.9
1903820 134.0
1903830 134.0
1903840 134.2
1903850 134.1
1903860 134.1
1903870 134.1
1903880 134.2
1903890 134.2
1903900 134.3
1903910 134.1
1903920 134.0
1903930 133.9
1903940 133.7
1903950 133.6
1903960 133.6
1903970 133.7
1903980 133.7
1903990 133.7
1904000 133.8
1904010 133.8
1904020 133.8
1904030 133.9
1904040 134.0
1904050 134.0
1904060 134.0
1904070 134.1
1904080 134.1
1904090 134.1
1904100 134.1
1904110 134.1
1904120 134.2
1904130 134.2
1904140 134.2
1904150 134.2
1904160 134.2
1904170 134.2
1904180 134.2
1904190 134.2
1904200 134.2
1904210 134.2
1904220 134.1
1904230 134.1
1904240 134.1
1904250 134.1
1904260 134.1
1904270 134.2
1904280 134.2
1904290 134.2
1904300 134.3
1904310 134.3
1904320 134.3
1904330 134.2
1904340 134.2
1904350 134.2
1904360 134.1
1904370 134.0
1904380 134.0
1904390 134.0
1904400 134.1
1904410 134.1
1904420 134.1
1904430 134.2
1904440 134.2
1904450 134.3
1904460 134.3
1904470 134.3
1904480 134.3
1904490 134.3
1904500 134.3
1904510 134.4
1904520 134.3
1904530 134.2
1904540 134.2
1904550 134.2
1904560 134.2
1904570 134.2
1904580 134.2
1904590 134.2
1904600 134.1
1904610 133.9
1904620 133.9
1904630 133.9
1904640 134.0
1904650 134.0
1904660 134.0
1904670 134.0
1904680 134.0
1904690 134.1
1904700 134.1
1904710 134.1
1904720 134.1
1904730 134.0
1904740 134.0
1904750 134.0
1904760 134.0
1904770 134.0
1904780 134.0
1904790 134.0
1904800 134.0
1904810 133.9
1904820 133.8
1904830 133.8
1904840 133.8
1904850 133.8
1904860 133.8
1904870 133.8
1904880 134.0
1904890 134.0
1904900 134.1
1904910 134.1
1904920 134.1
1904930 134.2
1904940 134.2
1904950 134.2
1904960 134.3
1904970 134.3
1904980 134.3
1904990 134.3
1905000 134.3
1905010 134.3
1905020 134.3
1905030 134.2
1905040 134.2
1905050 134.1
1905060 134.1
1905070 134.1
1905080 134.3
1905090 134.5
1905100 134.5
1905110 134.6
1905120 134.6
1905130 134.6
1905140 134.6
1905150 134.4
1905160 134.4
1905170 134.5
1905180 134.7
1905190 134.7
1905200 134.9
1905210 135.1
1905220 135.1
1905230 135.2
1905240 135.3
1905250 135.3
1905260 135.4
1905270 135.4
1905280 135.4
1905290 135.2
1905300 135.1
1905310 135.1
1905320 134.9
1905330 134.7
1905340 134.7
1905350 134.6
1905360 134.5
1905370 134.5
1905380 134.4
1905390 134.4
1905400 134.3
1905410 134.3
1905420 134.4
1905430 134.4
1905440 134.4
1905450 134.4
1905460 134.4
1905470 134.4
1905480 134.3
1905490 134.3
1905500 134.3
1905510 134.2
1905520 134.1
1905530 134.1
1905540 134.0
1905550 133.8
1905560 133.8
1905570 133.7
1905580 133.6
1905590 133.6
1905600 133.5
1905610 133.3
1905620 133.3
1905630 133.3
1905640 133.2
1905650 133.2
1905660 133.1
1905670 133.1
1905680 133.1
1905690 133.1
1905700 133.3
1905710 133.3
1905720 133.4
1905730 133.5
1905740 133.5
1905750 133.7
1905760 133.9
1905770 133.9
1905780 133.9
1905790 133.9
1905800 133.9
1905810 134.0
1905820 134.1
1905830 134.1
1905840 134.1
1905850 134.1
1905860 134.1
1905870 134.1
1905880 134.0
1905890 134.0
1905900 134.0
1905910 134.0
1905920 134.0
1905930 134.0
1905940 134.1
1905950 134.1
1905960 134.1
1905970 134.1
1905980 134.1
1905990 134.1
1906000 134.0
1906010 134.0
1906020 134.0
1906030 134.1
1906040 134.1
1906050 134.2
1906060 134.2
1906070 134.1
1906080 134.2
1906090 134.2
1906100 134.2
1906110 134.2
1906120 134.1
1906130 134.1
1906140 134.0
1906150 134.0
1906160 134.0
1906170 134.1
1906180 134.3
1906190 134.3
1906200 134.3
1906210 134.5
1906220 134.5
1906230 134.6
1906240 134.5
1906250 134.5
1906260 134.3
1906270 134.2
1906280 134.2
1906290 134.2
1906300 134.3
1906310 134.3
1906320 134.3
1906330 134.3
1906340 134.3
1906350 134.2
1906360 134.2
1906370 134.2
1906380 134.0
1906390 133.9
1906400 133.9
1906410 133.9
1906420 133.9
1906430 133.9
1906440 133.7
1906450 133.7
1906460 133.7
1906470 133.5
1906480 133.3
1906490 133.3
1906500 133.0
1906510 132.6
1906520 132.6
1906530 132.3
1906540 131.9
1906550 131.9
1906560 131.7
1906570 131.5
1906580 131.5
1906590 131.4
1906600 131.2
1906610 131.2
1906620 130.9
1906630 130.7
1906640 130.7
1906650 130.5
1906660 130.5
1906670 130.5
1906680 130.8
1906690 131.1
1906700 131.1
1906710 131.4
1906720 131.6
1906730 131.6
1906740 131.7
1906750 131.8
1906760 131.8
1906770 132.0
