1900000 134.3
1900010 134.4
1900020 134.4
1900030 134.4
1900040 134.4
1900050 134.5
1900060 134.5
1900070 134.6
1900080 134.6
1900090 134.6
1900100 134.5
1900110 134.5
1900120 134.5
1900130 134.4
1900140 134.4
1900150 134.4
1900160 134.5
1900170 134.6
1900180 134.6
1900190 134.7
1900200 134.7
1900210 134.7
1900220 134.7
1900230 134.6
1900240 134.6
1900250 134.7
1900260 134.8
1900270 134.8
1900280 134.9
1900290 135.0
1900300 135.0
1900310 135.1
1900320 135.2
1900330 135.2
1900340 135.2
1900350 135.3
1900360 135.3
1900370 135.4
1900380 135.4
1900390 135.4
1900400 135.3
1900410 135.3
1900420 135.3
1900430 135.3
1900440 135.3
1900450 135.3
1900460 135.2
1900470 135.2
1900480 135.2
1900490 135.0
1900500 134.8
1900510 134.8
1900520 134.7
1900530 134.6
1900540 134.6
1900550 134.6
1900560 134.5
1900570 134.5
1900580 134.5
1900590 134.5
1900600 134.6
1900610 134.6
1900620 134.6
1900630 134.7
1900640 134.7
1900650 134.8
1900660 134.9
1900670 134.9
1900680 134.8
1900690 134.6
1900700 134.6
1900710 134.6
1900720 134.5
1900730 134.5
1900740 134.4
1900750 134.4
1900760 134.4
1900770 134.4
1900780 134.4
1900790 134.4
1900800 134.4
1900810 134.4
1900820 134.4
1900830 134.4
1900840 134.4
1900850 134.4
1900860 134.4
1900870 134.4
1900880 134.4
1900890 134.4
1900900 134.5
1900910 134.5
1900920 134.5
1900930 134.5
1900940 134.5
1900950 134.5
1900960 134.5
1900970 134.5
1900980 134.6
1900990 134.6
1901000 134.6
1901010 134.8
1901020 134.8
1901030 134.8
1901040 134.8
1901050 134.8
1901060 134.8
1901070 134.9
1901080 135.0
1901090 135.0
1901100 135.0
1901110 135.0
1901120 135.0
1901130 135.1
1901140 135.2
1901150 135.2
1901160 135.2
1901170 135.2
1901180 135.2
1901190 135.2
1901200 135.2
1901210 135.2
1901220 135.3
1901230 135.3
1901240 135.2
1901250 135.2
1901260 135.1
1901270 135.1
1901280 135.1
1901290 135.0
1901300 135.0
1901310 135.0
1901320 134.9
1901330 134.9
1901340 134.8
1901350 134.6
1901360 134.6
1901370 134.5
1901380 134.6
1901390 134.6
1901400 134.7
1901410 134.7
1901420 134.7
1901430 134.7
1901440 134.6
1901450 134.6
1901460 134.7
1901470 134.6
1901480 134.6
1901490 134.6
1901500 134.6
1901510 134.6
1901520 134.6
1901530 134.6
1901540 134.6
1901550 134.7
1901560 134.7
1901570 134.7
1901580 134.8
1901590 134.7
1901600 134.7
1901610 134.8
1901620 134.8
1901630 134.8
1901640 134.8
1901650 134.7
1901660 134.7
1901670 134.7
1901680 134.6
1901690 134.6
1901700 134.6
1901710 134.6
1901720 134.6
1901730 134.7
1901740 134.7
1901750 134.7
1901760 134.7
1901770 134.8
1901780 134.8
1901790 134.8
1901800 134.7
1901810 134.7
1901820 134.7
1901830 134.7
1901840 134.7
1901850 134.7
1901860 134.7
1901870 134.7
1901880 134.7
1901890 134.7
1901900 134.7
1901910 134.7
1901920 134.7
1901930 134.7
1901940 134.7
1901950 134.7
1901960 134.7
1901970 134.7
1901980 134.8
1901990 134.8
1902000 135.0
1902010 135.2
1902020 135.2
1902030 135.1
1902040 134.8
1902050 134.8
1902060 134.7
1902070 134.8
1902080 134.8
1902090 134.8
1902100 134.7
1902110 134.7
1902120 134.7
1902130 134.6
1902140 134.6
1902150 134.6
1902160 134.6
1902170 134.6
1902180 134.6
1902190 134.7
1902200 134.7
1902210 134.7
1902220 134.8
1902230 134.8
1902240 134.8
1902250 134.8
1902260 134.8
1902270 134.8
1902280 134.8
1902290 134.7
1902300 134.7
1902310 134.7
1902320 134.7
1902330 134.7
1902340 134.7
1902350 134.7
1902360 134.7
1902370 134.7
1902380 134.6
1902390 134.6
1902400 134.6
1902410 134.6
1902420 134.6
1902430 134.6
1902440 134.6
1902450 134.6
1902460 134.6
1902470 134.6
1902480 134.6
1902490 134.6
1902500 134.6
1902510 134.6
1902520 134.6
1902530 134.6
1902540 134.6
1902550 134.6
1902560 134.6
1902570 134.6
1902580 134.6
1902590 134.6
1902600 134.6
1902610 134.5
1903130 134.5
1903140 134.5
1903150 134.5
1903160 134.5
1903170 134.5
1903180 134.4
1903190 134.2
1903200 134.2
1903210 134.1
1903220 134.1
1903230 134.1
1903240 134.2
1903250 134.3
1903260 134.3
1903270 134.3
1903280 134.3
1903290 134.3
1903300 134.4
1903310 134.3
1903320 134.3
1903330 134.2
1903340 134.1
1903350 134.1
1903360 134.2
1903370 134.2
1903380 134.2
1903390 134.2
1903400 134.1
1903410 134.1
1903420 134.2
1903430 134.2
1903440 134.2
1903450 134.3
1903460 134.3
1903470 134.3
1903480 134.4
1903490 134.4
1903500 134.4
1903510 134.4
1903520 134.3
1903530 134.4
1903540 134.4
1903550 134.4
1903560 134.4
1903570 134.4
1903580 134.5
1903590 134.6
1903600 134.6
1903610 134.7
1903620 134.7
1903630 134.7
1903640 134.6
1903650 134.4
1903660 134.4
1903670 134.3
1903680 134.2
1903690 134.2
1903700 134.1
1903710 134.1
1903720 134.1
1903730 134.1
1903740 134.1
1903750 134.1
1903760 134.1
1903770 134.1
1903780 134.1
1903790 134.1
1903800 134.2
1903810 134.2
1903820 134.1
1903830 134.0
1903840 134.0
1903850 134.0
1903860 133.9
1903870 133.9
1903880 133.9
1903890 133.9
1903900 133.9
1903910 134.0
1903920 133.9
1903930 133.9
1903940 134.0
1903950 134.0
1903960 134.0
1903970 134.0
1903980 134.0
1903990 134.0
1904000 134.0
1904010 133.9
1904020 133.9
1904030 133.9
1904040 133.8
1904050 133.8
1904060 133.8
1904070 133.8
1904080 133.8
1904090 133.9
1904100 133.9
1904110 133.9
1904120 133.9
1904130 134.0
1904140 134.0
1904150 134.1
1904160 134.3
1904170 134.3
1904180 134.5
1904190 134.6
1904200 134.6
1904210 134.6
1904220 134.4
1904230 134.4
1904240 134.3
1904250 134.2
1904260 134.2
1904270 134.1
1904280 134.1
1904290 134.1
1904300 134.2
1904310 134.3
1904320 134.3
1904330 134.4
1904340 134.5
1904350 134.5
1904360 134.6
1904370 134.7
1904380 134.7
1904390 134.8
1904400 134.9
1904410 134.9
1904420 135.0
1904430 134.9
1904440 134.9
1904450 134.9
1904460 134.8
1904470 134.8
1904480 134.7
1904490 134.6
1904500 134.6
1904510 134.6
1904520 134.6
1904530 134.6
1904540 134.6
1904550 134.6
1904560 134.6
1904570 134.7
1904580 134.7
1904590 134.7
1904600 134.8
1904610 134.8
1904620 134.8
1904630 134.8
1904640 134.6
1904650 134.6
1904660 134.5
1904670 134.4
1904680 134.4
1904690 134.3
1904700 134.2
1904710 134.2
1904720 134.2
1904730 134.1
1904740 134.1
1904750 134.1
1904760 134.0
1904770 134.0
1904780 133.9
1904790 133.8
1904800 133.8
1904810 133.9
1904820 134.0
1904830 134.0
1904840 134.2
1904850 134.3
1904860 134.3
1904870 134.3
1904880 134.2
1904890 134.2
1904900 134.0
1904910 134.0
1904920 134.0
1904930 134.1
1904940 134.4
1904950 134.4
1904960 134.6
1904970 134.7
1904980 134.7
1904990 134.8
1905000 134.8
1905010 134.8
1905020 134.8
1905030 134.8
1905040 134.7
1905050 134.7
1905060 134.7
1905070 134.7
1905080 134.7
1905090 134.7
1905100 134.7
1905110 134.7
1905120 134.7
1905130 134.6
1905140 134.6
1905150 134.6
1905160 134.6
1905170 134.6
1905180 134.6
1905190 134.6
1905200 134.6
1905210 134.6
1905220 134.6
1905230 134.6
1905240 134.7
1905250 134.7
1905260 134.7
1905270 134.7
1905280 134.6
1905290 134.6
1905300 134.6
1905310 134.7
1905320 134.7
1905330 134.7
1905340 134.7
1905350 134.7
1905360 134.7
1905370 134.7
1905380 134.7
1905390 134.7
1905400 134.7
1905410 134.7
1905420 134.6
1905430 134.6
1905440 134.6
1905450 134.5
1905460 134.4
1905470 134.4
1905480 134.3
1905490 134.0
1905500 134.0
1905510 133.6
1905520 133.3
1905530 133.3
1905540 133.1
1905550 133.0
1905560 132.8
1905570 132.7
1905580 132.7
1905590 132.7
1905600 132.7
1905610 132.6
1905620 132.6
1905630 132.5
1905640 132.5
1905650 132.5
1905660 132.5
1905670 132.5
1905680 132.5
1905690 132.4
1905700 132.5
1905710 132.5
1905720 132.6
1905730 132.7
1905740 132.7
1905750 132.8
1905760 133.0
1905770 133.0
1905780 133.0
1905790 133.2
1905800 133.2
1905810 133.4
1905820 133.8
1905830 133.8
1905840 134.1
1905850 134.5
1905860 134.2
1905870 134.6
1905880 134.9
1905890 134.9
1905900 135.1
1905910 135.3
1905920 135.3
1905930 135.5
1905940 135.5
1905950 135.5
1905960 135.2
1905970 135.0
1905980 135.0
1905990 134.7
1906000 134.6
1906010 134.6
1906020 134.5
1906030 134.5
1906040 134.5
1906050 134.5
1906060 134.4
1906070 134.4
1906080 134.4
1906090 134.2
1906100 134.2
1906110 134.0
1906120 133.9
1906130 133.9
1906140 133.8
1906150 133.7
1906160 133.7
1906170 133.6
1906180 133.5
1906190 133.5
1906200 133.5
1906210 133.3
1906220 133.3
1906230 133.2
1906240 133.2
1906250 133.2
1906260 133.1
1906270 133.0
1906280 133.0
1906290 133.0
1906300 132.9
1906310 132.9
1906320 132.8
1906330 132.6
1906340 132.6
1906350 132.5
1906360 132.5
1906370 132.5
1906380 132.5
1906390 132.3
1906400 132.3
1906410 132.0
1906420 131.6
1906430 131.6
1906440 131.1
1906450 130.8
1906460 130.8
1906470 130.7
1906480 130.8
1906490 131.0
1906500 131.0
