1900000 135.0
1900010 135.0
1900020 135.0
1900030 134.9
1900040 134.9
1900050 134.9
1900060 134.9
1900070 134.9
1900080 134.9
1900090 134.8
1900100 134.8
1900110 134.8
1900120 134.9
1900130 134.9
1900140 134.9
1900150 135.0
1900160 135.0
1900170 135.0
1900180 135.0
1900190 135.0
1900200 134.9
1900210 134.6
1900220 134.6
1900230 134.2
1900240 134.1
1900250 134.1
1900260 134.0
1900270 134.0
1900280 134.0
1900290 133.9
1900300 133.9
1900310 133.9
1900320 133.9
1900330 134.0
1900340 134.0
1900350 134.0
1900360 134.0
1900370 134.0
1900380 133.9
1900390 133.9
1900400 133.9
1900410 133.9
1900420 133.9
1900430 133.9
1900440 133.8
1900450 133.8
1900460 133.8
1900470 133.8
1900480 133.8
1900490 133.8
1900500 133.8
1900510 133.8
1900520 133.8
1900530 133.8
1900540 133.9
1900550 133.9
1900560 134.0
1900570 134.2
1900580 134.2
1900590 134.5
1900600 134.9
1900610 134.9
1900620 135.3
1900630 135.6
1900640 135.6
1900650 135.8
1900660 136.0
1900670 136.0
1900680 136.1
1900690 136.1
1900700 136.1
1900710 136.3
1900720 136.3
1900730 136.3
1900740 136.2
1900750 136.1
1900760 136.1
1900770 135.9
1900780 135.7
1900790 135.7
1900800 135.4
1900810 135.1
1900820 135.2
1900830 135.0
1900840 134.8
1900850 134.8
1900860 134.7
1900870 134.6
1900880 134.6
1900890 134.5
1900900 134.5
1900910 134.5
1900920 134.4
1900930 134.4
1900940 134.4
1900950 134.4
1900960 134.3
1900970 134.3
1900980 134.3
1900990 134.4
1901000 134.4
1901010 134.4
1901020 134.3
1901030 134.3
1901040 134.3
1901050 134.3
1901060 134.4
1901070 134.4
1901080 134.3
1901090 134.3
1901100 134.3
1901110 134.3
1901120 134.3
1901130 134.4
1901140 134.3
1901150 134.3
1901160 134.3
1901170 134.3
1901180 134.3
1901190 134.3
1901200 134.3
1901210 134.3
1901220 134.3
1901230 134.2
1901240 134.2
1901250 134.2
1901260 134.1
1901270 134.1
1901280 134.1
1901290 134.1
1901300 134.1
1901310 134.1
1901320 134.2
1901330 134.4
1901340 134.4
1901350 134.5
1901360 134.5
1901370 134.5
1901380 134.5
1901390 134.5
1901400 134.5
1901410 134.5
1901420 134.6
1901430 134.6
1901440 134.6
1901450 134.7
1901460 134.7
1901470 134.7
1901480 134.8
1901490 134.8
1901500 134.9
1901510 134.9
1901520 134.9
1901530 134.9
1901540 134.9
1901550 134.9
1901560 134.9
1901570 134.9
1901580 134.9
1901590 134.9
1901600 134.9
1901610 134.9
1901620 134.9
1901630 134.9
1901640 134.9
1901650 134.9
1901660 134.9
1901670 134.9
1901680 134.9
1901690 134.9
1901700 134.9
1901710 134.9
1901720 135.0
1901730 135.0
1901740 135.0
1901750 135.0
1901760 135.0
1901770 135.0
1901780 134.9
1901790 134.9
1901800 134.9
1901810 134.9
1901820 134.9
1901830 134.8
1901840 134.8
1901850 134.8
1901860 134.8
1901870 134.7
1901880 134.7
1901890 134.7
1901900 134.7
1901910 134.7
1901920 134.7
1901930 134.7
1901940 134.7
1901950 134.7
1901960 134.7
1901970 134.7
1901980 134.7
1901990 134.7
1902000 134.7
1902010 134.8
1902020 134.8
1902030 134.8
1902040 134.8
1902050 134.9
1902060 134.8
1902070 134.9
1902080 134.9
1902090 134.9
1902100 134.9
1902110 134.8
1902120 134.8
1902130 134.7
1902140 134.7
1902150 134.7
1902160 134.8
1902170 134.8
1902180 134.8
1902190 134.8
1902200 134.8
1902210 134.8
1902220 135.2
1902230 135.2
1902240 135.2
1902250 135.0
1902260 134.8
1902270 134.8
1902280 134.7
1902290 134.7
1902300 134.7
1902310 134.7
1902320 134.8
1902330 134.8
1902340 134.8
1902350 134.8
1902360 134.8
1902370 134.8
1902380 134.8
1902390 134.7
1902400 134.7
1902410 134.6
1902420 134.6
1902430 134.6
1902440 134.5
1902450 134.6
1902460 134.6
1902470 134.7
1902480 135.0
1902490 135.0
1902500 135.1
1902510 135.5
1902520 135.5
1902530 135.7
1902540 135.9
1902550 135.9
1902560 135.6
1902570 135.2
1902580 135.2
1902590 135.0
1902600 134.9
1902610 134.9
1902620 134.8
1902630 134.8
1902640 134.8
1902650 134.8
1902660 134.7
1902670 134.7
1902680 134.8
1902690 134.8
1902700 134.8
1902710 134.8
1902720 134.8
1902730 134.8
1902740 134.7
1902750 134.7
1902760 134.7
1902770 134.6
1902780 134.6
1902790 134.6
1902800 134.6
1902810 134.5
1902820 134.5
1903400 134.8
1903410 134.7
1903420 134.7
1903430 134.5
1903440 134.3
1903450 134.3
1903460 134.3
1903470 134.5
1903480 134.5
1903490 134.6
1903500 134.6
1903510 134.6
1903520 134.6
1903530 134.5
1903540 134.5
1903550 134.5
1903560 134.5
1903570 134.5
1903580 134.5
1903590 134.6
1903600 134.6
1903610 134.6
1903620 134.5
1903630 134.5
1903640 134.4
1903650 134.3
1903660 134.3
1903670 134.2
1903680 134.2
1903690 134.2
1903700 134.2
1903710 134.1
1903720 134.1
1903730 134.0
1903740 134.0
1903750 134.0
1903760 134.1
1903770 134.1
1903780 134.1
1903790 134.0
1903800 133.9
1903810 133.9
1903820 133.9
1903830 133.8
1903840 133.8
1903850 133.7
1903860 133.7
1903870 133.8
1903880 133.8
1903890 134.0
1903900 134.0
1903910 134.0
1903920 134.0
1903930 134.0
1903940 134.0
1903950 134.0
1903960 134.0
1903970 134.0
1903980 133.9
1903990 133.9
1904000 133.9
1904010 133.8
1904020 133.9
1904030 133.9
1904040 133.8
1904050 133.7
1904060 133.7
1904070 133.6
1904080 133.7
1904090 133.7
1904100 133.7
1904110 133.8
1904120 133.8
1904130 133.8
1904140 133.9
1904150 133.9
1904160 134.1
1904170 134.3
1904180 134.3
1904190 134.5
1904200 134.8
1904210 134.8
1904220 134.9
1904230 135.1
1904240 135.1
1904250 135.2
1904260 135.3
1904270 135.3
1904280 135.4
1904290 135.4
1904300 135.4
1904310 135.4
1904320 135.3
1904330 135.3
1904340 135.1
1904350 134.9
1904360 134.9
1904370 134.6
1904380 134.4
1904390 134.4
1904400 134.1
1904410 134.1
1904420 134.1
1904430 134.1
1904440 134.2
1904450 134.2
1904460 134.4
1904470 134.6
1904480 134.6
1904490 134.5
1904500 134.4
1904510 134.4
1904520 134.2
1904530 134.2
1904540 134.2
1904550 134.0
1904560 133.9
1904570 133.9
1904580 133.9
1904590 134.0
1904600 134.0
1904610 134.1
1904620 134.3
1904630 134.3
1904640 134.6
1904650 134.6
1904660 134.6
1904670 134.6
1904680 134.5
1904690 134.5
1904700 134.5
1904710 134.5
1904720 134.5
1904730 134.6
1904740 134.8
1904750 134.8
1904760 134.8
1904770 134.8
1904780 134.8
1904790 134.8
1904800 134.8
1904810 134.8
1904820 134.7
1904830 134.4
1904840 134.3
1904850 134.1
1904860 133.9
1904870 133.9
1904880 133.9
1904890 133.9
1904900 133.9
1904910 133.9
1904920 134.1
1904930 134.1
1904940 134.1
1904950 134.2
1904960 134.2
1904970 134.1
1904980 134.0
1904990 134.0
1905000 134.0
1905010 133.9
1905020 133.9
1905030 133.9
1905040 133.8
1905050 133.8
1905060 133.8
1905070 133.7
1905080 133.7
1905090 133.7
1905100 133.7
1905110 133.7
1905120 133.8
1905130 133.8
1905140 133.8
1905150 133.9
1905160 134.0
1905170 134.0
1905180 134.1
1905190 134.2
1905200 134.2
1905210 134.4
1905220 134.7
1905230 134.7
1905240 134.8
1905250 135.0
1905260 135.0
1905270 135.1
1905280 135.1
1905290 135.1
1905300 135.1
1905310 135.1
1905320 135.1
1905330 135.0
1905340 134.9
1905350 134.9
1905360 134.9
1905370 134.8
1905380 134.8
1905390 134.8
1905400 134.6
1905410 134.4
1905420 134.4
1905430 134.1
1905440 133.8
1905450 133.7
1905460 133.4
1905470 133.2
1905480 133.2
1905490 133.1
1905500 133.1
1905510 133.1
1905520 133.0
1905530 132.9
1905540 132.9
1905550 132.9
1905560 132.8
1905570 132.8
1905580 132.7
1905590 132.7
1905600 132.7
1905610 132.6
1905620 132.6
1905630 132.6
1905640 132.6
1905650 132.8
1905660 132.8
1905670 132.8
1905680 132.9
1905690 132.9
1905700 132.9
1905710 132.8
1905720 132.8
1905730 132.6
1905740 132.6
1905750 132.6
1905760 132.5
1905770 132.6
1905780 132.6
1905790 132.7
1905800 132.9
1905810 132.9
1905820 133.0
1905830 133.1
1905840 133.1
1905850 133.2
1905860 133.0
1905870 133.0
1905880 132.8
1905890 132.6
1905900 132.6
1905910 132.5
1905920 132.5
1905930 132.5
1905940 132.5
1905950 132.5
1905960 132.5
1905970 132.5
1905980 132.4
1905990 132.4
1906000 132.3
1906010 132.3
1906020 132.3
1906030 132.3
1906040 132.4
1906050 132.4
1906060 132.5
1906070 132.6
1906080 132.6
1906090 132.8
1906100 133.2
1906110 133.2
1906120 133.6
1906130 133.8
1906140 133.8
1906150 134.0
1906160 133.9
1906170 133.9
1906180 133.9
1906190 133.8
1906200 133.8
1906210 133.7
1906220 133.4
1906230 133.4
1906240 133.0
