1900000 134.1
1900010 134.0
1900020 134.0
1900030 134.0
1900040 134.0
1900050 134.0
1900060 134.2
1900070 134.3
1900080 134.3
1900090 134.2
1900100 134.2
1900110 134.2
1900120 134.1
1900130 134.0
1900140 134.0
1900150 134.0
1900160 134.0
1900170 134.0
1900180 134.1
1900190 134.1
1900200 134.1
1900210 134.2
1900220 134.2
1900230 134.2
1900240 134.3
1900250 134.4
1900260 134.4
1900270 134.4
1900280 134.4
1900290 134.4
1900300 134.4
1900310 134.4
1900320 134.4
1900330 134.4
1900340 134.4
1900350 134.4
1900360 134.4
1900370 134.3
1900380 134.3
1900390 134.2
1900400 134.2
1900410 134.2
1900420 134.1
1900430 133.9
1900440 133.9
1900450 133.8
1900460 133.7
1900470 133.7
1900480 133.6
1900490 133.6
1900500 133.6
1900510 133.6
1900520 133.7
1900530 133.7
1900540 133.7
1900550 133.7
1900560 133.7
1900570 133.7
1900580 133.6
1900590 133.6
1900600 133.7
1900610 133.7
1900620 133.7
1900630 133.7
1900640 133.6
1900650 133.6
1900660 133.7
1900670 133.7
1900680 133.7
1900690 133.7
1900700 133.6
1900710 133.6
1900720 133.5
1900730 133.5
1900740 133.5
1900750 133.4
1900760 133.4
1900770 133.4
1900780 133.4
1900790 133.4
1900800 133.4
1900810 133.4
1900820 133.5
1900830 133.5
1900840 133.6
1900850 133.7
1900860 133.7
1900870 133.9
1900880 134.0
1900890 134.0
1900900 134.1
1900910 134.2
1900920 134.2
1900930 134.3
1900940 134.3
1900950 134.3
1900960 134.4
1900970 134.4
1900980 134.4
1900990 134.5
1901000 134.6
1901010 134.6
1901020 134.6
1901030 134.8
1901040 134.7
1901050 134.8
1901060 134.9
1901070 134.9
1901080 134.9
1901090 134.9
1901100 134.9
1901110 134.8
1901120 134.8
1901130 134.8
1901140 134.8
1901150 134.8
1901160 134.8
1901170 134.8
1901180 134.8
1901190 134.8
1901200 134.8
1901210 134.8
1901220 134.8
1901230 134.9
1901240 134.9
1901250 134.9
1901260 135.0
1901270 135.0
1901280 134.9
1901290 134.9
1901300 134.9
1901310 134.9
1901320 134.9
1901330 134.9
1901340 134.9
1901350 134.9
1901360 134.8
1901370 134.8
1901380 134.8
1901390 134.8
1901400 134.8
1901410 134.8
1901420 134.8
1901430 134.7
1901440 134.7
1901450 134.6
1901460 134.6
1901470 134.6
1901480 134.7
1901490 134.7
1901500 134.7
1901510 134.6
1901520 134.7
1901530 134.7
1901540 134.8
1901550 135.0
1901560 135.0
1901570 134.9
1901580 134.7
1901590 134.7
1901600 134.5
1901610 134.5
1901620 134.5
1901630 134.5
1901640 134.6
1901650 134.6
1901660 134.6
1901670 134.6
1901680 134.6
1901690 134.6
1901700 134.6
1901710 134.6
1901720 134.5
1901730 134.5
1901740 134.5
1901750 134.5
1901760 134.5
1901770 134.5
1901780 134.5
1901790 134.6
1901800 134.6
1901810 134.5
1901820 134.5
1901830 134.5
1901840 134.4
1901850 134.4
1901860 134.4
1901870 134.4
1901880 134.5
1901890 134.5
1901900 134.5
1901910 134.5
1901920 134.5
1901930 134.6
1901940 134.6
1901950 134.6
1901960 134.3
1901970 134.2
1901980 134.2
1901990 134.2
1902000 134.3
1902010 134.3
1902020 134.3
1902030 134.3
1902040 134.3
1902050 134.4
1902060 134.4
1902070 134.4
1902080 134.4
1902090 134.5
1902100 134.5
1902110 134.4
1902120 134.4
1902130 134.4
1902140 134.4
1902150 134.4
1902160 134.4
1902170 134.4
1902180 134.4
1902190 134.4
1902200 134.3
1902210 134.2
1902220 134.2
1902230 134.2
1902240 134.2
1902250 134.2
1902260 134.1
1902270 134.3
1902280 134.3
1902290 134.3
1902300 134.2
1902310 134.2
1902320 134.1
1902330 134.1
1902340 134.1
1902350 134.2
1902360 134.3
1902370 134.3
1902380 134.3
1902390 134.3
1902400 134.3
1902410 134.2
1902420 134.2
1902430 134.2
1902440 134.2
1902450 134.3
1902460 134.3
1902470 134.4
1902480 134.4
1902490 134.4
1902570 134.4
1902590 134.4
1902600 134.4
1902610 134.4
1902620 134.4
1902630 134.4
1902640 134.4
1902650 134.4
1902660 134.3
1902670 134.3
1902680 134.3
1902690 134.2
1902700 134.2
1902710 134.1
1902720 134.1
1902730 134.2
1902740 134.2
1902750 134.1
1902760 134.0
1902770 134.0
1902780 134.0
1902790 133.9
1902800 133.9
1902810 133.9
1902820 133.9
1902830 133.9
1902840 134.0
1902850 134.0
1902860 134.0
1902870 134.0
1902880 134.0
1902890 134.0
1902900 134.0
1902910 134.0
1902920 134.0
1902930 133.9
1902940 133.9
1902950 133.9
1902960 133.9
1902970 134.0
1902980 134.0
1902990 134.0
1903000 134.0
1903010 134.0
1903020 134.0
1903030 134.0
1903040 134.0
1903050 134.0
1903060 134.0
1903070 134.0
1903080 134.1
1903090 134.2
1903100 134.2
1903110 134.3
1903120 134.2
1903130 134.2
1903140 134.2
1903150 134.1
1903160 134.1
1903170 133.9
1903180 133.8
1903190 133.8
1903200 133.8
1903210 133.8
1903220 133.8
1903230 133.7
1903240 133.8
1903250 133.8
1903260 133.8
1903270 133.9
1903280 133.9
1903290 134.1
1903300 134.2
1903310 134.2
1903320 134.2
1903330 134.3
1903340 134.3
1903350 134.3
1903360 134.2
1903370 134.2
1903380 134.2
1903390 134.2
1903400 134.2
1903410 134.1
1903420 134.1
1903430 134.1
1903440 134.1
1903450 134.1
1903460 134.1
1903470 134.1
1903480 134.0
1903490 134.0
1903500 134.0
1903510 134.0
1903520 134.0
1903530 133.9
1903540 133.9
1903550 133.9
1903560 133.9
1903570 133.9
1903580 133.9
1903590 134.1
1903600 134.1
1903610 134.1
1903620 134.1
1903630 134.0
1903640 134.0
1903650 133.9
1903660 133.8
1903670 133.8
1903680 133.8
1903690 133.8
1903700 133.8
1903710 133.9
1903720 134.0
1903730 134.0
1903740 134.1
1903750 134.1
1903760 134.1
1903770 134.1
1903780 134.1
1903790 134.1
1903800 134.1
1903810 134.1
1903820 134.0
1903830 134.0
1903840 134.0
1903850 134.0
1903860 134.0
1903870 134.0
1903880 134.0
1903890 134.0
1903900 134.0
1903910 134.0
1903920 134.0
1903930 133.9
1903940 133.9
1903950 133.9
1903960 133.8
1903970 133.8
1903980 133.8
1903990 133.7
1904000 133.7
1904010 133.7
1904020 133.7
1904030 133.7
1904040 133.8
1904050 134.0
1904060 134.0
1904070 134.1
1904080 134.1
1904090 134.1
1904100 134.1
1904110 134.2
1904120 134.2
1904130 134.1
1904140 134.0
1904150 134.0
1904160 134.1
1904170 134.1
1904180 134.1
1904190 134.1
1904200 134.1
1904210 134.0
1904220 134.0
1904230 134.0
1904240 134.0
1904250 134.0
1904260 134.0
1904270 134.0
1904280 134.0
1904290 134.0
1904300 134.0
1904310 134.0
1904320 133.9
1904330 133.9
1904340 133.9
1904350 134.0
1904360 134.0
1904370 134.0
1904380 134.0
1904390 134.0
1904400 134.0
1904410 134.0
1904420 134.0
1904430 134.0
1904440 134.0
1904450 134.0
1904460 134.0
1904470 134.0
1904480 134.0
1904490 134.0
1904500 134.0
1904510 134.0
1904520 134.0
1904530 134.0
1904540 134.0
1904550 134.0
1904560 134.1
1904570 134.1
1904580 134.1
1904590 134.1
1904600 134.1
1904610 134.1
1904620 134.0
1904630 134.0
1904640 134.0
1904650 134.0
1904660 133.9
1904670 133.9
1904680 133.9
1904690 133.9
1904700 133.9
1904710 134.0
1904720 134.0
1904730 134.0
1904740 134.1
1904750 134.0
1904760 134.0
1904770 133.9
1904780 133.9
1904790 133.9
1904800 133.8
1904810 133.8
1904820 133.8
1904830 133.7
1904840 133.7
1904850 133.7
1904860 133.8
1904870 134.0
1904880 134.0
1904890 134.0
1904900 133.9
1904910 133.9
1904920 133.7
1904930 133.7
1904940 133.7
1904950 133.8
1904960 133.9
1904970 133.9
1904980 134.0
1904990 134.0
1905000 134.0
1905010 134.1
1905020 134.2
1905030 134.2
1905040 134.2
1905050 134.2
1905060 134.2
1905070 134.1
1905080 134.1
1905090 134.1
1905100 134.0
1905110 133.9
1905120 133.9
1905130 133.8
1905140 133.8
1905150 133.8
1905160 133.9
1905170 134.2
1905180 134.2
1905190 134.3
1905200 134.4
1905210 134.4
1905220 134.4
1905230 134.3
1905240 134.3
1905250 134.3
1905260 134.3
1905270 134.3
1905280 134.4
1905290 134.4
1905300 134.4
1905310 134.4
1905320 134.1
1905330 134.1
1905340 134.1
1905350 134.0
1905360 134.0
1905370 134.1
1905380 134.1
1905390 134.1
1905400 134.2
1905410 134.2
1905420 134.2
1905430 134.4
1905440 134.4
1905450 134.4
1905460 134.4
1905470 134.3
1905480 134.3
1905490 134.3
1905500 134.3
1905510 134.3
1905520 134.2
1905530 134.2
1905540 134.2
1905550 134.1
1905560 134.0
1905570 134.0
1905580 133.9
1905590 133.8
1905600 133.8
1905610 133.7
1905620 133.7
1905630 133.6
1905640 133.6
1905650 133.5
1905660 133.4
1905670 133.4
1905680 133.2
1905690 133.1
1905700 133.1
1905710 133.1
1905720 133.0
1905730 133.0
1905740 133.0
1905750 133.0
1905760 133.0
1905770 132.9
1905780 132.9
1905790 132.9
1905800 133.0
1905810 133.1
1905820 133.1
1905830 133.2
1905840 133.3
1905850 133.3
1905860 133.4
1905870 133.4
1905880 133.4
1905890 133.5
1905900 133.6
1905910 133.6
1905920 133.6
1905930 133.6
1905940 133.6
1905950 133.6
1905960 133.7
1905970 133.7
1905980 133.7
1905990 133.8
1906000 133.8
1906010 133.8
1906020 133.9
1906030 133.9
1906040 133.9
1906050 134.0
1906060 134.0
1906070 133.9
1906080 134.0
1906090 134.0
1906100 134.1
1906110 134.1
1906120 134.1
1906130 134.2
1906140 134.4
1906150 134.4
1906160 134.4
1906170 134.4
1906180 134.4
1906190 134.4
1906200 134.5
1906210 134.5
1906220 134.5
1906230 134.5
1906240 134.5
1906250 134.5
1906260 134.6
1906270 134.6
1906280 134.7
1906290 134.8
1906300 134.8
1906310 134.8
1906320 134.9
1906330 134.9
1906340 135.0
1906350 135.1
1906360 135.1
1906370 135.2
1906380 135.3
1906390 135.3
1906400 135.3
1906410 135.5
1906420 135.5
1906430 135.4
1906440 135.3
1906450 135.3
1906460 135.1
1906470 134.9
1906480 134.9
1906490 134.9
1906500 134.9
1906510 134.9
1906520 134.8
1906530 134.8
1906540 134.8
1906550 134.8
1906560 134.7
1906570 134.7
1906580 134.4
1906590 134.2
1906600 134.2
1906610 134.1
1906620 133.9
1906630 133.9
1906640 133.5
1906650 133.3
1906660 133.3
1906670 132.9
1906680 132.6
1906690 132.6
1906700 132.3
1906710 132.0
1906720 132.0
1906730 131.8
1906740 131.6
1906750 131.6
1906760 131.7
1906770 131.8
1906780 131.8
1906790 132.0
1906800 132.2
1906810 132.2
1906820 132.3
1906830 132.2
1906840 132.2
1906850 132.1
1906860 131.8
1906870 131.8
1906880 131.4
1906890 130.7
1906900 130.7
1906910 130.6
1906920 130.6
1906930 130.6
1906940 130.6
1906950 130.8
1906960 130.8
1906970 131.1
1906980 131.4
1906990 131.4
1907000 131.8
1907010 132.0
1907020 132.0
1907030 132.2
1907040 132.5
1907050 132.5
1907060 132.8
1907070 133.0
1907080 133.2
1907090 133.2
1907100 133.3
1907110 133.4
1907120 133.4
1907130 133.4
1907140 133.4
1907150 133.4
1907160 133.4
1907170 133.4
1907180 133.4
