1900000 134.4
1900010 134.4
1900020 134.4
1900030 134.4
1900040 134.4
1900050 134.4
1900060 134.5
1900070 134.5
1900080 134.5
1900090 134.6
1900100 134.6
1900110 134.6
1900120 134.5
1900130 134.4
1900140 134.4
1900150 134.4
1900160 134.4
1900170 134.4
1900180 134.4
1900190 134.4
1900200 134.4
1900210 134.4
1900220 134.5
1900230 134.4
1900240 134.4
1900250 134.4
1900260 134.3
1900270 134.3
1900280 134.2
1900290 134.2
1900300 134.2
1900310 134.1
1900320 134.1
1900330 134.1
1900340 134.0
1900350 134.0
1900360 134.0
1900370 133.9
1900380 133.9
1900390 133.9
1900400 133.9
1900410 133.9
1900420 133.9
1900430 133.9
1900440 133.9
1900450 133.9
1900460 133.8
1900470 133.8
1900480 133.8
1900490 133.8
1900500 133.9
1900510 133.9
1900520 134.0
1900530 134.1
1900540 134.1
1900550 134.1
1900560 134.0
1900570 134.0
1900580 134.1
1900590 134.1
1900600 134.1
1900610 134.2
1900620 134.3
1900630 134.3
1900640 134.4
1900650 134.5
1900660 134.5
1900670 134.5
1900680 134.6
1900690 134.6
1900700 134.6
1900710 134.6
1900720 134.7
1900730 134.7
1900740 134.7
1900750 134.7
1900760 134.7
1900770 134.8
1900780 134.8
1900790 134.8
1900800 134.8
1900810 134.8
1900820 134.8
1900830 134.8
1900840 134.8
1900850 134.8
1900860 134.8
1900870 134.8
1900880 134.8
1900890 134.8
1900900 134.8
1900910 134.8
1900920 134.8
1900930 134.8
1900940 134.8
1900950 134.8
1900960 134.8
1900970 134.8
1900980 134.8
1900990 134.8
1901000 134.9
1901010 134.9
1901020 134.9
1901030 134.9
1901040 134.9
1901050 134.9
1901060 134.8
1901070 134.8
1901080 134.8
1901090 134.8
1901100 134.9
1901110 134.9
1901120 134.9
1901130 134.8
1901140 134.8
1901150 134.8
1901160 134.8
1901170 134.8
1901180 134.8
1901190 134.9
1901200 134.9
1901210 135.0
1901220 135.0
1901230 135.0
1901240 134.9
1901250 134.7
1901260 134.7
1901270 134.6
1901280 134.6
1901290 134.6
1901300 134.7
1901310 134.7
1901320 134.7
1901330 134.7
1901340 134.8
1901350 134.8
1901360 134.7
1901370 134.8
1901380 134.8
1901390 134.8
1901400 134.7
1901410 134.7
1901420 134.7
1901430 134.7
1901440 134.7
1901450 134.7
1901460 134.6
1901470 134.6
1901480 134.5
1901490 134.5
1901500 134.5
1901510 134.6
1901520 134.6
1901530 134.6
1901540 134.7
1901550 134.7
1901560 134.7
1901570 134.6
1901580 134.6
1901590 134.6
1901600 134.6
1901610 134.5
1901620 134.5
1901630 134.6
1901640 134.6
1901650 134.6
1901660 134.6
1901670 134.6
1901680 134.6
1901690 134.7
1901700 134.7
1901710 134.8
1901720 134.8
1901730 134.8
1901740 134.8
1901750 134.8
1901760 134.8
1901770 134.8
1901780 134.8
1901790 134.8
1901800 134.8
1901810 134.8
1901820 134.8
1901830 134.8
1901840 134.8
1901850 134.7
1901860 134.7
1901870 134.7
1901880 134.7
1901890 134.6
1901900 134.6
1901910 134.6
1901920 134.7
1901930 134.7
1901940 134.7
1901950 134.8
1901960 134.8
1901970 134.8
1901980 134.9
1901990 134.9
1902000 134.9
1902010 134.9
1902020 134.9
1902030 134.8
1902040 134.8
1902050 134.8
1902060 134.8
1902070 134.8
1902080 134.8
1902090 134.8
1902100 134.9
1902110 134.9
1902120 134.8
1902130 134.8
1902140 134.8
1902150 134.9
1902160 134.9
1902170 134.9
1902180 134.9
1902190 134.9
1902200 134.9
1902210 135.0
1902220 134.9
1902230 134.9
1902240 134.8
1902250 134.9
1902260 134.9
1902270 135.0
1902280 134.9
1902290 134.9
1902300 134.9
1902310 134.9
1902320 134.9
1902330 134.9
1902340 134.9
1902350 134.9
1902360 134.9
1902370 135.0
1902380 135.0
1902390 134.9
1902400 134.9
1902410 134.9
1902420 134.8
1902430 134.9
1902440 134.9
1902450 134.9
1902460 134.9
1902470 134.9
1902480 134.8
1902490 134.8
1902500 134.8
1902510 134.8
1902520 134.9
1902530 134.9
1902540 134.9
1902550 134.9
1902560 134.9
1902570 134.9
1902580 134.9
1902590 134.9
1902600 134.9
1902610 134.9
1902620 134.9
1902630 134.8
1902640 134.9
1902650 134.9
1902660 134.9
1902670 135.1
1902680 135.1
1902690 135.1
1902700 135.3
1902710 135.3
1902720 135.4
1902730 135.3
1902740 135.3
1902750 135.2
1902760 135.1
1902770 135.1
1902780 135.1
1902790 135.1
1902800 135.1
1902810 135.1
1902820 135.1
1902830 135.1
1902840 135.1
1902850 135.2
1902860 135.2
1902870 135.3
1902880 135.4
1902890 135.4
1902900 135.6
1902910 135.7
1902920 135.7
1902930 135.5
1902940 135.5
1902950 135.5
1902960 135.5
1902970 135.6
1902980 135.6
1902990 135.7
