1900000 134.6
1900010 134.6
1900020 134.7
1900030 134.7
1900040 134.8
1900050 134.8
1900060 134.8
1900070 134.8
1900080 134.7
1900090 134.9
1900100 134.7
1900110 134.6
1900120 134.6
1900130 134.6
1900140 134.6
1900150 134.6
1900160 134.6
1900170 134.6
1900180 134.6
1900190 134.6
1900200 134.5
1900210 134.5
1900220 134.5
1900230 134.5
1900240 134.5
1900250 134.6
1900260 134.6
1900270 134.7
1900280 134.7
1900290 134.7
1900300 134.8
1900310 134.8
1900320 134.8
1900330 134.8
1900340 134.8
1900350 134.9
1900360 135.0
1900370 135.0
1900380 135.0
1900390 135.1
1900400 135.1
1900410 135.1
1900420 135.0
1900430 135.0
1900440 135.0
1900450 135.0
1900460 135.0
1900470 135.0
1900480 135.0
1900490 135.0
1900500 135.1
1900510 135.1
1900520 135.1
1900530 135.1
1900540 135.1
1900550 135.1
1900560 135.1
1900570 135.1
1900580 135.1
1900590 135.1
1900600 135.0
1900610 135.0
1900620 135.0
1900630 134.9
1900640 134.9
1900650 134.9
1900660 134.8
1900670 134.8
1900680 134.8
1900690 134.8
1900700 134.8
1900710 134.9
1900720 135.0
1900730 135.0
1900740 135.2
1900750 135.2
1900760 135.2
1900770 135.2
1900780 135.2
1900790 135.2
1900800 135.0
1900810 135.0
1900820 135.0
1900830 135.1
1900840 135.2
1900850 135.2
1900860 135.2
1900870 135.3
1900880 135.3
1900890 135.3
1900900 135.3
1900910 135.3
1900920 135.3
1900930 135.3
1900940 135.3
1900950 135.3
1900960 135.3
1900970 135.3
1900980 135.3
1900990 135.2
1901000 135.2
1901010 135.2
1901020 135.1
1901030 135.1
1901040 135.1
1901050 135.1
1901060 135.1
1901070 135.1
1901080 135.1
1901090 135.1
1901100 135.1
1901110 135.1
1901120 135.1
1901130 135.1
1901140 135.0
1901150 135.0
1901160 135.0
1901170 135.0
1901180 135.0
1901190 135.0
1901200 135.0
1901210 135.0
1901220 135.0
1901230 135.0
1901240 135.0
1901250 134.9
1901260 134.9
1901270 134.9
1901280 134.9
1901290 134.9
1901300 134.9
1901310 134.8
1901320 134.8
1901330 134.8
1901340 134.8
1901350 134.8
1901360 134.8
1901370 134.8
1901380 134.7
1901390 134.7
1901400 134.7
1901410 134.7
1901420 134.7
1901430 134.7
1901440 134.8
1901450 134.8
1901460 134.7
1901470 134.6
1901480 134.6
1901490 134.5
1901500 134.4
1901510 134.4
1901520 134.5
1901530 134.5
1901540 134.5
1901550 134.5
1901560 134.4
1901570 134.4
1901580 134.4
1901590 134.4
1901600 134.4
1901610 134.5
1901620 134.6
1901630 134.6
1901640 134.6
1901650 134.6
1901660 134.6
1901670 134.5
1901680 134.5
1901690 134.5
1901700 134.5
1901710 134.5
1901720 134.5
1901730 134.6
1901740 134.6
1901750 134.6
1901760 134.6
1901770 134.6
1901780 134.5
1901790 134.5
1901800 134.5
1901810 134.5
1901820 134.5
1901830 134.5
1901840 134.6
1901850 134.6
1901860 134.7
1901870 134.8
1901880 134.8
1901890 134.8
1901900 134.7
1901910 134.7
1901920 134.7
1901930 134.7
1901940 134.7
1901950 134.8
1901960 134.8
1901970 134.8
1901980 134.8
1901990 134.8
1902000 134.8
1902010 134.8
1902020 134.8
1902030 134.8
1902040 134.8
1902050 134.9
1902060 134.9
1902070 135.1
1902080 135.1
1902090 135.1
1902100 135.2
1902110 135.3
1902120 135.3
1902130 135.4
1902140 135.5
1902150 135.5
1902160 135.5
1902170 135.4
1902180 135.4
1902190 135.3
1902200 135.3
1902210 135.3
1902220 135.3
1902230 135.2
1902240 135.2
1902250 135.2
1902260 135.3
1902270 135.3
1902280 135.3
1902290 135.4
1902300 135.4
1902310 135.5
1902320 135.6
1902330 135.6
1902340 135.6
1902350 135.6
1902360 135.6
1902370 135.6
1902380 135.6
1902390 135.6
1902400 135.6
1902410 135.6
1902420 135.6
1902430 135.6
1902440 135.7
1902450 135.7
1902460 135.7
1902470 135.7
1902480 135.7
1902490 135.8
1902500 135.9
1902510 135.9
1902520 135.8
1902530 135.8
1902540 135.8
1902550 135.9
1902560 136.0
1902570 136.1
1902580 136.2
1902590 136.3
1902600 136.3
1902610 136.3
1902620 136.4
1902630 136.4
1902640 136.4
1902650 136.5
1902660 136.5
1902670 136.5
1902680 136.6
1902690 136.6
1902700 136.6
1902710 136.6
1902720 136.6
1902730 136.6
1902740 136.6
1902750 136.6
1902760 136.6
1902770 136.6
1902780 136.6
1902790 136.5
1902800 136.5
1902810 136.5
1902820 136.5
1902830 136.6
1902840 136.6
1902850 136.7
1902860 136.8
1902870 136.8
1902880 136.9
1902890 136.9
1902900 136.9
1902910 137.0
1902920 137.0
1902930 137.0
1902940 137.0
1902950 136.9
1902960 136.9
1902970 136.9
1902980 136.8
1902990 136.8
1903000 136.7
