1900000 134.9
1900010 134.9
1900020 134.9
1900030 134.9
1900040 134.8
1900050 134.8
1900060 134.9
1900070 135.0
1900080 135.0
1900090 135.0
1900100 135.0
1900110 135.0
1900120 135.1
1900130 135.2
1900140 135.2
1900150 135.4
1900160 135.5
1900170 135.5
1900180 135.5
1900190 135.6
1900200 135.5
1900210 135.5
1900220 135.6
1900230 135.6
1900240 135.6
1900250 135.4
1900260 135.4
1900270 135.3
1900280 135.3
1900290 135.3
1900300 135.2
1900310 135.2
1900320 135.2
1900330 135.2
1900340 135.2
1900350 135.2
1900360 135.2
1900370 135.2
1900380 135.2
1900390 135.2
1900400 135.2
1900410 135.2
1900420 135.3
1900430 135.3
1900440 135.3
1900450 135.3
1900460 135.2
1900470 135.2
1900480 135.1
1900490 135.0
1900500 135.0
1900510 135.0
1900520 135.0
1900530 135.0
1900540 135.0
1900550 134.9
1900560 134.9
1900570 134.8
1900580 134.8
1900590 134.8
1900600 134.9
1900610 135.0
1900620 135.0
1900630 135.0
1900640 135.0
1900650 135.0
1900660 135.0
1900670 135.1
1900680 135.1
1900690 135.1
1900700 135.1
1900710 135.1
1900720 135.2
1900730 135.2
1900740 135.2
1900750 135.3
1900760 135.4
1900770 135.4
1900780 135.5
1900790 135.5
1900800 135.5
1900810 135.5
1900820 135.5
1900830 135.5
1900840 135.5
1900850 135.5
1900860 135.5
1900870 135.4
1900880 135.4
1900890 135.4
1900900 135.5
1900910 135.3
1900920 135.3
1900930 135.3
1900940 135.3
1900950 135.3
1900960 135.3
1900970 135.3
1900980 135.3
1900990 135.3
1901000 135.2
1901010 135.2
1901020 135.2
1901030 135.1
1901040 135.1
1901050 135.1
1901060 135.1
1901070 135.1
1901080 135.1
1901090 135.1
1901100 135.1
1901110 135.1
1901120 135.1
1901130 135.1
1901140 135.1
1901150 135.1
1901160 135.1
1901170 135.1
1901180 135.1
1901190 135.1
1901200 135.1
1901210 135.1
1901220 135.1
1901230 135.1
1901240 135.1
1901250 135.2
1901260 135.2
1901270 135.2
1901280 135.1
1901290 135.1
1901300 135.0
1901310 135.0
1901320 135.0
1901330 134.9
1901340 134.8
1901350 134.8
1901360 134.7
1901370 134.6
1901380 134.6
1901390 134.6
1901400 134.5
1901410 134.5
1901420 134.6
1901430 134.7
1901440 134.7
1901450 134.7
1901460 134.8
1901470 134.8
1901480 134.8
1901490 134.7
1901500 134.7
1901510 134.7
1901520 134.6
1901530 134.6
1901540 134.5
1901550 134.6
1901560 134.6
1901570 134.6
1901580 134.7
1901590 134.7
1901600 134.8
1901610 134.4
1901620 134.4
1901630 134.4
1901640 134.3
1901650 134.3
1901660 134.3
1901670 134.3
1901680 134.3
1901690 134.3
1901700 134.3
1901710 134.3
1901720 134.2
1901730 134.2
1901740 134.2
1901750 134.3
1901760 134.4
1901770 134.4
1901780 134.5
1901790 134.6
1901800 134.6
1901810 134.6
1901820 134.6
1901830 134.6
1901840 134.6
1901850 134.8
1901860 134.8
1901870 134.9
1901880 135.1
1901890 135.1
1901900 135.1
1901910 135.0
1901920 135.0
1901930 134.9
1901940 134.9
1901950 134.9
1901960 134.9
1901970 135.0
1901980 135.0
1901990 135.0
1902000 135.0
1902010 135.0
1902020 135.1
1902030 135.1
1902040 135.1
1902050 135.2
1902060 135.4
1902070 135.4
1902080 135.5
1902090 135.6
1902100 135.6
1902110 135.6
1902120 135.8
1902130 135.8
1902140 135.9
1902150 136.0
1902160 136.0
1902170 136.1
1902180 136.2
1902190 136.2
1902200 136.4
1902210 136.5
1902220 136.5
1902230 136.6
1902240 136.6
1902250 136.6
1902260 136.6
1902270 136.7
1902280 136.7
1902290 136.8
1902300 136.9
1902310 136.9
1902320 136.9
1902330 137.0
1902340 137.0
1902350 137.0
1902360 137.1
1902370 137.3
1902380 137.3
1902390 137.3
1902400 137.3
1902410 137.4
1902420 137.4
1902430 137.4
1902440 137.4
1902450 137.3
1902460 137.3
1902470 137.3
1902480 137.3
1902490 137.3
1902500 137.4
1902510 137.3
1902520 137.3
1902530 137.2
1902540 137.1
1902550 137.1
1902560 137.1
1902570 137.1
1902580 137.1
1902590 137.1
1902600 137.0
1902610 137.0
1902620 137.0
1902630 137.0
1902640 137.0
1902650 137.0
1902660 137.0
1902670 137.0
1902680 137.0
1902690 137.0
1902700 137.1
1902710 137.1
1902720 137.1
1902730 137.0
1902740 137.0
1902750 137.0
1902760 136.9
1902770 136.9
1902780 136.8
1902790 136.8
1902800 136.8
1902810 136.7
1902820 136.7
1902830 136.7
1902840 136.7
1902850 136.7
1902860 136.7
1902870 136.9
1902880 137.0
1902890 137.0
1902900 137.2
1902910 137.1
1902920 137.1
1902930 137.0
1902940 136.9
1902950 136.9
1902960 136.8
1902970 136.9
1902980 136.9
1902990 136.9
