1900000 134.9
1900010 134.7
1900020 134.7
1900030 134.7
1900040 134.6
1900050 134.6
1900060 134.6
1900070 134.5
1900080 134.5
1900090 134.6
1900100 134.6
1900110 134.6
1900120 134.5
1900130 134.5
1900140 134.5
1900150 134.5
1900160 134.4
1900170 134.4
1900180 134.5
1900190 133.0
1900200 134.0
1900210 131.6
1900220 131.4
1900230 131.4
1900240 131.4
1900250 131.6
1900260 131.6
1900270 133.7
1900280 134.6
1900290 134.6
1900300 134.2
1900310 134.0
1900320 134.0
1900330 133.9
1900340 133.9
1900350 133.9
1900360 133.9
1900370 133.9
1900380 133.9
1900390 134.0
1900400 134.0
1900410 134.0
1900420 134.0
1900430 134.0
1900440 134.0
1900450 134.0
1900460 134.0
1900470 134.0
1900480 133.9
1900490 133.9
1900500 133.9
1900510 133.8
1900520 133.8
1900530 133.8
1900540 133.8
1900550 133.8
1900560 133.8
1900570 133.8
1900580 133.8
1900590 133.8
1900600 133.8
1900610 133.8
1900620 133.9
1900630 133.9
1900640 134.0
1900650 134.1
1900660 134.1
1900670 134.2
1900680 134.2
1900690 134.2
1900700 134.3
1900710 134.5
1900720 134.5
1900730 134.7
1900740 135.2
1900750 135.2
1900760 135.6
1900770 135.7
1900780 135.7
1900790 135.7
1900800 135.6
1900810 135.6
1900820 135.4
1900830 135.1
1900840 135.1
1900850 134.9
1900860 134.8
1900870 134.8
1900880 134.7
1900890 134.8
1900900 134.8
1900910 134.9
1900920 134.6
1900930 134.6
1900940 134.6
1900950 134.5
1900960 134.5
1900970 134.4
1900980 134.3
1900990 134.3
1901000 134.3
1901010 134.3
1901020 134.3
1901030 134.2
1901040 134.3
1901050 134.3
1901060 134.2
1901070 134.2
1901080 134.2
1901090 134.1
1901100 134.1
1901110 134.1
1901120 134.2
1901130 134.2
1901140 134.2
1901150 134.2
1901160 134.2
1901170 134.2
1901180 134.3
1901190 134.4
1901200 134.4
1901210 134.4
1901220 134.5
1901230 134.5
1901240 134.5
1901250 134.4
1901260 134.4
1901270 134.4
1901280 134.4
1901290 134.4
1901300 134.4
1901310 134.4
1901320 134.4
1901330 134.4
1901340 134.4
1901350 134.4
1901360 134.4
1901370 134.4
1901380 134.4
1901390 134.4
1901400 134.4
1901410 134.4
1901420 134.4
1901430 134.5
1901440 134.5
1901450 134.4
1901460 134.4
1901470 134.4
1901480 134.4
1901490 134.5
1901500 134.5
1901510 134.7
1901520 134.9
1901530 134.9
1901540 134.9
1901550 134.8
1901560 134.8
1901570 134.8
1901580 134.8
1901590 134.8
1901600 134.9
1901610 134.9
1901620 134.9
1901630 134.9
1901640 134.9
1901650 134.9
1901660 134.9
1901670 134.9
1901680 134.9
1901690 134.8
1901700 134.8
1901710 134.8
1901720 134.7
1901730 134.8
1901740 134.8
1901750 134.8
1901760 135.0
1901770 135.0
1901780 135.1
1901790 135.1
1901800 135.1
1901810 135.0
1901820 134.9
1901830 134.9
1901840 134.9
1901850 134.9
1901860 134.9
1901870 134.9
1901880 134.9
1901890 134.9
1901900 134.8
1901910 134.9
1901920 134.9
1901930 135.0
1901940 134.9
1901950 134.9
1901960 134.9
1901970 134.8
1901980 134.8
1901990 134.8
1902000 134.8
1902010 134.8
1902020 134.8
1902030 134.9
1902040 134.9
1902050 134.9
1902060 134.9
1902070 134.9
1902080 134.9
1902090 134.9
1902100 135.0
1902110 135.0
1902120 135.0
1902130 135.0
1902140 135.0
1902150 135.1
1902160 135.1
1902170 135.1
1902180 135.1
1902190 135.0
1902200 135.0
1902210 134.9
1902220 134.8
1902230 134.8
1902240 134.8
1902250 134.7
1902260 134.7
1902270 134.7
1902280 134.7
1902290 134.7
1902300 134.7
1902310 134.6
1902320 134.6
1902330 134.5
1902340 134.5
1902350 134.5
1902360 134.5
1902370 134.6
1902380 134.6
1902390 134.7
1902400 134.7
1902410 134.7
1902420 134.8
1902430 134.8
1902440 134.8
1902450 134.8
1902460 134.9
1902470 134.9
1902480 134.9
1902490 135.1
1902500 135.1
1902510 135.3
1902520 135.5
1902530 135.5
1902540 135.5
1902550 135.3
1902560 135.3
1902570 135.1
1902580 134.9
1902590 134.9
1902600 134.8
1902610 134.7
1902620 134.7
1902630 134.7
1902640 134.6
1902650 134.6
1902660 134.5
1902670 134.6
1902680 134.6
1902690 134.6
1902700 134.7
1902710 134.7
1902720 134.6
1902730 134.6
1902740 134.6
1902750 134.6
1902760 134.5
1902770 134.5
1902780 134.5
1902790 134.5
1902800 134.5
1902810 134.6
1902820 134.5
1902830 134.5
1902840 134.4
1902850 134.4
1902860 134.4
1902870 134.4
1902880 134.4
1902890 134.4
1902900 134.3
1902910 134.3
1902920 134.3
1902930 134.4
1902940 134.4
1902950 134.4
1902960 134.5
1902970 134.7
1902980 134.7
1902990 134.8
1903600 134.4
1903610 134.4
1903620 134.4
1903630 134.3
1903640 134.2
1903650 134.2
1903660 134.2
1903670 134.2
1903680 134.2
1903690 134.2
1903700 134.2
1903710 134.2
1903720 134.2
1903730 134.2
1903740 134.2
1903750 134.1
1903760 134.1
1903770 134.1
1903780 134.0
1903790 133.9
1903800 133.9
1903810 133.9
1903820 133.9
1903830 133.9
1903840 133.9
1903850 133.9
1903860 133.9
1903870 133.9
1903880 133.9
1903890 133.9
1903900 133.8
1903910 133.8
1903920 133.8
1903930 133.8
1903940 133.8
1903950 133.8
1903960 133.8
1903970 133.9
1903980 133.9
1903990 133.9
1904000 134.0
1904010 134.0
1904020 134.1
1904030 134.2
1904040 134.2
1904050 134.3
1904060 134.3
1904070 134.3
1904080 134.3
1904090 134.2
1904100 134.2
1904110 134.2
1904120 134.1
1904130 134.1
1904140 134.1
1904150 134.0
1904160 134.0
1904170 134.0
1904180 134.0
1904190 134.0
1904200 134.0
1904210 134.0
1904220 133.9
1904230 133.9
1904240 134.0
1904250 134.0
1904260 134.1
1904270 134.1
1904280 134.1
1904290 134.2
1904300 134.3
1904310 134.3
1904320 134.4
1904330 134.3
1904340 134.3
1904350 134.3
1904360 134.3
1904370 134.3
1904380 134.2
1904390 134.1
1904400 134.1
1904410 134.1
1904420 134.0
1904430 134.0
1904440 133.9
1904450 134.1
1904460 134.1
1904470 134.3
1904480 134.5
1904490 134.5
1904500 134.6
1904510 134.7
1904520 134.7
1904530 134.4
1904540 134.4
1904550 134.4
1904560 134.4
1904570 134.6
1904580 134.6
1904590 134.8
1904600 135.1
1904610 135.1
1904620 135.3
1904630 135.5
1904640 135.5
1904650 135.8
1904660 135.9
1904670 135.9
1904680 136.0
1904690 136.0
1904700 136.0
1904710 135.7
1904720 135.5
1904730 135.5
1904740 135.1
1904750 134.8
1904760 134.8
1904770 134.5
1904780 134.2
1904790 134.2
1904800 134.1
1904810 133.9
1904820 133.9
1904830 133.8
1904840 133.6
1904850 133.6
1904860 133.5
1904870 133.5
1904880 133.5
1904890 133.6
1904900 133.7
1904910 133.7
1904920 133.7
1904930 133.7
1904940 133.7
1904950 133.8
1904960 133.8
1904970 133.8
1904980 133.8
1904990 133.9
1905000 133.8
1905010 133.8
1905020 133.7
1905030 133.5
1905040 133.5
1905050 133.4
1905060 133.3
1905070 133.3
1905080 133.4
1905090 133.4
1905100 133.4
1905110 133.4
1905120 133.5
1905130 133.5
1905140 133.6
1905150 133.8
1905160 133.8
1905170 134.0
1905180 134.2
1905190 134.2
1905200 134.4
1905210 134.5
1905220 134.5
1905230 134.5
1905240 134.6
1905250 134.6
1905260 134.8
1905270 134.9
1905280 134.9
1905290 135.0
1905300 135.1
1905310 135.1
1905320 135.1
1905330 135.0
1905340 135.0
1905350 134.8
1905360 134.4
1905370 134.4
1905380 134.0
1905390 133.7
1905400 133.7
1905410 133.4
1905420 133.3
1905430 133.3
1905440 133.1
1905450 133.1
1905460 133.1
1905470 133.1
1905480 133.1
1905490 133.1
1905500 133.1
1905510 133.1
1905520 133.1
1905530 133.0
1905540 132.9
1905550 132.9
1905560 133.0
1905570 133.2
1905580 133.2
1905590 133.3
1905600 133.4
1905610 133.4
1905620 133.4
1905630 133.3
1905640 133.3
1905650 133.1
1905660 133.0
1905670 133.0
1905680 133.0
1905690 132.9
1905700 132.9
1905710 133.0
1905720 133.0
1905730 133.0
1905740 132.9
1905750 132.9
1905760 133.0
1905770 133.0
1905780 133.0
1905790 133.0
1905800 133.0
1905810 133.1
1905820 133.1
1905830 133.1
1905840 133.1
1905850 133.1
1905860 133.1
1905870 133.1
1905880 133.1
1905890 133.1
1905900 133.2
1905910 133.2
1905920 133.3
1905930 133.3
1905940 133.3
