1900000 135.2
1900010 135.2
1900020 135.2
1900030 135.3
1900040 135.3
1900050 135.3
1900060 135.3
1900070 135.3
1900080 135.3
1900090 135.4
1900100 135.4
1900110 135.5
1900120 135.5
1900130 135.5
1900140 135.6
1900150 135.6
1900160 135.6
1900170 135.5
1900180 135.4
1900190 135.4
1900200 135.4
1900210 135.3
1900220 135.3
1900230 135.3
1900240 135.2
1900250 135.2
1900260 135.2
1900270 135.3
1900280 135.3
1900290 135.5
1900300 135.6
1900310 135.6
1900320 135.5
1900330 135.4
1900340 135.4
1900350 135.3
1900360 135.3
1900370 135.3
1900380 135.3
1900390 135.3
1900400 135.3
1900410 135.4
1900420 135.3
1900430 135.3
1900440 135.2
1900450 135.1
1900460 135.1
1900470 135.1
1900480 135.0
1900490 135.0
1900500 135.0
1900510 135.0
1900520 135.0
1900530 134.9
1900540 135.0
1900550 135.0
1900560 135.0
1900570 135.0
1900580 135.0
1900590 135.0
1900600 135.1
1900610 135.1
1900620 135.1
1900630 135.2
1900640 135.2
1900650 135.3
1900660 135.4
1900670 135.4
1900680 135.4
1900690 135.3
1900700 135.3
1900710 135.3
1900720 135.3
1900730 135.3
1900740 135.4
1900750 135.4
1900760 135.4
1900770 135.4
1900780 135.4
1900790 135.4
1900800 135.4
1900810 135.4
1900820 135.5
1900830 135.5
1900840 135.5
1900850 135.5
1900860 135.5
1900870 135.5
1900880 135.5
1900890 135.5
1900900 135.4
1900910 135.4
1900920 135.4
1900930 135.4
1900940 135.5
1900950 135.5
1900960 135.5
1900970 135.6
1900980 135.6
1900990 135.5
1901000 135.3
1901010 135.3
1901020 135.3
1901030 135.2
1901040 135.2
1901050 135.2
1901060 135.2
1901070 135.2
1901080 135.2
1901090 135.2
1901100 135.2
1901110 135.2
1901120 135.2
1901130 135.2
1901140 135.2
1901150 135.2
1901160 135.2
1901170 135.1
1901180 135.1
1901190 135.1
1901200 135.1
1901210 135.1
1901220 135.1
1901230 135.1
1901240 135.1
1901250 135.1
1901260 135.1
1901270 135.1
1901280 135.1
1901290 135.0
1901300 135.0
1901310 135.0
1901320 134.9
1901330 134.9
1901340 134.9
1901350 134.8
1901360 134.7
1901370 134.7
1901380 134.7
1901390 134.6
1901400 134.6
1901410 134.6
1901420 134.6
1901430 134.6
1901440 134.7
1901450 134.7
1901460 134.7
1901470 134.7
1901480 134.8
1901490 134.8
1901500 134.9
1901510 135.0
1901520 135.0
1901530 134.8
1901540 134.7
1901550 134.7
1901560 134.7
1901570 134.6
1901580 134.6
1901590 134.5
1901600 134.5
1901610 134.5
1901620 134.5
1901630 134.6
1901640 134.6
1901650 134.7
1901660 134.9
1901670 134.9
1901680 135.1
1901690 134.8
1901700 134.8
1901710 134.7
1901720 134.6
1901730 134.6
1901740 134.6
1901750 134.7
1901760 134.7
1901770 134.8
1901780 134.9
1901790 134.9
1901800 135.0
1901810 135.0
1901820 135.0
1901830 135.2
1901840 135.2
1901850 135.2
1901860 135.3
1901870 135.4
1901880 135.4
1901890 135.5
1901900 135.5
1901910 135.5
1901920 135.5
1901930 135.7
1901940 135.7
1901950 135.8
1901960 135.9
1901970 135.9
1901980 135.9
1901990 135.9
1902000 135.9
1902010 136.0
1902020 136.1
1902030 136.1
1902040 136.2
1902050 136.3
1902060 136.6
1902070 136.8
1902080 136.9
1902090 136.9
1902100 137.0
1902110 137.0
1902120 137.0
1902130 137.1
1902140 137.2
1902150 137.2
1902160 137.3
1902170 137.4
1902180 137.4
1902190 137.5
1902200 137.6
1902210 137.6
1902220 137.7
1902230 137.7
1902240 137.7
1902250 137.7
1902260 137.7
1902270 137.7
1902280 137.7
1902290 137.6
1902300 137.6
1902310 137.6
1902320 137.6
1902330 137.6
1902340 137.6
1902350 137.7
1902360 137.7
1902370 137.8
1902380 137.8
1902390 137.8
1902400 137.8
1902410 137.7
1902420 137.7
1902430 137.7
1902440 137.6
1902450 137.6
1902460 137.6
1902470 137.5
1902480 137.5
1902490 137.5
1902500 137.5
1902510 137.5
1902520 137.5
1902530 137.5
1902540 137.5
1902550 137.5
1902560 137.5
1902570 137.5
1902580 137.5
1902590 137.4
1902600 137.4
1902610 137.4
1902620 137.3
1902630 137.2
1902640 137.2
1902650 137.1
1902660 137.0
1902670 137.0
1902680 137.0
1902690 137.0
1902700 137.0
1902710 136.9
1902720 136.8
1902730 136.8
1902740 136.8
1902750 136.8
1902760 136.8
1902770 136.9
1902780 136.9
1902790 136.9
1902800 137.1
1902810 137.1
1902820 137.1
1902830 136.9
1902840 136.8
1902850 136.8
1902860 136.8
1902870 136.8
1902880 136.8
1902890 137.0
1902900 137.0
1902910 137.0
1902920 137.0
1902930 137.0
1902940 137.0
1902950 137.0
1902960 137.0
1902970 137.0
1902980 137.1
1902990 137.0
1903000 137.0
