1900000 135.6
1900010 135.6
1900020 135.6
1900030 135.6
1900040 135.6
1900050 135.6
1900060 135.6
1900070 135.6
1900080 135.6
1900090 135.6
1900100 135.6
1900110 135.6
1900120 135.6
1900130 135.5
1900140 135.5
1900150 135.5
1900160 135.5
1900170 135.6
1900180 135.6
1900190 135.7
1900200 135.6
1900210 135.6
1900220 135.6
1900230 135.6
1900240 135.6
1900250 135.7
1900260 135.7
1900270 135.7
1900280 135.6
1900290 135.6
1900300 135.6
1900310 135.6
1900320 135.6
1900330 135.6
1900340 135.7
1900350 135.7
1900360 135.7
1900370 135.7
1900380 135.8
1900390 135.8
1900400 135.8
1900410 135.6
1900420 135.6
1900430 135.4
1900440 135.3
1900450 135.3
1900460 135.3
1900470 135.3
1900480 135.3
1900490 135.3
1900500 135.2
1900510 135.3
1900520 135.3
1900530 135.2
1900540 135.2
1900550 135.1
1900560 135.1
1900570 135.1
1900580 135.2
1900590 135.3
1900600 135.3
1900610 135.4
1900620 135.4
1900630 135.4
1900640 135.4
1900650 135.4
1900660 135.5
1900670 135.5
1900680 135.5
1900690 135.6
1900700 135.6
1900710 135.6
1900720 135.6
1900730 135.6
1900740 135.6
1900750 135.6
1900760 135.6
1900770 135.6
1900780 135.5
1900790 135.5
1900800 135.6
1900810 135.6
1900820 135.7
1900830 135.7
1900840 135.8
1900850 135.8
1900860 135.8
1900870 135.7
1900880 135.7
1900890 135.6
1900900 135.6
1900910 135.6
1900920 135.5
1900930 135.5
1900940 135.5
1900950 135.4
1900960 135.4
1900970 135.4
1900980 135.4
1900990 135.4
1901000 135.4
1901010 135.4
1901020 135.4
1901030 135.4
1901040 135.4
1901050 135.5
1901060 135.5
1901070 135.5
1901080 135.2
1901090 135.2
1901100 135.2
1901110 135.2
1901120 135.2
1901130 135.2
1901140 135.1
1901150 135.1
1901160 135.1
1901170 135.1
1901180 135.1
1901190 135.1
1901200 135.2
1901210 135.2
1901220 135.2
1901230 135.1
1901240 135.1
1901250 135.1
1901260 135.0
1901270 135.0
1901280 135.0
1901290 135.0
1901300 135.0
1901310 134.9
1901320 134.9
1901330 134.9
1901340 134.9
1901350 134.9
1901360 134.9
1901370 134.9
1901380 135.0
1901390 135.0
1901400 134.8
1901410 134.7
1901420 134.7
1901430 134.7
1901440 134.6
1901450 134.6
1901460 134.6
1901470 134.7
1901480 134.7
1901490 134.7
1901500 134.8
1901510 134.8
1901520 134.8
1901530 134.9
1901540 134.9
1901550 134.9
1901560 134.9
1901570 134.9
1901580 134.9
1901590 134.9
1901600 134.9
1901610 135.0
1901620 135.0
1901630 135.0
1901640 135.0
1901650 135.1
1901660 135.1
1901670 135.0
1901680 135.0
1901690 135.0
1901700 135.0
1901710 135.2
1901720 135.2
1901730 135.3
1901740 135.4
1901750 135.6
1901760 135.9
1901770 136.2
1901780 136.2
1901790 136.1
1901800 136.2
1901810 136.2
1901820 136.2
1901830 136.3
1901840 136.3
1901850 136.4
1901860 136.6
1901870 136.6
1901880 136.7
1901890 136.8
1901900 136.8
1901910 136.8
1901920 136.9
1901930 136.9
1901940 137.1
1901950 137.2
1901960 137.2
1901970 137.2
1901980 137.3
1901990 137.3
1902000 137.3
1902010 137.4
1902020 137.4
1902030 137.5
1902040 137.7
1902050 137.7
1902060 137.9
1902070 137.9
1902080 137.9
1902090 137.9
1902100 137.9
1902110 137.9
1902120 138.0
1902130 138.1
1902140 138.1
1902150 138.2
1902160 138.2
1902170 138.2
1902180 138.2
1902190 138.2
1902200 138.1
1902210 138.1
1902220 138.1
1902230 138.1
1902240 138.1
1902250 138.0
1902260 138.0
1902270 138.0
1902280 138.0
1902290 137.9
1902300 137.9
1902310 137.9
1902320 137.9
1902330 137.9
1902340 137.9
1902350 137.9
1902360 137.9
1902370 137.9
1902380 137.9
1902390 137.9
1902400 137.8
1902410 137.8
1902420 137.8
1902430 137.7
1902440 137.7
1902450 137.7
1902460 137.7
1902470 137.7
1902480 137.7
1902490 137.7
1902500 137.6
1902510 137.6
1902520 137.5
1902530 137.5
1902540 137.5
1902550 137.4
1902560 137.4
1902570 137.4
1902580 137.3
1902590 137.2
1902600 137.2
1902610 137.2
1902620 137.1
1902630 137.1
1902640 137.0
1902650 136.8
1902660 136.8
1902670 136.8
1902680 136.8
1902690 136.8
1902700 136.9
1902710 136.9
1902720 136.9
1902730 136.9
1902740 136.8
1902750 136.8
1902760 136.9
1902770 136.9
1902780 136.9
1902790 137.1
1902800 137.2
1902810 137.2
1902820 137.2
1902830 137.1
1902840 137.1
1902850 137.1
1902860 137.0
1902870 137.0
1902880 137.1
1902890 137.1
1902900 137.1
1902910 137.1
1902920 137.1
1902930 137.1
1902940 137.0
1902950 137.0
1902960 137.0
1902970 137.1
1902980 137.1
1902990 137.1
1903000 137.2
