1900000 134.6
1900010 134.6
1900020 134.6
1900030 134.5
1900040 134.5
1900050 134.4
1900060 134.4
1900070 134.4
1900080 134.5
1900090 134.5
1900100 134.5
1900110 134.5
1900120 134.5
1900130 134.5
1900140 134.4
1900150 134.4
1900160 134.4
1900170 134.4
1900180 134.4
1900190 134.4
1900200 134.3
1900210 134.3
1900220 134.3
1900230 134.3
1900240 134.3
1900250 134.3
1900260 134.3
1900270 134.2
1900280 134.2
1900290 134.2
1900300 134.3
1900310 134.3
1900320 134.4
1900330 134.5
1900340 134.5
1900350 134.7
1900360 134.5
1900370 134.5
1900380 134.4
1900390 134.3
1900400 134.3
1900410 134.1
1900420 134.0
1900430 134.0
1900440 133.9
1900450 133.8
1900460 133.8
1900470 133.8
1900480 133.8
1900490 133.8
1900500 133.8
1900510 133.8
1900520 133.8
1900530 133.8
1900540 133.8
1900550 133.8
1900560 133.8
1900570 133.9
1900580 133.9
1900590 133.9
1900600 133.9
1900610 134.0
1900620 134.0
1900630 134.1
1900640 134.2
1900650 134.2
1900660 134.2
1900670 134.2
1900680 134.2
1900690 134.2
1900700 134.2
1900710 134.2
1900720 134.2
1900730 134.2
1900740 134.2
1900750 134.2
1900760 134.3
1900770 134.3
1900780 134.4
1900790 134.6
1900800 134.6
1900810 134.7
1900820 134.8
1900830 134.8
1900840 134.7
1900850 134.7
1900860 134.7
1900870 134.7
1900880 134.8
1900890 134.8
1900900 134.7
1900910 134.7
1900920 134.7
1900930 134.6
1900940 134.4
1900950 134.4
1900960 134.4
1900970 134.4
1900980 134.4
1900990 134.5
1901000 134.7
1901010 134.7
1901020 134.9
1901030 135.0
1901040 135.0
1901050 134.8
1901060 134.8
1901070 134.8
1901080 134.8
1901090 134.7
1901100 134.7
1901110 134.6
1901120 134.5
1901130 134.5
1901140 134.5
1901150 134.4
1901160 134.4
1901170 134.5
1901180 134.5
1901190 134.5
1901200 134.5
1901210 134.4
1901220 134.4
1901230 134.4
1901240 134.3
1901250 134.3
1901260 134.3
1901270 134.2
1901280 134.2
1901290 134.2
1901300 134.3
1901310 134.3
1901320 134.5
1901330 134.5
1901340 134.5
1901350 134.5
1901360 134.5
1901370 134.5
1901380 134.4
1901390 134.4
1901400 134.4
1901410 134.4
1901420 134.5
1901430 134.5
1901440 134.4
1901450 134.4
1901460 134.4
1901470 134.4
1901480 134.4
1901490 134.4
1901500 134.5
1901510 134.5
1901520 134.5
1901530 134.5
1901540 134.5
1901550 134.5
1901560 134.5
1901570 134.5
1901580 134.5
1901590 134.5
1901600 134.6
1901610 134.6
1901620 134.7
1901630 134.7
1901640 134.7
1901650 134.8
1901660 134.8
1901670 134.8
1901680 134.9
1901690 134.9
1901700 134.9
1901710 134.9
1901720 135.0
1901730 135.0
1901740 135.0
1901750 135.0
1901760 135.0
1901770 135.0
1901780 135.0
1901790 135.0
1901800 135.0
1901810 135.0
1901820 135.0
1901830 135.0
1901840 135.1
1901850 135.1
1901860 135.2
1901870 135.1
1901880 135.1
1901890 135.0
1901900 134.9
1901910 134.9
1901920 134.9
1901930 134.9
1901940 134.9
1901950 134.8
1901960 134.6
1901970 134.6
1901980 134.6
1901990 134.6
1902000 134.6
1902010 134.7
1902020 134.7
1902030 134.7
1902040 134.8
1902050 134.9
1902060 134.9
1902070 135.0
1902080 134.9
1902090 134.9
1902100 134.9
1902110 134.9
1902120 134.9
1902130 134.9
1902140 134.8
1902150 134.8
1902160 134.8
1902170 134.7
1902180 134.6
1902190 134.6
1902200 134.5
1902210 134.5
1902220 134.5
1902230 134.5
1902240 134.5
1902250 134.5
1902260 134.5
1902270 134.5
1902280 134.5
1902290 134.6
1902300 134.6
1902310 134.6
1902320 134.6
1902330 134.7
1902340 134.7
1902350 134.7
1902360 134.8
1902370 134.8
1902380 134.8
1902390 134.8
1902400 134.8
1902410 134.8
1902420 134.7
1902430 134.7
1902440 134.6
1902450 134.6
1902460 134.6
1902470 134.6
1902480 134.6
1902490 134.6
1902500 134.5
1902510 134.5
1902520 134.5
1902530 134.5
1902540 134.5
1902550 134.5
1902560 134.5
1902570 134.5
1902580 134.6
1902590 134.6
1902600 134.7
1902610 134.7
1902620 134.7
1902630 134.8
1902640 134.8
1902650 134.8
1902660 134.7
1902670 134.7
1902680 134.7
1902690 134.8
1902700 134.8
1902710 135.0
1902720 134.9
1902730 134.9
1902740 134.8
1902750 134.6
1902760 134.6
1902770 134.6
1902780 134.6
1902790 134.6
1902800 134.6
1902810 134.6
1902820 134.6
1902830 134.6
1902840 134.6
1902850 134.6
1902860 134.5
1902870 134.4
1902880 134.5
1902890 134.5
1902900 134.5
1902910 134.5
1902920 134.5
1902930 134.5
1902940 134.5
1902950 134.6
1902960 134.6
1902970 134.6
1902980 134.8
1902990 134.9
1903000 134.9
1903010 134.8
1903020 134.7
1903030 134.7
1903040 134.7
1903050 134.7
1903060 134.7
1903070 134.7
1903740 134.0
1903750 134.0
1903760 134.0
1903770 134.0
1903780 134.0
1903790 134.0
1903800 133.9
1903810 133.8
1903820 133.8
1903830 133.8
1903840 133.7
1903850 133.7
1903860 133.7
1903870 133.8
1903880 133.8
1903890 133.8
1903900 133.8
1903910 133.8
1903920 133.8
1903930 133.8
1903940 133.8
1903950 133.9
1903960 133.9
1903970 133.9
1903980 133.9
1903990 133.9
1904000 133.9
1904010 134.0
1904020 134.0
1904030 134.0
1904040 134.1
1904050 134.2
1904060 134.2
1904070 134.3
1904080 134.3
1904090 134.3
1904100 134.2
1904110 134.2
1904120 134.2
1904130 134.1
1904140 134.1
1904150 134.1
1904160 134.1
1904170 134.1
1904180 134.1
1904190 134.0
1904200 134.0
1904210 134.0
1904220 134.0
1904230 134.1
1904240 134.1
1904250 134.1
1904260 134.1
1904270 134.1
1904280 134.1
1904290 134.1
1904300 134.1
1904310 134.2
1904320 134.2
1904330 134.2
1904340 134.4
1904350 134.7
1904360 134.7
1904370 135.2
1904380 135.4
1904390 135.4
1904400 135.5
1904410 135.6
1904420 135.6
1904430 135.3
1904440 135.4
1904450 135.4
1904460 135.4
1904470 135.4
1904480 135.4
1904490 135.6
1904500 135.7
1904510 135.7
1904520 135.7
1904530 135.8
1904540 135.8
1904550 135.9
1904560 135.9
1904570 135.9
1904580 135.9
1904590 135.9
1904600 135.9
1904610 135.9
1904620 135.8
1904630 135.8
1904640 135.7
1904650 135.5
1904660 135.5
1904670 135.3
1904680 135.1
1904690 135.1
1904700 135.0
1904710 134.9
1904720 134.9
1904730 134.7
1904740 134.7
1904750 134.7
1904760 134.5
1904770 134.3
1904780 134.3
1904790 134.1
1904800 133.8
1904810 133.8
1904820 133.7
1904830 133.6
1904840 133.6
1904850 133.6
1904860 133.5
1904870 133.5
1904880 133.4
1904890 133.4
1904900 133.4
1904910 133.4
1904920 133.4
1904930 133.4
1904940 133.5
1904950 133.6
1904960 133.6
1904970 133.6
1904980 133.6
1904990 133.6
1905000 133.5
1905010 133.4
1905020 133.4
1905030 133.3
1905040 133.2
1905050 133.2
1905060 133.2
1905070 133.1
1905080 133.1
1905090 133.2
1905100 133.2
1905110 133.2
1905120 133.2
1905130 133.2
1905140 133.3
1905150 133.3
1905160 133.3
1905170 133.4
1905180 133.4
1905190 133.6
1905200 133.8
1905210 133.8
1905220 134.1
1905230 134.3
1905240 134.3
1905250 134.4
1905260 134.4
1905270 134.4
1905280 134.3
1905290 134.2
1905300 134.2
1905310 134.0
1905320 133.9
1905330 133.9
1905340 133.8
1905350 133.7
1905360 133.7
1905370 133.7
1905380 133.7
1905390 133.7
1905400 133.6
1905410 133.4
1905420 133.4
1905430 133.3
1905440 133.3
1905450 133.3
1905460 133.3
1905470 133.4
1905480 133.4
1905490 133.4
1905500 133.3
1905510 133.3
1905520 133.2
1905530 133.2
1905540 133.2
1905550 133.3
1905560 133.3
1905570 133.3
1905580 133.4
1905590 133.4
1905600 133.4
1905610 133.5
1905620 133.4
1905630 133.4
1905640 133.3
1905650 133.4
1905660 133.5
1905670 133.5
1905680 133.5
1905690 133.5
1905700 133.4
1905710 133.5
1905720 133.5
1905730 133.5
