1900000 134.8
1900010 134.8
1900020 134.8
1900030 134.7
1900040 134.7
1900050 134.7
1900060 134.7
1900070 134.7
1900080 134.7
1900090 134.7
1900100 134.8
1900110 134.8
1900120 134.8
1900130 134.8
1900140 134.8
1900150 135.0
1900160 135.1
1900170 135.1
1900180 135.2
1900190 135.1
1900200 135.3
1900210 135.3
1900220 135.3
1900230 135.3
1900240 135.3
1900250 135.3
1900260 135.4
1900270 135.4
1900280 135.3
1900290 135.3
1900300 135.3
1900310 135.2
1900320 135.2
1900330 135.2
1900340 135.2
1900350 135.3
1900360 135.3
1900370 135.3
1900380 135.3
1900390 135.3
1900400 135.2
1900410 135.1
1900420 135.1
1900430 135.0
1900440 135.0
1900450 135.0
1900460 135.0
1900470 135.0
1900480 135.0
1900490 135.0
1900500 135.0
1900510 135.1
1900520 135.1
1900530 135.1
1900540 135.1
1900550 135.0
1900560 135.0
1900570 135.0
1900580 135.0
1900590 135.0
1900600 135.0
1900610 135.0
1900620 135.0
1900630 135.0
1900640 134.9
1900650 134.9
1900660 134.9
1900670 134.8
1900680 134.9
1900690 134.9
1900700 135.1
1900710 135.2
1900720 135.2
1900730 135.2
1900740 135.3
1900750 135.3
1900760 135.4
1900770 135.4
1900780 135.4
1900790 135.4
1900800 135.4
1900810 135.4
1900820 135.4
1900830 135.5
1900840 135.5
1900850 135.5
1900860 135.3
1900870 135.3
1900880 135.3
1900890 135.3
1900900 135.3
1900910 135.3
1900920 135.4
1900930 135.4
1900940 135.4
1900950 135.4
1900960 135.4
1900970 135.3
1900980 135.2
1900990 135.2
1901000 135.2
1901010 135.1
1901020 135.1
1901030 135.1
1901040 135.1
1901050 135.1
1901060 135.1
1901070 135.1
1901080 135.1
1901090 135.1
1901100 135.1
1901110 135.1
1901120 135.1
1901130 135.1
1901140 135.1
1901150 135.1
1901160 135.1
1901170 135.1
1901180 135.1
1901190 135.1
1901200 135.1
1901210 135.2
1901220 135.1
1901230 135.1
1901240 135.1
1901250 135.1
1901260 135.1
1901270 135.0
1901280 135.0
1901290 135.0
1901300 134.9
1901310 134.9
1901320 134.9
1901330 134.9
1901340 134.9
1901350 134.9
1901360 134.9
1901370 134.9
1901380 134.9
1901390 134.8
1901400 134.7
1901410 134.7
1901420 134.6
1901430 134.6
1901440 134.6
1901450 134.5
1901460 134.5
1901470 134.5
1901480 134.5
1901490 134.5
1901500 134.5
1901510 134.5
1901520 134.6
1901530 134.6
1901540 134.9
1901550 134.8
1901560 134.8
1901570 134.7
1901580 134.6
1901590 134.6
1901600 134.4
1901610 134.3
1901620 134.3
1901630 134.4
1901640 134.4
1901650 134.4
1901660 134.4
1901670 134.3
1901680 134.3
1901690 134.3
1901700 134.4
1901710 134.4
1901720 134.4
1901730 134.4
1901740 134.3
1901750 134.4
1901760 134.4
1901770 134.4
1901780 134.4
1901790 134.5
1901800 134.6
1901810 134.6
1901820 134.7
1901830 134.8
1901840 134.8
1901850 134.8
1901860 134.8
1901870 134.8
1901880 134.8
1901890 134.8
1901900 134.8
1901910 134.8
1901920 134.8
1901930 134.8
1901940 134.8
1901950 134.8
1901960 134.8
1901970 134.9
1901980 134.9
1901990 134.9
1902000 134.9
1902010 134.9
1902020 134.9
1902030 135.0
1902040 135.1
1902050 135.1
1902060 135.1
1902070 135.1
1902080 135.1
1902090 135.2
1902100 135.3
1902110 135.3
1902120 135.4
1902130 135.5
1902140 135.5
1902150 135.6
1902160 135.6
1902170 135.6
1902180 135.6
1902190 135.7
1902200 135.7
1902210 135.8
1902220 135.9
1902230 135.9
1902240 136.0
1902250 136.1
1902260 136.1
1902270 136.2
1902280 136.2
1902290 136.2
1902300 136.2
1902310 136.2
1902320 136.2
1902330 136.2
1902340 136.3
1902350 136.3
1902360 136.4
1902370 136.7
1902380 136.7
1902390 136.7
1902400 136.8
1902410 136.8
1902420 136.7
1902430 136.8
1902440 136.8
1902450 136.8
1902460 136.8
1902470 136.8
1902480 136.8
1902490 136.8
1902500 136.8
1902510 136.9
1902520 136.9
1902530 136.9
1902540 137.0
1902550 137.0
1902560 137.0
1902570 137.0
1902580 137.1
1902590 137.1
1902600 137.1
1902610 137.1
1902620 137.1
1902630 137.0
1902640 137.0
1902650 137.0
1902660 137.0
1902670 137.0
1902680 136.9
1902690 136.9
1902700 136.9
1902710 136.9
1902720 136.9
1902730 136.8
1902740 136.8
1902750 136.8
1902760 136.7
1902770 136.7
1902780 136.7
1902790 136.6
1902800 136.6
1902810 136.6
1902820 136.7
1902830 136.7
1902840 136.8
1902850 136.8
1902860 136.8
1902870 136.8
1902880 136.8
1902890 136.8
1902900 136.9
1902910 136.9
1902920 136.9
1902930 137.0
1902940 137.1
1902950 137.1
1902960 137.2
1902970 137.1
1902980 136.9
1902990 136.8
