1900000 136.1
1900010 136.1
1900020 136.1
1900030 136.1
1900040 136.1
1900050 136.0
1900060 136.0
1900070 136.0
1900080 135.9
1900090 135.8
1900100 135.8
1900110 135.9
1900120 135.9
1900130 135.9
1900140 135.9
1900150 135.9
1900160 135.8
1900170 135.8
1900180 135.8
1900190 135.8
1900200 135.9
1900210 135.9
1900220 135.9
1900230 135.9
1900240 135.9
1900250 135.9
1900260 135.8
1900270 135.8
1900280 135.8
1900290 135.8
1900300 135.8
1900310 135.8
1900320 135.8
1900330 135.8
1900340 135.9
1900350 135.9
1900360 135.9
1900370 135.9
1900380 135.8
1900390 135.8
1900400 135.8
1900410 135.7
1900420 135.7
1900430 135.7
1900440 135.7
1900450 135.7
1900460 135.7
1900470 135.8
1900480 135.8
1900490 135.8
1900500 135.8
1900510 135.8
1900520 135.8
1900530 135.7
1900540 135.7
1900550 135.7
1900560 135.7
1900570 135.7
1900580 135.6
1900590 135.6
1900600 135.6
1900610 135.5
1900620 135.4
1900630 135.4
1900640 135.4
1900650 135.4
1900660 135.4
1900670 135.4
1900680 135.4
1900690 135.4
1900700 135.4
1900710 135.4
1900720 135.4
1900730 135.3
1900740 135.2
1900750 135.2
1900760 135.2
1900770 135.3
1900780 135.4
1900790 135.4
1900800 135.5
1900810 135.5
1900820 135.5
1900830 135.5
1900840 135.5
1900850 135.5
1900860 135.5
1900870 135.7
1900880 135.7
1900890 135.8
1900900 135.8
1900910 135.8
1900920 135.8
1900930 135.8
1900940 135.8
1900950 135.8
1900960 135.7
1900970 135.7
1900980 135.6
1900990 135.5
1901000 135.5
1901010 135.5
1901020 135.3
1901030 135.3
1901040 135.3
1901050 135.3
1901060 135.3
1901070 135.2
1901080 135.2
1901090 135.2
1901100 135.2
1901110 135.2
1901120 135.2
1901130 135.1
1901140 135.1
1901150 135.1
1901160 135.1
1901170 135.1
1901180 135.1
1901190 135.2
1901200 135.2
1901210 135.2
1901220 135.2
1901230 135.2
1901240 135.2
1901250 135.2
1901260 135.3
1901270 135.3
1901280 135.3
1901290 135.4
1901300 135.4
1901310 135.7
1901320 135.9
1901330 135.9
1901340 136.0
1901350 136.3
1901360 136.3
1901370 136.6
1901380 136.9
1901390 136.9
1901400 136.9
1901410 137.1
1901420 137.1
1901430 137.2
1901440 137.4
1901450 137.4
1901460 137.5
1901470 137.7
1901480 137.7
1901490 137.8
1901500 138.0
1901510 138.0
1901520 138.0
1901530 138.0
1901540 138.0
1901550 138.0
1901560 137.9
1901570 137.9
1901580 137.8
1901590 137.5
1901600 137.5
1901610 137.0
1901620 136.6
1901630 136.6
1901640 135.8
1901650 135.6
1901660 135.6
1901670 135.5
1901680 135.4
1901690 135.4
1901700 135.3
1901710 135.2
1901720 135.2
1901730 135.1
1901740 135.0
1901750 135.0
1901760 134.9
1901770 134.8
1901780 134.8
1901790 134.6
1901800 134.5
1901810 134.5
1901820 134.4
1901830 134.4
1901840 134.4
1901850 134.4
1901860 134.4
1901870 134.4
1901880 134.4
1901890 134.4
1901900 134.4
1901910 134.4
1901920 134.3
1901930 134.3
1901940 134.3
1901950 134.3
1901960 134.3
1901970 134.4
1901980 134.4
1901990 134.4
1902000 134.4
1902010 134.5
1902020 134.5
1902030 134.5
1902040 134.4
1902050 134.4
1902060 134.4
1902070 134.3
1902080 134.3
1902090 134.4
1902100 134.6
1902110 134.6
1902120 134.8
1902130 135.2
1902140 135.2
1902150 135.8
1902160 136.5
1902170 136.5
1902180 137.3
1902190 138.0
1902200 138.0
1902210 138.4
1902220 138.4
1902230 138.4
1902240 138.3
1902250 138.1
1902260 138.0
1902270 137.8
1902280 137.7
1902290 137.7
1902300 137.6
1902310 137.6
1902320 137.6
1902330 137.5
1902340 137.5
1902350 137.5
1902360 137.5
1902370 137.5
1902380 137.5
1902390 137.5
1902400 137.6
1902410 137.5
1902420 137.5
1902430 137.3
1902440 137.2
1902450 137.2
1902460 137.2
1902470 137.2
1902480 137.2
1902490 137.3
1902500 137.4
1902510 137.4
1902520 137.4
1902530 137.4
1902540 137.4
1902550 137.4
1902560 137.3
1902570 137.3
1902580 137.3
1902590 137.3
1902600 137.3
1902610 137.3
1902620 137.2
1902630 137.2
1902640 137.2
1902650 137.2
1902660 137.2
1902670 137.1
1902680 137.1
1902690 137.1
1902700 137.0
1902710 137.0
1902720 137.0
1902730 137.0
1902740 137.0
1902750 137.0
1902760 137.0
1902770 137.0
1902780 137.0
1902790 137.0
1902800 137.1
1902810 137.1
1902820 137.1
1902830 137.1
1902840 137.1
1902850 137.1
1902860 137.1
1902870 137.1
1902880 137.1
1902890 137.1
1902900 137.1
1902910 137.1
1902920 137.2
1902930 137.2
1902940 137.2
1902950 137.2
1902960 137.2
1902970 137.2
1902980 137.3
1902990 137.3
1903000 137.3
