1900000 136.2
1900010 136.2
1900020 136.2
1900030 136.3
1900040 136.3
1900050 136.3
1900060 136.4
1900070 136.4
1900080 136.4
1900090 136.4
1900100 136.4
1900110 136.4
1900120 136.4
1900130 136.4
1900140 136.4
1900150 136.4
1900160 136.4
1900170 136.5
1900180 136.5
1900190 136.5
1900200 136.6
1900210 136.7
1900220 136.7
1900230 136.7
1900240 136.7
1900250 136.7
1900260 136.8
1900270 136.8
1900280 136.8
1900290 136.9
1900300 136.9
1900310 136.9
1900320 137.0
1900330 136.9
1900340 136.9
1900350 136.9
1900360 137.0
1900370 137.0
1900380 137.0
1900390 137.1
1900400 137.1
1900410 137.2
1900420 137.3
1900430 137.3
1900440 137.4
1900450 137.6
1900460 137.6
1900470 137.7
1900480 137.9
1900490 137.9
1900500 138.0
1900510 138.0
1900520 138.0
1900530 138.1
1900540 138.2
1900550 138.2
1900560 138.2
1900570 138.2
1900580 138.2
1900590 138.2
1900600 138.2
1900610 138.2
1900620 138.1
1900630 138.0
1900640 138.0
1900650 137.8
1900660 137.6
1900670 137.6
1900680 137.3
1900690 137.1
1900700 137.1
1900710 136.9
1900720 136.8
1900730 136.8
1900740 136.6
1900750 136.5
1900760 136.5
1900770 136.3
1900780 136.2
1900790 136.2
1900800 136.1
1900810 136.0
1900820 136.0
1900830 135.9
1900840 135.9
1900850 135.9
1900860 135.9
1900870 135.9
1900880 135.9
1900890 135.8
1900900 135.8
1900910 135.8
1900920 135.8
1900930 135.8
1900940 135.8
1900950 135.7
1900960 135.7
1900970 135.7
1900980 135.7
1900990 135.7
1901000 135.7
1901010 135.7
1901020 135.6
1901030 135.6
1901040 135.6
1901050 135.7
1901060 135.7
1901070 135.6
1901080 135.6
1901090 135.6
1901100 135.5
1901110 135.5
1901120 135.4
1901130 135.4
1901140 135.4
1901150 135.4
1901160 135.4
1901170 135.4
1901180 135.4
1901190 135.4
1901200 135.4
1901210 135.4
1901220 135.5
1901230 135.5
1901240 135.5
1901250 135.4
1901260 135.2
1901270 135.3
1901280 135.3
1901290 135.3
1901300 135.3
1901310 135.3
1901320 135.4
1901330 135.4
1901340 135.4
1901350 135.4
1901360 135.4
1901370 135.4
1901380 135.5
1901390 135.5
1901400 135.5
1901410 135.5
1901420 135.5
1901430 135.5
1901440 135.5
1901450 135.5
1901460 135.5
1901470 135.5
1901480 135.5
1901490 135.5
1901500 135.5
1901510 135.5
1901520 135.5
1901530 135.5
1901540 135.4
1901550 135.4
1901560 135.3
1901570 135.3
1901580 135.3
1901590 135.3
1901600 135.3
1901610 135.3
1901620 135.3
1901630 135.2
1901640 135.2
1901650 135.2
1901660 135.3
1901670 135.3
1901680 135.3
1901690 135.4
1901700 135.4
1901710 135.5
1901720 135.7
1901730 135.7
1901740 136.0
1901750 136.2
1901760 136.2
1901770 136.4
1901780 136.6
1901790 136.6
1901800 136.8
1901810 137.0
1901820 137.0
1901830 137.1
1901840 137.3
1901850 137.3
1901860 137.4
1901870 137.4
1901880 137.4
1901890 137.5
1901900 137.6
1901910 137.6
1901920 137.8
1901930 137.9
1901940 137.9
1901950 137.9
1901960 137.9
1901970 137.9
1901980 137.9
1901990 137.8
1902000 137.8
1902010 137.8
1902020 137.8
1902030 137.8
1902040 137.7
1902050 137.8
1902060 137.8
1902070 138.2
1902080 138.0
1902090 138.0
1902100 137.8
1902110 137.7
1902120 137.7
1902130 137.7
1902140 137.7
1902150 137.7
1902160 137.7
1902170 137.7
1902180 137.7
1902190 137.7
1902200 137.6
1902210 137.6
1902220 137.6
1902230 137.6
1902240 137.6
1902250 137.6
1902260 137.6
1902270 137.6
1902280 137.5
1902290 137.5
1902300 137.5
1902310 137.5
1902320 137.6
1902330 137.6
1902340 137.6
1902350 137.6
1902360 137.6
1902370 137.6
1902380 137.6
1902390 137.6
1902400 137.7
1902410 137.7
1902420 137.7
1902430 137.6
1902440 137.5
1902450 137.5
1902460 137.5
1902470 137.5
1902480 137.5
1902490 137.5
1902500 137.6
1902510 137.6
1902520 137.6
1902530 137.6
1902540 137.6
1902550 137.6
1902560 137.7
1902570 137.7
1902580 137.6
1902590 137.5
1902600 137.5
1902610 137.5
1902620 137.4
1902630 137.4
1902640 137.4
1902650 137.4
1902660 137.4
1902670 137.4
1902680 137.4
1902690 137.4
1902700 137.4
1902710 137.4
1902720 137.4
1902730 137.4
1902740 137.5
1902750 137.5
1902760 137.5
1902770 137.6
1902780 137.6
1902790 137.6
1902800 137.6
1902810 137.6
1902820 137.7
1902830 137.7
1902840 137.8
1902850 137.8
1902860 137.8
1902870 137.5
1902880 137.5
1902890 137.2
1902900 136.8
1902910 136.8
1902920 136.4
1902930 136.1
1902940 136.1
1902950 135.9
1902960 135.9
1902970 135.9
1902980 135.8
1902990 135.8
1903000 135.8
