1900000 135.9
1900010 135.9
1900020 135.9
1900030 135.8
1900040 135.8
1900050 135.8
1900060 135.8
1900070 135.8
1900080 135.8
1900090 135.8
1900100 135.8
1900110 135.8
1900120 135.8
1900130 135.8
1900140 135.9
1900150 136.0
1900160 136.0
1900170 136.0
1900180 135.9
1900190 135.9
1900200 135.8
1900210 135.8
1900220 135.8
1900230 135.8
1900240 135.8
1900250 135.8
1900260 135.8
1900270 135.9
1900280 135.9
1900290 135.9
1900300 135.9
1900310 135.9
1900320 135.8
1900330 135.8
1900340 135.8
1900350 135.9
1900360 135.9
1900370 135.9
1900380 135.8
1900390 135.8
1900400 135.9
1900410 135.8
1900420 135.8
1900430 135.8
1900440 135.9
1900450 135.8
1900460 135.8
1900470 135.9
1900480 135.8
1900490 135.8
1900500 135.8
1900510 135.8
1900520 135.8
1900530 135.8
1900540 135.8
1900550 135.8
1900560 135.9
1900570 136.0
1900580 136.0
1900590 136.1
1900600 136.2
1900610 136.2
1900620 136.3
1900630 136.1
1900640 136.1
1900650 135.9
1900660 135.7
1900670 135.7
1900680 135.7
1900690 135.6
1900700 135.6
1900710 135.5
1900720 135.5
1900730 135.5
1900740 135.5
1900750 135.4
1900760 135.4
1900770 135.4
1900780 135.3
1900790 135.3
1900800 135.4
1900810 135.4
1900820 135.4
1900830 135.5
1900840 135.6
1900850 135.6
1900860 135.6
1900870 135.7
1900880 135.7
1900890 135.9
1900900 135.9
1900910 135.9
1900920 135.9
1900930 135.9
1900940 135.9
1900950 135.9
1900960 135.8
1900970 135.8
1900980 135.7
1900990 135.7
1901000 135.6
1901010 135.6
1901020 135.6
1901030 135.5
1901040 135.5
1901050 135.5
1901060 135.5
1901070 135.5
1901080 135.4
1901090 135.3
1901100 135.3
1901110 135.2
1901120 135.2
1901130 135.2
1901140 135.1
1901150 135.0
1901160 135.0
1901170 135.0
1901180 135.0
1901190 135.0
1901200 135.0
1901210 135.0
1901220 135.0
1901230 135.0
1901240 135.0
1901250 135.0
1901260 135.1
1901270 135.4
1901280 135.4
1901290 135.5
1901300 135.5
1901310 135.5
1901320 135.7
1901330 135.9
1901340 135.9
1901350 136.0
1901360 136.1
1901370 136.1
1901380 136.2
1901390 136.3
1901400 136.3
1901410 136.5
1901420 136.6
1901430 136.6
1901440 136.7
1901450 136.8
1901460 136.8
1901470 136.9
1901480 137.1
1901490 137.1
1901500 137.3
1901510 137.5
1901520 137.5
1901530 137.6
1901540 137.7
1901550 137.7
1901560 137.9
1901570 137.9
1901580 137.9
1901590 138.0
1901600 138.0
1901610 138.0
1901620 137.9
1901630 137.8
1901640 137.8
1901650 137.6
1901660 137.3
1901670 137.3
1901680 137.1
1901690 136.9
1901700 136.9
1901710 136.7
1901720 136.4
1901730 136.4
1901740 136.1
1901750 135.7
1901760 135.7
1901770 135.4
1901780 135.1
1901790 135.1
1901800 134.9
1901810 134.7
1901820 134.7
1901830 134.6
1901840 134.5
1901850 134.5
1901860 134.4
1901870 134.4
1901880 134.4
1901890 134.4
1901900 134.4
1901910 134.4
1901920 134.4
1901930 134.7
1901940 134.7
1901950 134.7
1901960 134.4
1901970 134.4
1901980 134.5
1901990 134.4
1902000 134.4
1902010 134.3
1902020 134.4
1902030 134.4
1902040 134.5
1902050 134.7
1902060 134.7
1902070 135.0
1902080 135.5
1902090 135.5
1902100 136.2
1902110 136.9
1902120 136.9
1902130 137.6
1902140 138.2
1902150 138.2
1902160 138.8
1902170 139.2
1902180 139.2
1902190 139.2
1902200 138.9
1902210 138.9
1902220 138.7
1902230 138.5
1902240 138.5
1902250 138.3
1902260 138.2
1902270 138.2
1902280 138.0
1902290 138.0
1902300 138.0
1902310 137.9
1902320 137.9
1902330 137.9
1902340 137.9
1902350 137.8
1902360 137.8
1902370 137.8
1902380 137.8
1902390 137.8
1902400 137.8
1902410 137.7
1902420 137.7
1902430 137.6
1902440 137.5
1902450 137.5
1902460 137.5
1902470 137.5
1902480 137.5
1902490 137.5
1902500 137.5
1902510 137.5
1902520 137.3
1902530 137.2
1902540 137.1
1902550 137.1
1902560 137.0
1902570 137.1
1902580 137.1
1902590 137.1
1902600 137.1
1902610 137.1
1902620 137.1
1902630 137.1
1902640 137.1
1902650 137.1
1902660 137.1
1902670 137.1
1902680 137.1
1902690 137.1
1902700 137.1
1902710 137.1
1902720 137.2
1902730 137.2
1902740 137.1
1902750 137.1
1902760 137.1
1902770 137.1
1902780 137.1
1902790 137.1
1902800 137.1
1902810 137.0
1902820 137.0
1902830 137.0
1902840 137.0
1902850 137.0
1902860 136.9
1902870 136.8
1902880 136.9
1902890 136.8
1902900 136.8
1902910 136.8
1902920 136.8
1902930 136.8
1902940 136.8
1902950 136.8
1902960 136.9
1902970 136.9
1902980 136.9
1902990 136.9
1903000 136.9
