1900000 136.0
1900010 136.0
1900020 136.0
1900030 136.0
1900040 136.0
1900050 136.0
1900060 136.0
1900070 135.9
1900080 135.9
1900090 135.9
1900100 136.0
1900110 136.1
1900120 136.1
1900130 136.1
1900140 136.2
1900150 136.2
1900160 136.2
1900170 136.2
1900180 136.2
1900190 136.1
1900200 136.1
1900210 136.1
1900220 136.1
1900230 136.1
1900240 136.1
1900250 136.0
1900260 136.0
1900270 136.0
1900280 136.0
1900290 136.1
1900300 136.1
1900310 136.1
1900320 136.1
1900330 136.1
1900340 136.2
1900350 136.2
1900360 136.2
1900370 136.1
1900380 136.0
1900390 136.0
1900400 136.0
1900410 136.0
1900420 136.0
1900430 136.0
1900440 136.0
1900450 136.0
1900460 136.0
1900470 136.1
1900480 136.0
1900490 136.0
1900500 136.0
1900510 136.0
1900520 136.0
1900530 136.0
1900540 135.9
1900550 135.9
1900560 135.9
1900570 135.9
1900580 135.9
1900590 135.8
1900600 135.8
1900610 135.9
1900620 136.0
1900630 136.0
1900640 136.0
1900650 135.9
1900660 135.9
1900670 135.9
1900680 135.9
1900690 135.9
1900700 135.9
1900710 135.9
1900720 135.8
1900730 135.8
1900740 135.7
1900750 135.7
1900760 135.7
1900770 135.7
1900780 135.7
1900790 135.7
1900800 135.6
1900810 135.6
1900820 135.6
1900830 135.6
1900840 135.6
1900850 135.6
1900860 135.6
1900870 135.6
1900880 135.6
1900890 135.6
1900900 135.6
1900910 135.6
1900920 135.4
1900930 135.4
1900940 135.4
1900950 135.5
1900960 135.6
1900970 135.6
1900980 135.6
1900990 135.6
1901000 135.6
1901010 135.4
1901020 135.3
1901030 135.3
1901040 135.4
1901050 135.3
1901060 135.3
1901070 135.3
1901080 135.4
1901090 135.4
1901100 135.4
1901110 135.4
1901120 135.4
1901130 135.4
1901140 135.4
1901150 135.4
1901160 135.5
1901170 135.5
1901180 135.5
1901190 135.5
1901200 135.4
1901210 135.4
1901220 135.4
1901230 135.4
1901240 135.4
1901250 135.4
1901260 135.4
1901270 135.4
1901280 135.4
1901290 135.4
1901300 135.4
1901310 135.4
1901320 135.4
1901330 135.4
1901340 135.3
1901350 135.2
1901360 135.2
1901370 135.3
1901380 135.3
1901390 135.3
1901400 135.3
1901410 135.3
1901420 135.3
1901430 135.4
1901440 135.4
1901450 135.4
1901460 135.4
1901470 135.4
1901480 135.4
1901490 135.4
1901500 135.3
1901510 135.3
1901520 135.3
1901530 135.2
1901540 135.2
1901550 135.2
1901560 135.2
1901570 135.2
1901580 135.2
1901590 135.2
1901600 135.2
1901610 135.2
1901620 135.2
1901630 135.2
1901640 135.1
1901650 135.1
1901660 135.1
1901670 135.0
1901680 135.0
1901690 135.0
1901700 134.9
1901710 134.9
1901720 134.9
1901730 134.9
1901740 134.9
1901750 134.9
1901760 134.9
1901770 135.0
1901780 135.0
1901790 135.0
1901800 135.1
1901810 135.1
1901820 135.1
1901830 135.2
1901840 135.2
1901850 135.1
1901860 135.1
1901870 135.1
1901880 135.2
1901890 135.2
1901900 135.2
1901910 135.2
1901920 135.1
1901930 135.1
1901940 135.1
1901950 135.1
1901960 135.1
1901970 135.1
1901980 135.2
1901990 135.2
1902000 135.2
1902010 135.1
1902020 135.1
1902030 135.1
1902040 135.1
1902050 135.1
1902060 135.1
1902070 135.2
1902080 135.3
1902090 135.3
1902100 135.5
1902110 135.8
1902120 135.8
1902130 136.2
1902140 136.7
1902150 136.7
1902160 137.6
1902170 137.6
1902180 137.6
1902190 137.4
1902200 137.2
1902210 137.2
1902220 137.2
1902230 137.2
1902240 137.2
1902250 137.3
1902260 137.4
1902270 137.4
1902280 137.5
1902290 137.6
1902300 137.6
1902310 137.6
1902320 137.6
1902330 137.6
1902340 137.6
1902350 137.5
1902360 137.5
1902370 137.5
1902380 137.5
1902390 137.5
1902400 137.5
1902410 137.5
1902420 137.5
1902430 137.5
1902440 137.5
1902450 137.5
1902460 137.5
1902470 137.5
1902480 137.5
1902490 137.5
1902500 137.5
1902510 137.5
1902520 137.6
1902530 137.6
1902540 137.6
1902550 137.5
1902560 137.5
1902570 137.5
1902580 137.5
1902590 137.5
1902600 137.5
1902610 137.5
1902620 137.5
1902630 137.5
1902640 137.5
1902650 137.4
1902660 137.4
1902670 137.4
1902680 137.4
1902690 137.4
1902700 137.4
1902710 137.4
1902720 137.4
1902730 137.3
1902740 137.3
1902750 137.3
1902760 137.2
1902770 137.1
1902780 137.1
1902790 137.1
1902800 137.2
1902810 137.2
1902820 137.2
1902830 137.2
1902840 137.2
1902850 137.2
1902860 137.1
1902870 137.1
1902880 137.1
1902890 137.2
1902900 137.2
1902910 137.2
1902920 137.2
1902930 137.2
1902940 137.2
1902950 137.2
1902960 137.2
1902970 137.2
1902980 137.2
1902990 137.2
1903000 137.1
