1900000 135.6
1900010 135.7
1900020 135.7
1900030 135.7
1900040 135.8
1900050 135.8
1900060 135.8
1900070 135.8
1900080 135.8
1900090 135.8
1900100 135.7
1900110 135.7
1900120 135.7
1900130 135.7
1900140 135.7
1900150 135.7
1900160 135.7
1900170 135.7
1900180 135.7
1900190 135.8
1900200 135.8
1900210 135.8
1900220 135.8
1900230 135.8
1900240 135.8
1900250 135.8
1900260 135.7
1900270 135.7
1900280 135.7
1900290 135.7
1900300 135.7
1900310 135.7
1900320 135.7
1900330 135.7
1900340 135.7
1900350 135.6
1900360 135.6
1900370 135.5
1900380 135.5
1900390 135.5
1900400 135.6
1900410 135.7
1900420 135.7
1900430 135.6
1900440 135.7
1900450 135.7
1900460 135.7
1900470 135.6
1900480 135.6
1900490 135.4
1900500 135.3
1900510 135.3
1900520 135.4
1900530 135.4
1900540 135.4
1900550 135.3
1900560 135.3
1900570 135.3
1900580 135.3
1900590 135.3
1900600 135.3
1900610 135.4
1900620 135.3
1900630 135.3
1900640 135.3
1900650 135.3
1900660 135.3
1900670 135.4
1900680 135.5
1900690 135.5
1900700 135.7
1900710 135.8
1900720 135.8
1900730 135.8
1900740 135.7
1900750 135.7
1900760 135.6
1900770 135.5
1900780 135.5
1900790 135.5
1900800 135.5
1900810 135.5
1900820 135.5
1900830 135.6
1900840 135.6
1900850 135.7
1900860 135.8
1900870 135.8
1900880 135.8
1900890 135.8
1900900 135.8
1900910 135.8
1900920 135.8
1900930 135.8
1900940 135.7
1900950 135.7
1900960 135.7
1900970 135.6
1900980 135.6
1900990 135.6
1901000 135.5
1901010 135.5
1901020 135.5
1901030 135.5
1901040 135.5
1901050 135.5
1901060 135.5
1901070 135.4
1901080 135.4
1901090 135.4
1901100 135.3
1901110 135.3
1901120 135.4
1901130 135.4
1901140 135.4
1901150 135.2
1901160 135.0
1901170 135.0
1901180 135.1
1901190 135.1
1901200 135.1
1901210 135.1
1901220 135.2
1901230 135.2
1901240 135.2
1901250 135.2
1901260 135.2
1901270 135.1
1901280 134.8
1901290 134.8
1901300 134.8
1901310 134.8
1901320 134.8
1901330 134.8
1901340 134.8
1901350 134.8
1901360 134.9
1901370 134.9
1901380 134.9
1901390 134.9
1901400 134.9
1901410 134.9
1901420 134.9
1901430 135.0
1901440 135.0
1901450 135.0
1901460 134.9
1901470 134.9
1901480 134.9
1901490 134.9
1901500 134.9
1901510 135.0
1901520 135.1
1901530 135.1
1901540 135.3
1901550 135.5
1901560 135.5
1901570 135.6
1901580 135.7
1901590 135.7
1901600 135.8
1901610 135.8
1901620 135.8
1901630 135.9
1901640 136.0
1901650 136.0
1901660 136.1
1901670 136.1
1901680 136.1
1901690 136.2
1901700 136.4
1901710 136.5
1901720 136.5
1901730 136.6
1901740 136.6
1901750 136.6
1901760 136.7
1901770 136.9
1901780 136.9
1901790 137.0
1901800 137.4
1901810 137.4
1901820 137.5
1901830 137.3
1901840 137.3
1901850 137.2
1901860 137.0
1901870 137.0
1901880 137.0
1901890 137.1
1901900 137.1
1901910 137.2
1901920 137.3
1901930 137.3
1901940 137.3
1901950 137.4
1901960 137.4
1901970 137.6
1901980 137.8
1901990 137.8
1902000 137.9
1902010 138.0
1902020 138.0
1902030 138.1
1902040 138.2
1902050 138.2
1902060 138.2
1902070 138.3
1902080 138.3
1902090 138.4
1902100 138.5
1902110 138.5
1902120 138.5
1902130 138.5
1902140 138.5
1902150 138.4
1902160 138.4
1902170 138.4
1902180 138.3
1902190 138.3
1902200 138.3
1902210 138.3
1902220 138.3
1902230 138.3
1902240 138.3
1902250 138.3
1902260 138.3
1902270 138.2
1902280 138.1
1902290 138.1
1902300 138.1
1902310 138.0
1902320 138.0
1902330 138.0
1902340 137.9
1902350 137.9
1902360 137.9
1902370 137.9
1902380 137.9
1902390 137.8
1902400 137.8
1902410 137.8
1902420 137.8
1902430 137.7
1902440 137.7
1902450 137.6
1902460 137.6
1902470 137.5
1902480 137.5
1902490 137.4
1902500 137.4
1902510 137.4
1902520 137.5
1902530 137.5
1902540 137.4
1902550 137.3
1902560 137.3
1902570 137.2
1902580 137.1
1902590 137.1
1902600 137.0
1902610 137.0
1902620 137.0
1902630 137.0
1902640 137.0
1902650 137.0
1902660 137.0
1902670 136.8
1902680 136.8
1902690 136.8
1902700 136.8
1902710 136.8
1902720 136.8
1902730 136.9
1902740 136.9
1902750 137.0
1902760 137.0
1902770 137.0
1902780 137.0
1902790 137.1
1902800 137.1
1902810 137.1
1902820 137.1
1902830 137.1
1902840 137.1
1902850 137.1
1902860 137.1
1902870 137.1
1902880 137.1
1902890 137.1
1902900 137.1
1902910 137.1
1902920 137.1
1902930 137.1
1902940 137.1
1902950 137.1
1902960 137.1
1902970 137.2
1902980 137.2
1902990 137.2
1903000 137.2
1903010 137.2
