1900000 136.1
1900010 136.0
1900020 136.0
1900030 136.0
1900040 136.0
1900050 136.0
1900060 135.9
1900070 136.0
1900080 136.0
1900090 136.0
1900100 136.0
1900110 136.0
1900120 136.0
1900130 136.0
1900140 136.0
1900150 136.0
1900160 136.0
1900170 136.0
1900180 136.0
1900190 136.0
1900200 136.0
1900210 136.0
1900220 136.0
1900230 136.0
1900240 135.9
1900250 135.9
1900260 135.9
1900270 135.9
1900280 135.9
1900290 135.9
1900300 135.9
1900310 135.9
1900320 135.9
1900330 135.9
1900340 135.9
1900350 135.9
1900360 135.9
1900370 135.9
1900380 135.9
1900390 135.9
1900400 135.8
1900410 135.8
1900420 135.9
1900430 135.9
1900440 135.9
1900450 135.8
1900460 135.8
1900470 135.8
1900480 135.8
1900490 135.8
1900500 135.8
1900510 135.8
1900520 135.8
1900530 135.8
1900540 135.7
1900550 135.7
1900560 135.7
1900570 135.7
1900580 135.6
1900590 135.6
1900600 135.5
1900610 135.4
1900620 135.4
1900630 135.5
1900640 135.5
1900650 135.5
1900660 135.5
1900670 135.5
1900680 135.5
1900690 135.4
1900700 135.4
1900710 135.4
1900720 135.3
1900730 135.3
1900740 135.4
1900750 135.4
1900760 135.5
1900770 135.6
1900780 135.6
1900790 135.7
1900800 135.7
1900810 135.7
1900820 135.7
1900830 135.5
1900840 135.5
1900850 135.4
1900860 135.4
1900870 135.4
1900880 135.4
1900890 135.4
1900900 135.4
1900910 135.4
1900920 135.4
1900930 135.4
1900940 135.4
1900950 135.4
1900960 135.4
1900970 135.5
1900980 135.5
1900990 135.5
1901000 135.5
1901010 135.4
1901020 135.4
1901030 135.4
1901040 135.4
1901050 135.4
1901060 135.3
1901070 135.2
1901080 135.2
1901090 135.2
1901100 135.1
1901110 135.1
1901120 135.2
1901130 135.2
1901140 135.2
1901150 135.2
1901160 135.3
1901170 135.3
1901180 135.3
1901190 135.3
1901200 135.3
1901210 135.4
1901220 135.4
1901230 135.4
1901240 135.4
1901250 135.4
1901260 135.4
1901270 135.4
1901280 135.4
1901290 135.4
1901300 135.4
1901310 135.4
1901320 135.4
1901330 135.4
1901340 135.5
1901350 135.5
1901360 135.6
1901370 135.7
1901380 135.7
1901390 136.0
1901400 136.2
1901410 136.2
1901420 136.4
1901430 136.4
1901440 136.4
1901450 136.6
1901460 136.9
1901470 136.9
1901480 137.0
1901490 136.9
1901500 136.9
1901510 136.8
1901520 136.6
1901530 136.6
1901540 136.4
1901550 136.2
1901560 136.2
1901570 136.0
1901580 135.7
1901590 135.7
1901600 135.6
1901610 135.5
1901620 135.5
1901630 135.4
1901640 135.3
1901650 135.3
1901660 135.2
1901670 135.2
1901680 135.2
1901690 135.2
1901700 135.1
1901710 135.1
1901720 135.0
1901730 134.9
1901740 134.9
1901750 134.8
1901760 134.8
1901770 134.8
1901780 134.7
1901790 134.6
1901800 134.6
1901810 134.6
1901820 134.5
1901830 134.5
1901840 134.4
1901850 134.3
1901860 134.3
1901870 134.2
1901880 134.2
1901890 134.2
1901900 134.2
1901910 134.2
1901920 134.2
1901930 134.2
1901940 134.2
1901950 134.2
1901960 134.3
1901970 134.3
1901980 134.3
1901990 134.3
1902000 134.3
1902010 134.3
1902020 134.3
1902030 134.3
1902040 134.3
1902050 134.3
1902060 134.3
1902070 134.3
1902080 134.4
1902090 134.5
1902100 134.5
1902110 134.6
1902120 134.7
1902130 134.7
1902140 134.8
1902150 135.0
1902160 135.0
1902170 135.3
1902180 136.0
1902190 136.0
1902200 136.7
1902210 137.4
1902220 137.4
1902230 137.6
1902240 137.6
1902250 137.6
1902260 137.5
1902270 137.4
1902280 137.3
1902290 137.3
1902300 137.4
1902310 137.4
1902320 137.4
1902330 137.4
1902340 137.3
1902350 137.3
1902360 137.2
1902370 137.2
1902380 137.2
1902390 137.2
1902400 137.3
1902410 137.3
1902420 137.3
1902430 137.3
1902440 137.3
1902450 137.3
1902460 137.3
1902470 137.3
1902480 137.2
1902490 137.2
1902500 137.2
1902510 137.2
1902520 137.2
1902530 137.2
1902540 137.2
1902550 137.4
1902560 137.4
1902570 137.5
1902580 137.6
1902590 137.6
1902600 137.7
1902610 137.7
1902620 137.7
1902630 137.7
1902640 137.6
1902650 137.6
1902660 137.4
1902670 137.1
1902680 137.1
1902690 137.1
1902700 137.1
1902710 137.1
1902720 137.1
1902730 137.1
1902740 137.1
1902750 137.1
1902760 137.1
1902770 137.1
1902780 137.0
1902790 137.0
1902800 137.0
1902810 137.0
1902820 137.1
1902830 137.1
1902840 137.1
1902850 137.0
1902860 137.0
1902870 137.1
1902880 137.2
1902890 137.2
1902900 137.2
1902910 137.2
1902920 137.2
1902930 137.2
1902940 137.2
1902950 137.2
1902960 137.1
1902970 137.1
1902980 137.1
1902990 137.1
1903000 137.1
1903010 137.1
