1900000 138.8
1900010 138.8
1900020 138.6
1900030 138.5
1900040 138.5
1900050 138.3
1900060 138.0
1900070 138.0
1900080 137.8
1900090 137.5
1900100 137.5
1900110 137.3
1900120 137.2
1900130 137.2
1900140 137.1
1900150 137.0
1900160 137.0
1900170 137.0
1900180 136.9
1900190 137.1
1900200 137.1
1900210 137.1
1900220 137.1
1900230 137.2
1900240 137.3
1900250 137.3
1900260 137.3
1900270 137.3
1900280 137.3
1900290 137.3
1900300 137.3
1900310 137.3
1900320 137.3
1900330 137.2
1900340 137.2
1900350 137.1
1900360 137.1
1900370 137.1
1900380 137.1
1900390 137.1
1900400 137.1
1900410 137.1
1900420 137.2
1900430 137.2
1900440 137.3
1900450 137.1
1900460 137.3
1900470 137.3
1900480 137.3
1900490 137.3
1900500 137.3
1900510 137.3
1900520 137.3
1900530 137.3
1900540 137.3
1900550 137.2
1900560 137.2
1900570 137.1
1900580 137.0
1900590 137.0
1900600 136.8
1900610 136.6
1900620 136.6
1900630 136.5
1900640 136.3
1900650 136.3
1900660 136.2
1900670 136.1
1900680 136.1
1900690 136.0
1900700 135.8
1900710 135.8
1900720 135.8
1900730 135.8
1900740 135.8
1900750 135.8
1900760 135.8
1900770 135.8
1900780 135.8
1900790 135.9
1900800 135.9
1900810 135.9
1900820 135.9
1900830 135.9
1900840 135.9
1900850 135.9
1900860 135.9
1900870 135.9
1900880 135.8
1900890 135.8
1900900 135.8
1900910 135.7
1900920 135.7
1900930 135.7
1900940 135.7
1900950 135.7
1900960 135.7
1900970 135.7
1900980 135.7
1900990 135.7
1901000 135.7
1901010 135.7
1901020 135.7
1901030 135.7
1901040 135.7
1901050 135.7
1901060 135.6
1901070 135.6
1901080 135.7
1901090 135.6
1901100 135.6
1901110 135.6
1901120 135.6
1901130 135.6
1901140 135.6
1901150 135.5
1901160 135.5
1901170 135.5
1901180 135.5
1901190 135.5
1901200 135.4
1901210 135.4
1901220 135.4
1901230 135.4
1901240 135.4
1901250 135.4
1901260 135.4
1901270 135.5
1901280 135.5
1901290 135.5
1901300 135.7
1901310 135.7
1901320 135.9
1901330 135.9
1901340 135.9
1901350 135.9
1901360 135.8
1901370 135.8
1901380 135.8
1901390 135.8
1901400 135.8
1901410 135.8
1901420 135.8
1901430 135.4
1901440 135.4
1901450 135.4
1901460 135.4
1901470 135.4
1901480 135.4
1901490 135.4
1901500 135.4
1901510 135.3
1901520 135.3
1901530 135.3
1901540 135.3
1901550 135.3
1901560 135.3
1901570 135.4
1901580 135.4
1901590 135.4
1901600 135.5
1901610 135.5
1901620 135.5
1901630 135.5
1901640 135.5
1901650 135.5
1901660 135.4
1901670 135.4
1901680 135.4
1901690 135.4
1901700 135.4
1901710 135.4
1901720 135.5
1901730 135.5
1901740 135.5
1901750 135.5
1901760 135.5
1901770 135.5
1901780 135.5
1901790 135.5
1901800 135.5
1901810 135.5
1901820 135.5
1901830 135.5
1901840 135.6
1901850 135.6
1901860 135.7
1901870 135.5
1901880 135.5
1901890 135.5
1901900 135.5
1901910 135.5
1901920 135.5
1901930 135.5
1901940 135.5
1901950 135.6
1901960 135.6
1901970 135.6
1901980 135.5
1901990 135.4
1902000 135.4
1902010 135.4
1902020 135.3
1902030 135.3
1902040 135.4
1902050 135.5
1902060 135.6
1902070 135.6
1902080 135.7
1902090 135.8
1902100 135.8
1902110 136.0
1902120 136.2
1902130 136.2
1902140 136.5
1902150 136.7
1902160 136.7
1902170 137.0
1902180 137.3
1902190 137.3
1902200 137.5
1902210 137.6
1902220 137.6
1902230 137.7
1902240 137.9
1902250 137.9
1902260 138.0
1902270 138.2
1902280 138.2
1902290 138.3
1902300 138.4
1902310 138.4
1902320 138.5
1902330 138.5
1902340 138.5
1902350 138.5
1902360 138.4
1902370 138.4
1902380 138.4
1902390 138.2
1902400 138.2
1902410 138.0
1902420 137.7
1902430 137.7
1902440 137.4
1902450 137.1
1902460 137.1
1902470 136.8
1902480 136.5
1902490 136.5
1902500 136.3
1902510 136.1
1902520 136.1
1902530 136.0
1902540 135.8
1902550 135.8
1902560 135.6
1902570 135.4
1902580 135.4
1902590 135.2
1902600 135.0
1902610 135.0
1902620 134.9
1902630 134.7
1902640 134.7
1902650 134.6
1902660 134.5
1902670 134.3
1902680 134.3
1902690 134.3
1902700 134.3
1902710 134.2
1902720 134.2
1902730 134.2
1902740 134.1
1902750 134.2
1902760 134.2
1902770 134.2
1902780 134.1
1902790 134.1
1902800 134.1
1902810 134.0
1902820 134.0
1902830 134.0
1902840 134.0
1902850 134.0
1902860 133.9
1902870 133.9
1902880 133.9
1902890 134.0
1902900 134.0
1902910 134.0
1902920 134.0
1902930 134.0
1902940 134.0
1902950 134.0
1902960 133.9
1902970 133.9
1902980 133.8
1902990 133.8
1903000 133.8
1903010 133.7
