1900000 138.1
1900010 138.1
1900020 138.0
1900030 138.0
1900040 138.0
1900050 137.9
1900060 137.8
1900070 137.8
1900080 137.7
1900090 137.7
1900100 137.7
1900110 137.7
1900120 137.5
1900130 137.5
1900140 137.4
1900150 137.3
1900160 137.3
1900170 137.2
1900180 137.0
1900190 136.9
1900200 136.8
1900210 136.6
1900220 136.6
1900230 136.4
1900240 136.3
1900250 136.3
1900260 136.3
1900270 136.3
1900280 136.3
1900290 136.3
1900300 136.2
1900310 136.2
1900320 136.1
1900330 136.1
1900340 136.1
1900350 136.1
1900360 136.1
1900370 136.1
1900380 136.1
1900390 136.1
1900400 136.1
1900410 136.1
1900420 136.0
1900430 136.0
1900440 136.0
1900450 135.9
1900460 135.9
1900470 135.9
1900480 135.9
1900490 135.9
1900500 136.0
1900510 136.1
1900520 136.1
1900530 136.2
1900540 136.4
1900550 136.4
1900560 136.7
1900570 136.8
1900580 136.8
1900590 136.9
1900600 136.8
1900610 136.8
1900620 136.7
1900630 136.6
1900640 136.6
1900650 136.6
1900660 136.5
1900670 136.5
1900680 136.5
1900690 136.5
1900700 136.5
1900710 136.5
1900720 136.4
1900730 136.4
1900740 136.2
1900750 136.1
1900760 136.1
1900770 136.0
1900780 136.0
1900790 136.0
1900800 135.9
1900810 135.8
1900820 135.8
1900830 135.8
1900840 135.8
1900850 135.8
1900860 135.8
1900870 135.8
1900880 135.8
1900890 135.8
1900900 135.8
1900910 135.8
1900920 135.8
1900930 135.8
1900940 135.8
1900950 135.8
1900960 135.8
1900970 135.8
1900980 135.8
1900990 135.7
1901000 135.7
1901010 135.7
1901020 135.7
1901030 135.7
1901040 135.6
1901050 135.6
1901060 135.6
1901070 135.6
1901080 135.6
1901090 135.7
1901100 135.7
1901110 135.7
1901120 135.6
1901130 135.6
1901140 135.6
1901150 135.6
1901160 135.6
1901170 135.6
1901180 135.5
1901190 135.5
1901200 135.6
1901210 135.6
1901220 135.6
1901230 135.6
1901240 135.5
1901250 135.5
1901260 135.5
1901270 135.5
1901280 135.5
1901290 135.5
1901300 135.5
1901310 135.5
1901320 135.4
1901330 135.4
1901340 135.4
1901350 135.3
1901360 135.3
1901370 135.3
1901380 135.3
1901390 135.3
1901400 135.3
1901410 135.3
1901420 135.3
1901430 135.4
1901440 135.4
1901450 135.3
1901460 135.3
1901470 135.3
1901480 135.4
1901490 135.4
1901500 135.4
1901510 135.5
1901520 135.5
1901530 135.4
1901540 135.3
1901550 135.3
1901560 135.3
1901570 135.3
1901580 135.3
1901590 135.3
1901600 135.3
1901610 135.3
1901620 135.3
1901630 135.3
1901640 135.3
1901650 135.3
1901660 135.3
1901670 135.3
1901680 135.3
1901690 135.3
1901700 135.3
1901710 135.3
1901720 135.3
1901730 135.3
1901740 135.3
1901750 135.2
1901760 135.2
1901770 135.2
1901780 135.3
1901790 135.3
1901800 135.4
1901810 135.5
1901820 135.5
1901830 135.5
1901840 135.6
1901850 135.6
1901860 135.7
1901870 135.8
1901880 135.8
1901890 135.9
1901900 135.9
1901910 135.9
1901920 136.3
1901930 136.5
1901940 136.5
1901950 136.4
1901960 136.3
1901970 136.3
1901980 136.2
1901990 136.3
1902000 136.3
1902010 136.4
1902020 136.6
1902030 136.6
1902040 136.8
1902050 137.0
1902060 137.0
1902070 137.2
1902080 137.4
1902090 137.4
1902100 137.6
1902110 137.7
1902120 137.7
1902130 137.9
1902140 137.9
1902150 137.9
1902160 138.0
1902170 138.0
1902180 138.0
1902190 138.1
1902200 138.1
1902210 138.1
1902220 138.2
1902230 138.2
1902240 138.2
1902250 138.2
1902260 138.2
1902270 138.2
1902280 138.2
1902290 138.1
1902300 138.1
1902310 138.1
1902320 138.1
1902330 138.1
1902340 138.1
1902350 138.1
1902360 138.1
1902370 138.1
1902380 138.1
1902390 138.1
1902400 138.0
1902410 138.0
1902420 138.0
1902430 138.0
1902440 137.9
1902450 137.9
1902460 137.8
1902470 137.8
1902480 137.8
1902490 137.8
1902500 137.8
1902510 137.8
1902520 137.8
1902530 137.9
1902540 137.9
1902550 137.9
1902560 138.0
1902570 138.0
1902580 138.0
1902590 137.9
1902600 137.9
1902610 137.8
1902620 137.7
1902630 137.7
1902640 137.5
1902650 137.2
1902660 137.2
1902670 136.8
1902680 136.5
1902690 136.2
1902700 136.2
1902710 136.1
1902720 136.0
1902730 136.0
1902740 135.9
1902750 135.9
1902760 135.9
1902770 135.9
1902780 135.9
1902790 135.9
1902800 136.0
1902810 136.0
1902820 136.0
1902830 136.0
1902840 135.9
1902850 135.9
1902860 135.9
1902870 135.9
1902880 135.9
1902890 135.9
1902900 135.9
1902910 135.9
1902920 135.9
1902930 135.9
1902940 135.9
1902950 135.8
1902960 135.7
1902970 135.7
1902980 135.6
1902990 135.6
1903000 135.6
1903010 135.6
