1900000 134.9
1900010 134.9
1900020 134.9
1900030 135.0
1900040 135.1
1900050 135.1
1900060 135.2
1900070 135.4
1900080 135.4
1900090 135.6
1900100 135.9
1900110 135.9
1900120 136.3
1900130 136.7
1900140 136.7
1900150 137.2
1900160 137.7
1900170 137.7
1900180 138.2
1900190 138.5
1900200 138.5
1900210 138.6
1900220 138.6
1900230 138.6
1900240 138.5
1900250 138.4
1900260 138.4
1900270 138.1
1900280 137.9
1900290 138.0
1900300 137.8
1900310 137.7
1900320 137.7
1900330 137.5
1900340 137.5
1900350 137.5
1900360 137.5
1900370 137.4
1900380 137.4
1900390 137.3
1900400 137.1
1900410 137.1
1900420 136.9
1900430 136.9
1900440 136.9
1900450 136.8
1900460 136.7
1900470 136.7
1900480 136.6
1900490 136.5
1900500 136.5
1900510 136.5
1900520 136.5
1900530 136.5
1900540 136.4
1900550 136.3
1900560 136.3
1900570 136.3
1900580 136.3
1900590 136.3
1900600 136.3
1900610 136.3
1900620 136.3
1900630 136.3
1900640 136.3
1900650 136.3
1900660 136.3
1900670 136.3
1900680 136.0
1900690 136.0
1900700 135.9
1900710 135.9
1900720 135.9
1900730 135.9
1900740 136.0
1900750 136.0
1900760 136.0
1900770 136.0
1900780 136.0
1900790 136.1
1900800 136.2
1900810 136.2
1900820 136.3
1900830 136.3
1900840 136.3
1900850 136.3
1900860 136.3
1900870 136.3
1900880 136.2
1900890 136.1
1900900 136.1
1900910 135.7
1900920 135.7
1900930 135.7
1900940 135.6
1900950 135.6
1900960 135.6
1900970 135.6
1900980 135.6
1900990 135.6
1901000 135.6
1901010 135.5
1901020 135.5
1901030 135.5
1901040 135.5
1901050 135.5
1901060 135.5
1901070 135.5
1901080 135.5
1901090 135.6
1901100 135.6
1901110 135.6
1901120 135.7
1901130 135.7
1901140 135.7
1901150 135.8
1901160 135.8
1901170 135.8
1901180 135.9
1901190 135.9
1901200 135.9
1901210 135.9
1901220 135.9
1901230 135.9
1901240 135.8
1901250 135.8
1901260 135.8
1901270 135.8
1901280 135.9
1901290 135.9
1901300 135.9
1901310 135.9
1901320 135.9
1901330 135.9
1901340 135.9
1901350 135.9
1901360 135.9
1901370 135.8
1901380 135.8
1901390 135.8
1901400 135.8
1901410 135.8
1901420 135.9
1901430 136.0
1901440 136.0
1901450 136.0
1901460 136.0
1901470 136.0
1901480 136.0
1901490 136.0
1901500 136.0
1901510 136.0
1901520 135.9
1901530 135.9
1901540 135.9
1901550 135.8
1901560 135.8
1901570 135.7
1901580 135.7
1901590 135.7
1901600 135.6
1901610 135.6
1901620 135.6
1901630 135.7
1901640 135.7
1901650 135.7
1901660 135.8
1901670 135.8
1901680 135.8
1901690 135.9
1901700 136.0
1901710 136.0
1901720 136.0
1901730 135.9
1901740 135.9
1901750 135.9
1901760 135.9
1901770 135.9
1901780 135.9
1901790 135.9
1901800 135.9
1901810 135.9
1901820 135.9
1901830 135.9
1901840 135.8
1901850 135.8
1901860 135.8
1901870 136.0
1901880 136.2
1901890 136.2
1901900 135.9
1901910 135.8
1901920 135.8
1901930 135.9
1901940 135.9
1901950 135.9
1901960 135.9
1901970 135.9
1901980 135.9
1901990 135.9
1902000 135.9
1902010 135.9
1902020 135.8
1902030 135.8
1902040 135.8
1902050 135.8
1902060 135.8
1902070 135.8
1902080 135.8
1902090 135.8
1902100 135.8
1902110 135.9
1902120 136.0
1902130 136.0
1902140 136.2
1902150 136.5
1902160 136.5
1902170 136.8
1902180 137.1
1902190 137.1
1902200 137.3
1902210 137.4
1902220 137.4
1902230 137.6
1902240 137.5
1902250 137.5
1902260 137.3
1902270 137.1
1902280 136.9
1902290 136.9
1902300 136.5
1902310 136.2
1902320 136.2
1902330 135.8
1902340 135.4
1902350 135.4
1902360 135.0
1902370 134.7
1902380 134.7
1902390 134.4
1902400 134.2
1902410 134.2
1902420 134.0
1902430 134.0
1902440 134.0
1902450 134.0
1902460 134.2
1902470 134.2
1902480 134.4
1902490 134.6
1902500 134.6
1902510 134.8
1902520 134.9
1902530 134.9
1902540 135.1
1902550 135.1
1902560 135.1
1902570 135.1
1902580 135.1
1902590 135.1
1902600 135.0
1902610 135.1
1902620 135.1
1902630 135.1
1902640 135.1
1902650 135.1
1902660 135.1
1902670 135.2
1902680 135.2
1902690 135.2
1902700 135.2
1902710 135.2
1902720 135.2
1902730 135.2
1902740 135.2
1902750 135.2
1902760 135.2
1902770 135.2
1902780 135.3
1902790 135.4
1902800 135.4
1902810 135.4
1902820 135.4
1902830 135.4
1902840 135.5
1902850 135.6
1902860 135.6
1902870 135.6
1902880 135.6
1902890 135.6
1902900 135.6
1902910 135.6
1902920 135.6
1902930 135.5
1902940 135.5
1902950 135.5
1902960 135.5
1902970 135.4
1902980 135.4
1902990 135.3
1903000 135.2
1903010 135.2
