1900000 134.9
1900010 134.9
1900020 134.9
1900030 134.8
1900040 134.8
1900050 134.9
1900060 135.0
1900070 135.0
1900080 135.0
1900090 135.0
1900100 135.0
1900110 135.0
1900120 135.1
1900130 135.2
1900140 135.2
1900150 135.4
1900160 135.6
1900170 135.6
1900180 135.9
1900190 136.3
1900200 136.3
1900210 136.8
1900220 137.3
1900230 137.3
1900240 137.8
1900250 138.0
1900260 138.0
1900270 138.0
1900280 138.0
1900290 138.0
1900300 138.1
1900310 138.1
1900320 138.1
1900330 138.0
1900340 137.8
1900350 137.8
1900360 137.8
1900370 137.6
1900380 137.6
1900390 137.6
1900400 137.6
1900410 137.6
1900420 137.6
1900430 137.5
1900440 137.5
1900450 137.4
1900460 137.3
1900470 137.3
1900480 137.1
1900490 137.0
1900500 137.0
1900510 137.0
1900520 137.0
1900530 137.0
1900540 136.9
1900550 136.8
1900560 136.8
1900570 136.7
1900580 136.6
1900590 136.6
1900600 136.6
1900610 136.6
1900620 136.6
1900630 136.8
1900640 136.9
1900650 136.9
1900660 136.8
1900670 136.8
1900680 136.8
1900690 136.7
1900700 136.6
1900710 136.3
1900720 136.2
1900730 136.0
1900740 136.0
1900750 135.9
1900760 135.8
1900770 135.8
1900780 135.8
1900790 135.8
1900800 135.8
1900810 135.8
1900820 135.8
1900830 135.8
1900840 135.7
1900850 135.7
1900860 135.7
1900870 135.7
1900880 135.7
1900890 135.7
1900900 135.7
1900910 135.7
1900920 135.7
1900930 135.8
1900940 135.8
1900950 135.8
1900960 135.8
1900970 135.8
1900980 135.8
1900990 135.8
1901000 135.8
1901010 135.8
1901020 135.8
1901030 135.8
1901040 135.8
1901050 135.8
1901060 135.8
1901070 135.8
1901080 135.8
1901090 135.8
1901100 135.8
1901110 135.8
1901120 135.8
1901130 135.8
1901140 135.8
1901150 135.8
1901160 135.8
1901170 135.9
1901180 135.9
1901190 135.9
1901200 135.9
1901210 135.9
1901220 135.9
1901230 135.9
1901240 136.0
1901250 136.0
1901260 136.0
1901270 136.0
1901280 136.0
1901290 135.9
1901300 135.9
1901310 135.9
1901320 135.9
1901330 135.9
1901340 135.9
1901350 135.8
1901360 135.8
1901370 135.8
1901380 135.8
1901390 135.9
1901400 135.9
1901410 135.9
1901420 135.9
1901430 135.9
1901440 135.9
1901450 135.9
1901460 135.9
1901470 136.0
1901480 136.0
1901490 136.0
1901500 136.0
1901510 136.0
1901520 136.0
1901530 136.0
1901540 136.0
1901550 136.0
1901560 135.9
1901570 135.9
1901580 135.9
1901590 135.8
1901600 135.7
1901610 135.7
1901620 135.7
1901630 135.7
1901640 135.7
1901650 135.7
1901660 135.8
1901670 135.8
1901680 135.9
1901690 135.9
1901700 135.9
1901710 135.9
1901720 136.0
1901730 136.0
1901740 136.1
1901750 136.1
1901760 136.1
1901770 136.1
1901780 136.0
1901790 136.0
1901800 136.0
1901810 136.0
1901820 136.0
1901830 136.0
1901840 136.0
1901850 135.9
1901860 135.9
1901870 136.1
1901880 136.2
1901890 136.2
1901900 136.1
1901910 136.0
1901920 136.0
1901930 136.1
1901940 136.1
1901950 136.1
1901960 136.1
1901970 136.2
1901980 136.2
1901990 136.2
1902000 136.2
1902010 136.2
1902020 136.3
1902030 136.3
1902040 136.3
1902050 136.4
1902060 136.5
1902070 136.5
1902080 136.6
1902090 136.7
1902100 136.7
1902110 136.9
1902120 137.0
1902130 137.0
1902140 137.2
1902150 137.3
1902160 137.3
1902170 137.4
1902180 137.5
1902190 137.5
1902200 137.5
1902210 137.3
1902220 137.3
1902230 137.0
1902240 136.6
1902250 136.6
1902260 135.8
1902270 135.4
1902280 135.4
1902290 135.0
1902300 134.8
1902310 134.8
1902320 134.6
1902330 134.4
1902340 134.4
1902350 134.3
1902360 134.2
1902370 134.2
1902380 134.1
1902390 134.1
1902400 134.1
1902410 134.2
1902420 134.3
1902430 134.3
1902440 134.4
1902450 134.7
1902460 134.7
1902470 134.9
1902480 135.1
1902490 135.1
1902500 135.2
1902510 135.3
1902520 135.3
1902530 135.3
1902540 135.3
1902550 135.3
1902560 135.3
1902570 135.3
1902580 135.3
1902590 135.4
1902600 135.5
1902610 135.5
1902620 135.5
1902630 135.5
1902640 135.5
1902650 135.4
1902660 135.4
1902670 135.4
1902680 135.4
1902690 135.4
1902700 135.4
1902710 135.4
1902720 135.3
1902730 135.3
1902740 135.3
1902750 135.3
1902760 135.3
1902770 135.3
1902780 135.4
1902790 135.4
1902800 135.4
1902810 135.4
1902820 135.4
1902830 135.5
1902840 135.5
1902850 135.5
1902860 135.5
1902870 135.6
1902880 135.6
1902890 135.6
1902900 135.5
1902910 135.5
1902920 135.4
1902930 135.4
1902940 135.4
1902950 135.3
1902960 135.2
1902970 135.2
1902980 135.1
1902990 135.1
1903000 135.1
1903010 135.1
