1900000 135.0
1900010 134.9
1900020 134.9
1900030 134.9
1900040 134.8
1900050 134.8
1900060 134.8
1900070 134.8
1900080 134.7
1900090 134.7
1900100 134.8
1900110 134.8
1900120 134.8
1900130 134.8
1900140 134.8
1900150 134.8
1900160 134.8
1900170 134.8
1900180 134.8
1900190 134.9
1900200 134.9
1900210 134.9
1900220 135.0
1900230 135.0
1900240 135.0
1900250 135.1
1900260 135.1
1900270 135.1
1900280 135.1
1900290 135.2
1900300 135.2
1900310 135.4
1900320 135.7
1900330 135.7
1900340 136.1
1900350 136.7
1900360 136.7
1900370 137.4
1900380 137.9
1900390 137.9
1900400 138.3
1900410 138.4
1900420 138.4
1900430 138.4
1900440 138.3
1900450 138.3
1900460 138.0
1900470 137.8
1900480 137.8
1900490 137.6
1900500 137.4
1900510 137.4
1900520 137.2
1900530 137.2
1900540 137.2
1900550 137.1
1900560 137.0
1900570 137.0
1900580 136.9
1900590 136.7
1900600 136.8
1900610 136.7
1900620 136.7
1900630 136.7
1900640 136.7
1900650 136.6
1900660 136.6
1900670 136.6
1900680 136.5
1900690 136.5
1900700 136.5
1900710 136.4
1900720 136.3
1900730 136.3
1900740 136.3
1900750 136.3
1900760 136.3
1900770 136.2
1900780 136.2
1900790 136.2
1900800 136.2
1900810 136.2
1900820 136.2
1900830 136.1
1900840 136.1
1900850 136.1
1900860 136.0
1900870 136.0
1900880 136.0
1900890 136.0
1900900 136.0
1900910 136.0
1900920 136.0
1900930 136.0
1900940 136.0
1900950 136.0
1900960 135.9
1900970 135.9
1900980 135.9
1900990 135.9
1901000 135.9
1901010 135.9
1901020 136.0
1901030 136.0
1901040 135.9
1901050 135.9
1901060 135.9
1901070 135.8
1901080 135.8
1901090 135.8
1901100 135.8
1901110 135.8
1901120 135.8
1901130 135.8
1901140 135.9
1901150 135.9
1901160 135.9
1901170 135.9
1901180 135.9
1901190 135.9
1901200 135.9
1901210 135.9
1901220 136.0
1901230 136.0
1901240 136.0
1901250 136.0
1901260 136.0
1901270 136.0
1901280 136.0
1901290 136.0
1901300 136.0
1901310 136.0
1901320 136.0
1901330 136.0
1901340 136.0
1901350 136.1
1901360 136.1
1901370 136.1
1901380 136.1
1901390 136.1
1901400 136.1
1901410 136.1
1901420 136.1
1901430 136.1
1901440 136.1
1901450 136.1
1901460 136.2
1901470 136.2
1901480 136.2
1901490 136.2
1901500 136.1
1901510 136.1
1901520 136.1
1901530 136.1
1901540 136.1
1901550 136.0
1901560 136.0
1901570 136.0
1901580 136.0
1901590 136.0
1901600 136.0
1901610 136.0
1901620 136.1
1901630 136.1
1901640 136.1
1901650 136.1
1901660 136.1
1901670 136.0
1901680 136.0
1901690 136.0
1901700 136.0
1901710 136.0
1901720 136.0
1901730 136.1
1901740 136.1
1901750 136.1
1901760 136.1
1901770 136.2
1901780 136.2
1901790 136.2
1901800 136.2
1901810 136.2
1901820 136.2
1901830 136.3
1901840 136.4
1901850 136.4
1901860 136.3
1901870 136.3
1901880 136.3
1901890 136.5
1901900 136.5
1901910 136.6
1901920 136.5
1901930 136.5
1901940 136.6
1901950 136.8
1901960 136.8
1901970 137.0
1901980 137.2
1901990 137.2
1902000 137.4
1902010 137.5
1902020 137.5
1902030 137.6
1902040 137.7
1902050 137.7
1902060 137.7
1902070 137.6
1902080 137.6
1902090 137.5
1902100 137.3
1902110 137.3
1902120 137.1
1902130 136.7
1902140 136.7
1902150 136.1
1902160 135.7
1902170 135.7
1902180 135.4
1902190 135.0
1902200 135.0
1902210 134.6
1902220 134.4
1902230 134.4
1902240 134.2
1902250 134.2
1902260 134.2
1902270 134.2
1902280 134.2
1902290 134.2
1902300 134.2
1902310 134.2
1902320 134.4
1902330 134.4
1902340 134.6
1902350 134.8
1902360 134.8
1902370 135.1
1902380 135.3
1902390 135.3
1902400 135.4
1902410 135.4
1902420 135.4
1902430 135.4
1902440 135.5
1902450 135.5
1902460 135.5
1902470 135.5
1902480 135.5
1902490 135.5
1902500 135.5
1902510 135.5
1902520 135.6
1902530 135.6
1902540 135.6
1902550 135.6
1902560 135.6
1902570 135.6
1902580 135.6
1902590 135.6
1902600 135.6
1902610 135.5
1902620 135.5
1902630 135.5
1902640 135.6
1902650 135.6
1902660 135.6
1902670 135.5
1902680 135.5
1902690 135.5
1902700 135.4
1902710 135.4
1902720 135.4
1902730 135.4
1902740 135.4
1902750 135.4
1902760 135.3
1902770 135.2
1902780 135.2
1902790 135.2
1902800 135.2
1902810 135.2
1902820 135.3
1902830 135.3
1902840 135.3
1902850 135.4
1902860 135.4
1902870 135.4
1902880 135.4
1902890 135.3
1902900 135.3
1902910 135.2
1902920 135.1
1902930 135.1
1902940 135.0
1902950 134.9
1902960 134.9
1902970 134.8
1902980 134.7
1902990 134.7
1903000 134.7
1903010 134.7
1903020 134.7
