1900000 134.8
1900010 134.8
1900020 134.8
1900030 134.8
1900040 134.8
1900050 134.8
1900060 134.8
1900070 134.8
1900080 134.8
1900090 134.8
1900100 134.9
1900110 134.9
1900120 135.0
1900130 135.1
1900140 135.1
1900150 135.1
1900160 135.1
1900170 135.1
1900180 135.1
1900190 134.9
1900200 134.9
1900210 134.9
1900220 134.8
1900230 134.8
1900240 134.8
1900250 134.8
1900260 134.8
1900270 134.8
1900280 134.7
1900290 134.7
1900300 134.7
1900310 134.7
1900320 134.7
1900330 134.8
1900340 134.9
1900350 134.9
1900360 135.0
1900370 135.1
1900380 135.1
1900390 135.1
1900400 135.1
1900410 135.1
1900420 135.2
1900430 135.5
1900440 135.5
1900450 135.8
1900460 136.2
1900470 136.2
1900480 136.7
1900490 137.0
1900500 137.0
1900510 137.3
1900520 137.5
1900530 137.5
1900540 137.5
1900550 137.5
1900560 137.5
1900570 137.3
1900580 137.2
1900590 137.2
1900600 137.0
1900610 136.8
1900620 136.8
1900630 136.7
1900640 136.6
1900650 136.6
1900660 136.6
1900670 136.5
1900680 136.5
1900690 136.4
1900700 136.4
1900710 136.3
1900720 136.2
1900730 136.2
1900740 136.2
1900750 136.1
1900760 136.1
1900770 136.1
1900780 136.1
1900790 136.2
1900800 136.2
1900810 136.2
1900820 136.1
1900830 136.1
1900840 136.0
1900850 136.0
1900860 136.0
1900870 135.9
1900880 135.9
1900890 135.9
1900900 135.9
1900910 135.9
1900920 135.9
1900930 135.9
1900940 135.9
1900950 135.9
1900960 135.9
1900970 135.9
1900980 135.9
1900990 135.9
1901000 135.9
1901010 135.9
1901020 135.8
1901030 135.8
1901040 135.8
1901050 135.8
1901060 135.9
1901070 135.9
1901080 135.9
1901090 135.9
1901100 135.9
1901110 136.0
1901120 136.0
1901130 136.0
1901140 136.0
1901150 136.0
1901160 136.0
1901170 136.0
1901180 136.0
1901190 136.0
1901200 136.0
1901210 136.0
1901220 136.0
1901230 135.9
1901240 136.0
1901250 136.0
1901260 136.0
1901270 136.0
1901280 136.0
1901290 136.0
1901300 136.1
1901310 136.1
1901320 136.1
1901330 136.2
1901340 136.2
1901350 136.3
1901360 136.3
1901370 136.3
1901380 136.3
1901390 136.4
1901400 136.4
1901410 136.4
1901420 136.4
1901430 136.4
1901440 136.4
1901450 136.5
1901460 136.5
1901470 136.5
1901480 136.5
1901490 136.5
1901500 136.6
1901510 136.7
1901520 136.7
1901530 136.7
1901540 136.8
1901550 136.8
1901560 136.9
1901570 136.9
1901580 136.9
1901590 136.9
1901600 136.9
1901610 136.9
1901620 136.9
1901630 136.9
1901640 137.0
1901650 137.0
1901660 137.0
1901670 137.1
1901680 137.1
1901690 137.2
1901700 137.2
1901710 137.2
1901720 137.2
1901730 137.1
1901740 137.1
1901750 137.1
1901760 137.1
1901770 137.1
1901780 137.1
1901790 137.1
1901800 137.1
1901810 137.0
1901820 137.1
1901830 137.1
1901840 137.1
1901850 137.3
1901860 137.3
1901870 137.3
1901880 137.2
1901890 137.2
1901900 137.4
1901910 137.6
1901920 137.6
1901930 137.5
1901940 137.4
1901950 137.3
1901960 137.2
1901970 137.1
1901980 137.1
1901990 136.8
1902000 136.6
1902010 136.6
1902020 136.3
1902030 136.0
1902040 136.0
1902050 135.7
1902060 135.5
1902070 135.5
1902080 135.3
1902090 135.1
1902100 135.1
1902110 134.9
1902120 134.7
1902130 134.7
1902140 134.5
1902150 134.3
1902160 134.3
1902170 134.2
1902180 134.2
1902190 134.2
1902200 134.2
1902210 134.2
1902220 134.2
1902230 134.4
1902240 134.7
1902250 134.7
1902260 135.2
1902270 135.4
1902280 135.4
1902290 135.5
1902300 135.5
1902310 135.5
1902320 135.6
1902330 135.6
1902340 135.6
1902350 135.7
1902360 135.7
1902370 135.7
1902380 135.7
1902390 135.7
1902400 135.7
1902410 135.6
1902420 135.6
1902430 135.6
1902440 135.5
1902450 135.5
1902460 135.5
1902470 135.5
1902480 135.6
1902490 135.6
1902500 135.6
1902510 135.7
1902520 135.7
1902530 135.7
1902540 135.7
1902550 135.7
1902560 135.6
1902570 135.5
1902580 135.5
1902590 135.4
1902600 135.3
1902610 135.3
1902620 135.2
1902630 135.1
1902640 135.1
1902650 135.1
1902660 135.1
1902670 135.1
1902680 135.0
1902690 135.0
1902700 135.0
1902710 134.9
1902720 134.9
1902730 134.9
1902740 134.9
1902750 134.9
1902760 134.9
1902770 134.9
1902780 134.8
1902790 134.8
1902800 134.8
1902810 134.7
1902820 134.7
1902830 134.7
1902840 134.7
1902850 134.7
1902860 134.7
1902870 134.6
1902880 134.6
1902890 134.6
1902900 134.7
1902910 134.7
1902920 134.7
1902930 134.8
1902940 134.8
1902950 134.9
1902960 135.0
1902970 135.0
1902980 135.0
1902990 135.1
1903000 135.1
1903010 135.1
1903020 135.1
1903030 135.1
