1900000 137.5
1900010 137.4
1900020 137.4
1900030 137.4
1900040 137.2
1900050 137.2
1900060 137.1
1900070 137.0
1900080 137.0
1900090 136.8
1900100 136.7
1900110 136.7
1900120 136.7
1900130 136.6
1900140 136.6
1900150 136.6
1900160 136.5
1900170 136.5
1900180 136.5
1900190 136.5
1900200 136.5
1900210 136.5
1900220 136.4
1900230 136.4
1900240 136.4
1900250 136.4
1900260 136.3
1900270 136.3
1900280 136.3
1900290 136.3
1900300 136.3
1900310 136.3
1900320 136.4
1900330 136.4
1900340 136.4
1900350 136.3
1900360 136.3
1900370 136.2
1900380 136.3
1900390 136.3
1900400 136.3
1900410 136.4
1900420 136.4
1900430 136.6
1900440 136.7
1900450 136.7
1900460 136.8
1900470 136.9
1900480 136.9
1900490 137.0
1900500 137.0
1900510 137.0
1900520 137.0
1900530 137.0
1900540 137.0
1900550 137.0
1900560 137.0
1900570 137.0
1900580 136.9
1900590 136.9
1900600 136.9
1900610 136.9
1900620 136.8
1900630 136.8
1900640 136.7
1900650 136.6
1900660 136.6
1900670 136.5
1900680 136.4
1900690 136.4
1900700 136.3
1900710 136.2
1900720 136.2
1900730 136.1
1900740 136.0
1900750 136.0
1900760 135.9
1900770 135.9
1900780 135.9
1900790 135.8
1900800 135.8
1900810 135.8
1900820 135.8
1900830 135.9
1900840 135.9
1900850 135.9
1900860 135.9
1900870 135.9
1900880 135.9
1900890 135.8
1900900 135.8
1900910 135.8
1900920 135.8
1900930 135.8
1900940 135.8
1900950 135.7
1900960 135.7
1900970 135.7
1900980 135.8
1900990 135.8
1901000 135.7
1901010 135.7
1901020 135.7
1901030 135.7
1901040 135.7
1901050 135.7
1901060 135.8
1901070 135.8
1901080 135.8
1901090 135.7
1901100 135.7
1901110 135.7
1901120 135.6
1901130 135.6
1901140 135.6
1901150 135.6
1901160 135.5
1901170 135.5
1901180 135.5
1901190 135.5
1901200 135.5
1901210 135.5
1901220 135.5
1901230 135.5
1901240 135.5
1901250 135.5
1901260 135.5
1901270 135.5
1901280 135.5
1901290 135.5
1901300 135.5
1901310 135.4
1901320 135.4
1901330 135.4
1901340 135.4
1901350 135.4
1901360 135.4
1901370 135.4
1901380 135.4
1901390 135.4
1901400 135.5
1901410 135.5
1901420 135.5
1901430 135.4
1901440 135.4
1901450 135.4
1901460 135.4
1901470 135.4
1901480 135.4
1901490 135.4
1901500 135.4
1901510 135.4
1901520 135.4
1901530 135.4
1901540 135.3
1901550 135.3
1901560 135.3
1901570 135.2
1901580 135.3
1901590 135.3
1901600 135.3
1901610 135.3
1901620 135.3
1901630 135.3
1901640 135.5
1901650 135.5
1901660 135.5
1901670 135.3
1901680 135.3
1901690 135.4
1901700 135.5
1901710 135.5
1901720 135.6
1901730 135.7
1901740 135.6
1901750 135.6
1901760 135.6
1901770 135.6
1901780 135.5
1901790 135.4
1901800 135.4
1901810 135.4
1901820 135.4
1901830 135.4
1901840 135.4
1901850 135.6
1901860 135.8
1901870 135.8
1901880 135.6
1901890 135.4
1901900 135.4
1901910 135.4
1901920 135.3
1901930 135.3
1901940 135.4
1901950 135.5
1901960 135.5
1901970 135.5
1901980 135.6
1901990 135.6
1902000 135.7
1902010 135.7
1902020 135.7
1902030 135.8
1902040 135.9
1902050 135.9
1902060 136.1
1902070 136.3
1902080 136.3
1902090 136.5
1902100 136.7
1902110 136.7
1902120 136.8
1902130 137.0
1902140 137.0
1902150 137.2
1902160 137.4
1902170 137.4
1902180 137.6
1902190 137.7
1902200 137.7
1902210 137.9
1902220 138.0
1902230 138.0
1902240 138.1
1902250 138.2
1902260 138.2
1902270 138.2
1902280 138.2
1902290 138.2
1902300 138.2
1902310 138.2
1902320 138.2
1902330 138.2
1902340 138.2
1902350 138.2
1902360 138.2
1902370 138.2
1902380 138.2
1902390 138.3
1902400 138.3
1902410 138.3
1902420 138.3
1902430 138.3
1902440 138.3
1902450 138.3
1902460 138.2
1902470 138.2
1902480 138.1
1902490 137.9
1902500 137.9
1902510 137.6
1902520 137.3
1902530 137.3
1902540 137.0
1902550 136.7
1902560 136.7
1902570 136.5
1902580 136.3
1902590 136.3
1902600 136.1
1902610 136.0
1902620 136.0
1902630 136.0
1902640 136.2
1902650 136.2
1902660 136.2
1902670 136.1
1902680 136.1
1902690 136.1
1902700 136.1
1902710 136.1
1902720 136.1
1902730 136.0
1902740 136.0
1902750 135.9
1902760 135.8
1902770 135.8
1902780 135.8
1902790 135.7
1902800 135.7
1902810 135.6
1902820 135.5
1902830 135.5
1902840 135.4
1902850 135.3
1902860 135.3
1902870 135.2
1902880 135.1
1902890 135.1
1902900 135.1
1902910 135.1
1902920 135.1
1902930 135.1
1902940 135.0
1902950 135.0
1902960 135.0
1902970 135.0
1902980 134.9
1902990 134.8
1903000 134.8
1903010 134.8
