1900000 138.3
1900010 138.5
1900020 138.7
1900030 138.7
1900040 138.9
1900050 138.8
1900060 138.8
1900070 138.7
1900080 138.5
1900090 138.4
1900100 138.4
1900110 138.3
1900120 138.2
1900130 138.2
1900140 138.0
1900150 137.9
1900160 137.9
1900170 137.9
1900180 137.8
1900190 137.8
1900200 137.9
1900210 138.0
1900220 138.0
1900230 137.9
1900240 137.9
1900250 137.9
1900260 137.8
1900270 137.7
1900280 137.7
1900290 137.6
1900300 137.6
1900310 137.6
1900320 137.6
1900330 137.5
1900340 137.5
1900350 137.4
1900360 137.4
1900370 137.4
1900380 137.4
1900390 137.3
1900400 137.4
1900410 137.3
1900420 137.2
1900430 137.2
1900440 137.2
1900450 137.2
1900460 137.2
1900470 137.2
1900480 137.2
1900490 137.2
1900500 137.1
1900510 137.1
1900520 137.1
1900530 137.1
1900540 136.9
1900550 136.9
1900560 136.6
1900570 136.4
1900580 136.4
1900590 136.3
1900600 136.2
1900610 136.2
1900620 136.1
1900630 136.1
1900640 136.1
1900650 136.0
1900660 136.0
1900670 136.0
1900680 135.9
1900690 135.9
1900700 135.9
1900710 135.9
1900720 135.9
1900730 135.9
1900740 136.0
1900750 136.0
1900760 136.0
1900770 136.0
1900780 136.0
1900790 136.0
1900800 135.9
1900810 135.9
1900820 135.9
1900830 135.9
1900840 135.9
1900850 135.9
1900860 135.9
1900870 135.9
1900880 135.9
1900890 135.9
1900900 135.8
1900910 135.8
1900920 135.8
1900930 135.7
1900940 135.7
1900950 135.7
1900960 135.7
1900970 135.7
1900980 135.7
1900990 135.7
1901000 135.7
1901010 135.6
1901020 135.6
1901030 135.6
1901040 135.6
1901050 135.6
1901060 135.6
1901070 135.5
1901080 135.5
1901090 135.5
1901100 135.6
1901110 135.6
1901120 135.6
1901130 135.7
1901140 135.8
1901150 135.8
1901160 136.0
1901170 136.1
1901180 136.1
1901190 136.1
1901200 136.1
1901210 136.1
1901220 135.9
1901230 135.7
1901240 135.7
1901250 135.6
1901260 135.5
1901270 135.5
1901280 135.4
1901290 135.4
1901300 135.4
1901310 135.3
1901320 135.3
1901330 135.3
1901340 135.3
1901350 135.3
1901360 135.3
1901370 135.4
1901380 135.5
1901390 135.5
1901400 135.5
1901410 135.5
1901420 135.5
1901430 135.6
1901440 135.7
1901450 135.7
1901460 135.8
1901470 135.8
1901480 135.8
1901490 135.8
1901500 135.8
1901510 135.8
1901520 135.8
1901530 135.8
1901540 135.8
1901550 135.8
1901560 135.7
1901570 135.7
1901580 135.7
1901590 135.6
1901600 135.6
1901610 135.6
1901620 135.7
1901630 135.7
1901640 135.7
1901650 135.7
1901660 135.7
1901670 135.7
1901680 135.7
1901690 135.7
1901700 135.7
1901710 135.7
1901720 135.6
1901730 135.6
1901740 135.6
1901750 135.5
1901760 135.5
1901770 135.5
1901780 135.4
1901790 135.4
1901800 135.4
1901810 135.4
1901820 135.4
1901830 135.4
1901840 135.4
1901850 135.4
1901860 135.7
1901870 135.6
1901880 135.6
1901890 135.5
1901900 135.5
1901910 135.5
1901920 135.6
1901930 135.5
1901940 135.5
1901950 135.4
1901960 135.4
1901970 135.4
1901980 135.3
1901990 135.3
1902000 135.3
1902010 135.3
1902020 135.4
1902030 135.4
1902040 135.6
1902050 135.6
1902060 135.6
1902070 135.6
1902080 135.6
1902090 135.6
1902100 135.6
1902110 135.8
1902120 135.8
1902130 135.9
1902140 136.1
1902150 136.1
1902160 136.4
1902170 136.6
1902180 136.6
1902190 137.0
1902200 137.3
1902210 137.3
1902220 137.5
1902230 137.7
1902240 137.7
1902250 137.9
1902260 138.0
1902270 138.0
1902280 138.1
1902290 138.1
1902300 138.1
1902310 138.2
1902320 138.1
1902330 138.1
1902340 138.1
1902350 137.9
1902360 137.9
1902370 137.6
1902380 137.3
1902390 137.3
1902400 137.0
1902410 136.7
1902420 136.7
1902430 136.4
1902440 136.0
1902450 136.0
1902460 135.6
1902470 135.4
1902480 135.4
1902490 135.0
1902500 134.7
1902510 134.7
1902520 134.5
1902530 134.3
1902540 134.3
1902550 134.2
1902560 134.1
1902570 134.0
1902580 133.9
1902590 133.9
1902600 133.9
1902610 133.9
1902620 133.9
1902630 133.9
1902640 134.1
1902650 134.1
1902660 134.1
1902670 134.3
1902680 134.3
1902690 134.3
1902700 134.5
1902710 134.6
1902720 134.6
1902730 134.8
1902740 134.8
1902750 134.8
1902760 134.8
1902770 134.7
1902780 134.7
1902790 134.7
1902800 134.7
1902810 134.7
1902820 134.7
1902830 134.7
1902840 134.7
1902850 134.7
1902860 134.7
1902870 134.7
1902880 134.8
1902890 134.9
1902900 134.9
1902910 134.9
1902920 134.9
1902930 134.9
1902940 134.9
1902950 134.9
1902960 134.9
1902970 134.9
1902980 135.0
1902990 135.0
1903000 135.1
1903010 135.1
1903020 135.1
