1900000 134.9
1900010 134.8
1900020 134.8
1900030 134.8
1900040 134.8
1900050 134.8
1900060 134.8
1900070 134.9
1900080 134.9
1900090 134.9
1900100 134.9
1900110 134.9
1900120 134.9
1900130 134.9
1900140 134.9
1900150 134.9
1900160 134.8
1900170 134.8
1900180 134.9
1900190 135.0
1900200 135.0
1900210 135.1
1900220 135.1
1900230 135.1
1900240 135.0
1900250 134.8
1900260 134.8
1900270 134.7
1900280 134.7
1900290 134.7
1900300 134.7
1900310 134.7
1900320 134.7
1900330 134.8
1900340 134.8
1900350 134.8
1900360 134.9
1900370 135.0
1900380 135.0
1900390 135.1
1900400 135.3
1900410 135.3
1900420 135.6
1900430 136.0
1900440 136.0
1900450 136.5
1900460 136.9
1900470 136.9
1900480 137.3
1900490 137.5
1900500 137.5
1900510 137.6
1900520 137.6
1900530 137.6
1900540 137.5
1900550 137.3
1900560 137.3
1900570 137.2
1900580 137.1
1900590 137.1
1900600 137.0
1900610 136.9
1900620 136.9
1900630 136.8
1900640 136.7
1900650 136.7
1900660 136.6
1900670 136.6
1900680 136.6
1900690 136.5
1900700 136.4
1900710 136.4
1900720 136.3
1900730 136.3
1900740 136.3
1900750 136.2
1900760 136.2
1900770 136.2
1900780 136.2
1900790 136.2
1900800 136.2
1900810 136.1
1900820 136.0
1900830 136.0
1900840 136.0
1900850 136.0
1900860 136.0
1900870 135.9
1900880 135.9
1900890 135.9
1900900 135.9
1900910 135.8
1900920 135.8
1900930 135.8
1900940 135.8
1900950 135.8
1900960 135.8
1900970 135.8
1900980 135.8
1900990 135.8
1901000 135.8
1901010 135.8
1901020 135.9
1901030 135.9
1901040 135.9
1901050 135.9
1901060 135.8
1901070 135.8
1901080 135.8
1901090 135.8
1901100 135.7
1901110 135.7
1901120 135.7
1901130 135.8
1901140 135.8
1901150 135.8
1901160 135.9
1901170 135.9
1901180 135.9
1901190 135.9
1901200 135.9
1901210 135.9
1901220 135.9
1901230 135.9
1901240 136.0
1901250 136.0
1901260 136.0
1901270 136.0
1901280 136.0
1901290 136.0
1901300 136.1
1901310 136.1
1901320 136.1
1901330 136.1
1901340 136.2
1901350 136.2
1901360 136.2
1901370 136.3
1901380 136.3
1901390 136.3
1901400 136.4
1901410 136.4
1901420 136.4
1901430 136.4
1901440 136.4
1901450 136.4
1901460 136.3
1901470 136.3
1901480 136.3
1901490 136.4
1901500 136.4
1901510 136.5
1901520 136.5
1901530 136.5
1901540 136.5
1901550 136.5
1901560 136.5
1901570 136.6
1901580 136.6
1901590 136.6
1901600 136.7
1901610 136.7
1901620 136.7
1901630 136.7
1901640 136.9
1901650 136.9
1901660 136.9
1901670 136.9
1901680 136.9
1901690 136.8
1901700 136.8
1901710 136.8
1901720 136.9
1901730 136.9
1901740 136.9
1901750 136.9
1901760 136.9
1901770 136.9
1901780 136.9
1901790 136.9
1901800 136.9
1901810 136.8
1901820 136.9
1901830 136.9
1901840 137.0
1901850 137.2
1901860 137.2
1901870 137.3
1901880 137.3
1901890 137.3
1901900 137.5
1901910 137.7
1901920 137.7
1901930 137.6
1901940 137.5
1901950 137.4
1901960 137.5
1901970 137.5
1901980 137.5
1901990 137.3
1902000 137.1
1902010 137.1
1902020 136.8
1902030 136.4
1902040 136.4
1902050 136.1
1902060 135.8
1902070 135.8
1902080 135.6
1902090 135.4
1902100 135.4
1902110 135.2
1902120 135.0
1902130 135.0
1902140 134.7
1902150 134.4
1902160 134.4
1902170 134.3
1902180 134.1
1902190 134.1
1902200 134.1
1902210 134.1
1902220 134.1
1902230 134.2
1902240 134.5
1902250 134.5
1902260 134.8
1902270 135.1
1902280 135.1
1902290 135.2
1902300 135.5
1902310 135.5
1902320 135.6
1902330 135.7
1902340 135.7
1902350 135.6
1902360 135.6
1902370 135.6
1902380 135.6
1902390 135.6
1902400 135.6
1902410 135.5
1902420 135.5
1902430 135.5
1902440 135.5
1902450 135.6
1902460 135.6
1902470 135.7
1902480 135.6
1902490 135.6
1902500 135.6
1902510 135.7
1902520 135.7
1902530 135.7
1902540 135.8
1902550 135.8
1902560 135.8
1902570 135.7
1902580 135.7
1902590 135.6
1902600 135.5
1902610 135.5
1902620 135.5
1902630 135.4
1902640 135.4
1902650 135.3
1902660 135.2
1902670 135.2
1902680 135.2
1902690 135.1
1902700 135.1
1902710 135.1
1902720 135.2
1902730 135.1
1902740 135.1
1902750 135.1
1902760 135.1
1902770 135.1
1902780 135.0
1902790 135.0
1902800 135.0
1902810 134.9
1902820 134.8
1902830 134.8
1902840 134.7
1902850 134.6
1902860 134.6
1902870 134.6
1902880 134.6
1902890 134.6
1902900 134.6
1902910 134.6
1902920 134.6
1902930 134.6
1902940 134.7
1902950 134.7
1902960 134.7
1902970 134.8
1902980 134.8
1902990 134.9
1903000 135.0
1903010 135.0
1903020 135.0
