1900000 137.6
1900010 137.5
1900020 137.5
1900030 137.5
1900040 137.5
1900050 137.5
1900060 137.4
1900070 137.4
1900080 137.4
1900090 137.4
1900100 137.4
1900110 137.4
1900120 137.5
1900130 137.3
1900140 137.3
1900150 137.2
1900160 137.2
1900170 137.2
1900180 137.1
1900190 137.1
1900200 137.1
1900210 137.1
1900220 137.0
1900230 137.0
1900240 136.9
1900250 136.9
1900260 136.9
1900270 136.9
1900280 136.9
1900290 136.7
1900300 136.7
1900310 136.7
1900320 136.7
1900330 136.7
1900340 136.6
1900350 136.6
1900360 136.5
1900370 136.4
1900380 136.4
1900390 136.3
1900400 136.2
1900410 136.2
1900420 136.1
1900430 136.1
1900440 136.1
1900450 136.1
1900460 136.2
1900470 136.2
1900480 136.3
1900490 136.6
1900500 136.6
1900510 136.8
1900520 137.0
1900530 137.0
1900540 137.2
1900550 137.2
1900560 137.2
1900570 137.2
1900580 137.0
1900590 137.0
1900600 136.9
1900610 136.8
1900620 136.8
1900630 136.7
1900640 136.7
1900650 136.7
1900660 136.6
1900670 136.6
1900680 136.6
1900690 136.6
1900700 136.6
1900710 136.6
1900720 136.5
1900730 136.4
1900740 136.4
1900750 136.2
1900760 136.1
1900770 136.1
1900780 136.0
1900790 135.9
1900800 135.9
1900810 135.9
1900820 135.9
1900830 135.9
1900840 135.9
1900850 135.9
1900860 135.9
1900870 135.9
1900880 135.9
1900890 135.9
1900900 135.8
1900910 135.8
1900920 135.7
1900930 135.7
1900940 135.7
1900950 135.7
1900960 135.7
1900970 135.7
1900980 135.7
1900990 135.7
1901000 135.6
1901010 135.6
1901020 135.5
1901030 135.6
1901040 135.6
1901050 135.6
1901060 135.6
1901070 135.6
1901080 135.6
1901090 135.6
1901100 135.6
1901110 135.7
1901120 135.7
1901130 135.7
1901140 135.7
1901150 135.6
1901160 135.6
1901170 135.5
1901180 135.5
1901190 135.5
1901200 135.5
1901210 135.4
1901220 135.4
1901230 135.4
1901240 135.4
1901250 135.4
1901260 135.4
1901270 135.4
1901280 135.4
1901290 135.5
1901300 135.4
1901310 135.4
1901320 135.4
1901330 135.4
1901340 135.4
1901350 135.3
1901360 135.3
1901370 135.3
1901380 135.3
1901390 135.3
1901400 135.3
1901410 135.4
1901420 135.5
1901430 135.5
1901440 135.5
1901450 135.3
1901460 135.2
1901470 135.2
1901480 135.2
1901490 135.2
1901500 135.2
1901510 135.3
1901520 135.3
1901530 135.3
1901540 135.4
1901550 135.4
1901560 135.4
1901570 135.4
1901580 135.4
1901590 135.4
1901600 135.4
1901610 135.3
1901620 135.3
1901630 135.3
1901640 135.3
1901650 135.3
1901660 135.3
1901670 135.3
1901680 135.3
1901690 135.3
1901700 135.3
1901710 135.3
1901720 135.4
1901730 135.4
1901740 135.4
1901750 135.6
1901760 135.7
1901770 135.7
1901780 135.7
1901790 135.8
1901800 135.8
1901810 135.8
1901820 135.8
1901830 135.8
1901840 135.9
1901850 135.9
1901860 135.9
1901870 136.0
1901880 136.0
1901890 136.0
1901900 136.1
1901910 136.3
1901920 136.3
1901930 136.5
1901940 136.6
1901950 136.6
1901960 136.7
1901970 137.1
1901980 137.1
1901990 137.4
1902000 137.4
1902010 137.4
1902020 137.3
1902030 137.4
1902040 137.4
1902050 137.6
1902060 137.7
1902070 137.7
1902080 137.8
1902090 137.9
1902100 137.9
1902110 138.0
1902120 138.1
1902130 138.1
1902140 138.1
1902150 138.1
1902160 138.1
1902170 138.0
1902180 138.0
1902190 138.0
1902200 138.0
1902210 138.0
1902220 138.0
1902230 137.9
1902240 137.9
1902250 137.9
1902260 138.0
1902270 138.0
1902280 138.0
1902290 138.0
1902300 137.9
1902310 137.9
1902320 137.9
1902330 137.9
1902340 137.9
1902350 137.9
1902360 137.9
1902370 137.9
1902380 137.8
1902390 137.8
1902400 137.8
1902410 137.8
1902420 137.9
1902430 137.9
1902440 137.9
1902450 137.9
1902460 137.9
1902470 137.9
1902480 137.9
1902490 137.9
1902500 137.9
1902510 137.8
1902520 137.8
1902530 137.8
1902540 137.9
1902550 137.9
1902560 137.9
1902570 137.9
1902580 137.9
1902590 137.9
1902600 137.9
1902610 137.9
1902620 138.0
1902630 138.0
1902640 138.0
1902650 138.0
1902660 138.0
1902670 138.0
1902680 137.8
1902690 137.5
1902700 137.5
1902710 137.2
1902720 137.0
1902730 137.0
1902740 136.8
1902750 136.6
1902760 136.6
1902770 136.2
1902780 136.1
1902790 136.1
1902800 136.0
1902810 136.0
1902820 136.0
1902830 136.0
1902840 136.0
1902850 136.0
1902860 136.1
1902870 136.0
1902880 136.0
1902890 136.0
1902900 135.9
1902910 135.9
1902920 135.9
1902930 135.8
1902940 135.8
1902950 135.8
1902960 135.7
1902970 135.7
1902980 135.6
1902990 135.6
1903000 135.6
1903010 135.5
