1900000 135.0
1900010 134.9
1900020 134.9
1900030 134.9
1900040 134.9
1900050 134.9
1900060 134.9
1900070 134.9
1900080 134.9
1900090 134.9
1900100 135.0
1900110 135.0
1900120 135.0
1900130 135.1
1900140 135.1
1900150 135.1
1900160 134.9
1900170 134.9
1900180 135.0
1900190 135.0
1900200 135.0
1900210 135.0
1900220 134.9
1900230 134.9
1900240 134.9
1900250 134.9
1900260 134.9
1900270 134.9
1900280 134.9
1900290 134.9
1900300 134.9
1900310 134.8
1900320 134.8
1900330 134.8
1900340 135.0
1900350 135.0
1900360 135.1
1900370 135.2
1900380 135.2
1900390 135.0
1900400 135.0
1900410 135.0
1900420 134.9
1900430 135.0
1900440 135.0
1900450 135.1
1900460 135.1
1900470 135.1
1900480 135.0
1900490 135.0
1900500 135.1
1900510 135.1
1900520 135.1
1900530 135.1
1900540 135.1
1900550 135.4
1900560 135.4
1900570 135.8
1900580 136.4
1900590 136.4
1900600 137.0
1900610 137.4
1900620 137.4
1900630 137.4
1900640 137.4
1900650 137.4
1900660 137.3
1900670 137.2
1900680 137.2
1900690 137.2
1900700 137.2
1900710 137.2
1900720 137.1
1900730 137.1
1900740 137.1
1900750 137.1
1900760 137.0
1900770 137.0
1900780 137.0
1900790 136.9
1900800 136.9
1900810 136.9
1900820 136.8
1900830 136.8
1900840 136.8
1900850 136.8
1900860 136.8
1900870 136.7
1900880 136.7
1900890 136.7
1900900 136.7
1900910 136.8
1900920 136.8
1900930 136.9
1900940 137.0
1900950 137.0
1900960 137.0
1900970 136.9
1900980 136.9
1900990 136.9
1901000 136.8
1901010 136.8
1901020 136.8
1901030 136.8
1901040 136.8
1901050 136.8
1901060 136.8
1901070 136.7
1901080 136.7
1901090 136.7
1901100 136.7
1901110 136.7
1901120 136.7
1901130 136.7
1901140 136.7
1901150 136.7
1901160 136.6
1901170 136.6
1901180 136.5
1901190 136.4
1901200 136.4
1901210 136.3
1901220 136.3
1901230 136.3
1901240 136.2
1901250 136.2
1901260 136.2
1901270 136.2
1901280 136.2
1901290 136.2
1901300 136.2
1901310 136.2
1901320 136.2
1901330 136.2
1901340 136.1
1901350 136.1
1901360 136.1
1901370 136.1
1901380 136.1
1901390 136.1
1901400 136.1
1901410 136.1
1901420 136.0
1901430 135.9
1901440 135.9
1901450 135.9
1901460 135.9
1901470 135.9
1901480 135.8
1901490 135.8
1901500 135.8
1901510 135.8
1901520 135.8
1901530 135.8
1901540 135.8
1901550 135.9
1901560 135.9
1901570 136.0
1901580 136.0
1901590 136.0
1901600 136.1
1901610 136.2
1901620 136.2
1901630 136.3
1901640 136.4
1901650 136.4
1901660 136.6
1901670 136.6
1901680 136.6
1901690 136.7
1901700 136.9
1901710 136.9
1901720 137.1
1901730 137.3
1901740 137.1
1901750 137.2
1901760 137.2
1901770 137.2
1901780 137.1
1901790 137.1
1901800 137.1
1901810 137.1
1901820 137.2
1901830 137.2
1901840 137.3
1901850 137.3
1901860 137.3
1901870 137.3
1901880 137.2
1901890 137.2
1901900 137.1
1901910 136.9
1901920 136.9
1901930 136.8
1901940 136.7
1901950 136.7
1901960 136.3
1901970 135.9
1901980 135.9
1901990 135.7
1902000 135.5
1902010 135.5
1902020 135.2
1902030 135.1
1902040 135.1
1902050 134.9
1902060 134.7
1902070 134.7
1902080 134.5
1902090 134.4
1902100 134.4
1902110 134.3
1902120 134.3
1902130 134.3
1902140 134.4
1902150 134.6
1902160 134.6
1902170 134.9
1902180 135.2
1902190 135.2
1902200 135.4
1902210 135.6
1902220 135.6
1902230 135.7
1902240 135.7
1902250 135.7
1902260 135.7
1902270 135.6
1902280 135.6
1902290 135.6
1902300 135.5
1902310 135.5
1902320 135.4
1902330 135.3
1902340 135.3
1902350 135.2
1902360 135.0
1902370 135.0
1902380 135.0
1902390 135.0
1902400 135.0
1902410 135.0
1902420 135.0
1902430 135.0
1902440 135.0
1902450 135.0
1902460 135.0
1902470 135.1
1902480 135.0
1902490 135.0
1902500 135.1
1902510 135.1
1902520 135.1
1902530 135.1
1902540 135.1
1902550 135.1
1902560 135.1
1902570 135.2
1902580 135.2
1902590 135.3
1902600 135.4
1902610 135.4
1902620 135.5
1902630 135.6
1902640 135.6
1902650 135.6
1902660 135.7
1902670 135.7
1902680 135.7
1902690 135.7
1902700 135.7
1902710 135.6
1902720 135.5
1902730 135.4
1902740 135.4
1902750 135.4
1902760 135.4
1902770 135.4
1902780 135.4
1902790 135.4
1902800 135.4
1902810 135.4
1902820 135.3
1902830 135.3
1902840 135.2
1902850 135.2
1902860 135.2
