1900000 134.8
1900010 134.8
1900020 134.9
1900030 134.9
1900040 134.9
1900050 135.0
1900060 135.2
1900070 135.2
1900080 135.2
1900090 135.0
1900100 135.0
1900110 134.8
1900120 134.6
1900130 134.6
1900140 134.6
1900150 134.6
1900160 134.6
1900170 134.6
1900180 134.6
1900190 134.7
1900200 134.7
1900210 134.8
1900220 134.8
1900230 134.8
1900240 134.9
1900250 134.9
1900260 134.9
1900270 135.0
1900280 135.0
1900290 135.0
1900300 134.9
1900310 134.9
1900320 134.9
1900330 134.9
1900340 134.9
1900350 134.8
1900360 134.8
1900370 134.8
1900380 134.8
1900390 134.9
1900400 134.9
1900410 134.9
1900420 135.0
1900430 135.0
1900440 135.1
1900450 135.2
1900460 135.2
1900470 135.3
1900480 135.6
1900490 135.6
1900500 135.9
1900510 136.3
1900520 136.3
1900530 136.8
1900540 137.1
1900550 137.1
1900560 137.3
1900570 137.3
1900580 137.3
1900590 137.2
1900600 137.0
1900610 137.0
1900620 136.8
1900630 136.7
1900640 136.7
1900650 136.6
1900660 136.5
1900670 136.5
1900680 136.5
1900690 136.3
1900700 136.3
1900710 136.2
1900720 136.1
1900730 136.1
1900740 136.1
1900750 136.1
1900760 136.1
1900770 136.1
1900780 136.1
1900790 136.1
1900800 136.1
1900810 136.1
1900820 136.1
1900830 136.1
1900840 136.1
1900850 136.1
1900860 136.1
1900870 136.1
1900880 136.1
1900890 136.1
1900900 136.1
1900910 136.1
1900920 136.0
1900930 135.9
1900940 135.9
1900950 135.9
1900960 136.0
1900970 136.0
1900980 136.0
1900990 136.1
1901000 136.1
1901010 136.1
1901020 136.1
1901030 136.1
1901040 136.1
1901050 136.0
1901060 136.0
1901070 136.0
1901080 136.0
1901090 136.0
1901100 136.0
1901110 136.0
1901120 136.1
1901130 136.1
1901140 136.2
1901150 136.2
1901160 136.2
1901170 136.2
1901180 136.2
1901190 136.2
1901200 136.2
1901210 136.2
1901220 136.2
1901230 136.2
1901240 136.2
1901250 136.2
1901260 136.2
1901270 136.2
1901280 136.2
1901290 136.3
1901300 136.4
1901310 136.4
1901320 136.4
1901330 136.5
1901340 136.5
1901350 136.6
1901360 136.7
1901370 136.7
1901380 136.8
1901390 136.8
1901400 136.8
1901410 136.9
1901420 136.9
1901430 136.9
1901440 136.9
1901450 136.9
1901460 136.9
1901470 136.9
1901480 136.9
1901490 136.9
1901500 136.9
1901510 137.0
1901520 137.0
1901530 137.0
1901540 137.0
1901550 137.0
1901560 137.1
1901570 137.1
1901580 137.1
1901590 137.2
1901600 137.2
1901610 137.2
1901620 137.2
1901630 137.2
1901640 137.2
1901650 137.2
1901660 137.2
1901670 137.2
1901680 137.2
1901690 137.2
1901700 137.2
1901710 137.2
1901720 137.2
1901730 137.2
1901740 137.1
1901750 137.2
1901760 137.2
1901770 137.2
1901780 137.2
1901790 137.2
1901800 137.2
1901810 137.2
1901820 137.2
1901830 137.2
1901840 137.1
1901850 137.1
1901860 137.1
1901870 137.0
1901880 137.0
1901890 137.0
1901900 137.0
1901910 137.0
1901920 137.2
1901930 137.0
1901940 137.0
1901950 136.7
1901960 136.5
1901970 136.5
1901980 136.3
1901990 136.1
1902000 136.1
1902010 135.9
1902020 135.7
1902030 135.7
1902040 135.5
1902050 135.3
1902060 135.3
1902070 135.1
1902080 134.9
1902090 134.9
1902100 134.7
1902110 134.5
1902120 134.5
1902130 134.4
1902140 134.3
1902150 134.3
1902160 134.3
1902170 134.3
1902180 134.3
1902190 134.4
1902200 134.5
1902210 134.5
1902220 134.8
1902230 135.1
1902240 135.1
1902250 135.4
1902260 135.6
1902270 135.6
1902280 135.8
1902290 135.8
1902300 135.8
1902310 135.7
1902320 135.7
1902330 135.7
1902340 135.7
1902350 135.7
1902360 135.7
1902370 135.7
1902380 135.7
1902390 135.7
1902400 135.7
1902410 135.7
1902420 135.7
1902430 135.6
1902440 135.6
1902450 135.6
1902460 135.5
1902470 135.5
1902480 135.5
1902490 135.4
1902500 135.4
1902510 135.4
1902520 135.4
1902530 135.4
1902540 135.4
1902550 135.3
1902560 135.3
1902570 135.3
1902580 135.3
1902590 135.2
1902600 135.2
1902610 135.1
1902620 135.0
1902630 135.0
1902640 134.8
1902650 134.7
1902660 134.7
1902670 134.6
1902680 134.6
1902690 134.6
1902700 134.6
1902710 134.6
1902720 134.6
1902730 134.6
1902740 134.7
1902750 134.7
1902760 134.7
1902770 134.7
1902780 134.7
1902790 134.7
1902800 134.8
1902810 134.9
1902820 134.9
1902830 135.0
1902840 135.0
1902850 135.0
1902860 135.0
1902870 135.0
1902880 135.0
1902890 135.0
1902990 135.1
1903000 135.1
1903010 135.1
