1900000 135.2
1900010 135.3
1900020 135.2
1900030 135.2
1900040 135.2
1900050 135.3
1900060 135.3
1900070 135.5
1900080 135.6
1900090 135.6
1900100 135.6
1900110 135.4
1900120 135.4
1900130 135.3
1900140 135.3
1900150 135.3
1900160 135.3
1900170 135.3
1900180 135.3
1900190 135.2
1900200 135.2
1900210 135.2
1900220 135.2
1900230 135.2
1900240 135.2
1900250 135.2
1900260 135.2
1900270 135.2
1900280 135.2
1900290 135.2
1900300 135.2
1900310 135.2
1900320 135.2
1900330 135.2
1900340 135.3
1900350 135.3
1900360 135.3
1900370 135.3
1900380 135.4
1900390 135.4
1900400 135.4
1900410 135.4
1900420 135.4
1900430 135.5
1900440 135.6
1900450 135.6
1900460 135.6
1900470 135.7
1900480 135.7
1900490 135.8
1900500 136.2
1900510 136.2
1900520 136.3
1900530 136.6
1900540 136.6
1900550 136.8
1900560 137.0
1900570 137.0
1900580 137.2
1900590 137.3
1900600 137.3
1900610 137.4
1900620 137.3
1900630 137.3
1900640 137.3
1900650 137.3
1900660 137.3
1900670 137.1
1900680 137.1
1900690 137.1
1900700 137.1
1900710 137.1
1900720 137.1
1900730 137.0
1900740 137.0
1900750 137.0
1900760 136.9
1900770 136.9
1900780 136.9
1900790 136.9
1900800 137.0
1900810 137.0
1900820 137.1
1900830 137.2
1900840 137.2
1900850 137.2
1900860 137.3
1900870 137.3
1900880 137.3
1900890 137.2
1900900 137.2
1900910 137.2
1900920 137.2
1900930 137.2
1900940 137.2
1900950 137.1
1900960 137.1
1900970 137.0
1900980 136.9
1900990 136.9
1901000 136.8
1901010 136.8
1901020 136.8
1901030 136.7
1901040 136.6
1901050 136.6
1901060 136.6
1901070 136.5
1901080 136.5
1901090 136.5
1901100 136.4
1901110 136.3
1901120 136.3
1901130 136.3
1901140 136.3
1901150 136.3
1901160 136.3
1901170 136.3
1901180 136.3
1901190 136.2
1901200 136.2
1901210 136.2
1901220 136.2
1901230 136.2
1901240 136.2
1901250 136.2
1901260 136.2
1901270 136.2
1901280 136.2
1901290 136.2
1901300 136.2
1901310 136.2
1901320 136.2
1901330 136.2
1901340 136.1
1901350 136.1
1901360 136.1
1901370 136.1
1901380 136.1
1901390 136.1
1901400 136.1
1901410 136.1
1901420 136.1
1901430 136.0
1901440 136.0
1901450 136.0
1901460 136.1
1901470 136.1
1901480 136.1
1901490 136.0
1901500 136.1
1901510 136.1
1901520 136.1
1901530 136.3
1901540 136.3
1901550 136.3
1901560 136.1
1901570 136.1
1901580 136.0
1901590 135.9
1901600 135.9
1901610 135.8
1901620 135.7
1901630 135.7
1901640 135.6
1901650 135.6
1901660 135.6
1901670 135.5
1901680 135.4
1901690 135.4
1901700 135.3
1901710 135.2
1901720 135.2
1901730 135.1
1901740 135.0
1901750 135.0
1901760 135.0
1901770 134.9
1901780 134.9
1901790 134.9
1901800 134.9
1901810 134.9
1901820 134.9
1901830 134.9
1901840 134.9
1901850 134.9
1901860 134.9
1901870 134.9
1901880 135.0
1901890 135.0
1901900 135.0
1901910 135.0
1901920 135.0
1901930 135.0
1901940 135.0
1901950 135.1
1901960 135.1
1901970 135.2
1901980 135.0
1901990 135.0
1902000 134.9
1902010 134.9
1902020 134.9
1902030 134.9
1902040 134.8
1902050 134.9
1902060 134.9
1902070 134.8
1902080 134.8
1902090 134.8
1902100 134.8
1902110 134.8
1902120 134.6
1902130 134.5
1902140 134.5
1902150 134.5
1902160 134.4
1902170 134.4
1902180 134.5
1902190 134.6
1902200 134.6
1902210 134.9
1902220 135.1
1902230 135.1
1902240 135.3
1902250 135.4
1902260 135.4
1902270 135.4
1902280 135.4
1902290 135.4
1902300 135.4
1902310 135.4
1902320 135.4
1902330 135.5
1902340 135.5
1902350 135.5
1902360 135.7
1902370 135.7
1902380 135.7
1902390 135.8
1902400 135.8
1902410 135.8
1902420 135.7
1902430 135.7
1902440 135.7
1902450 135.6
1902460 135.5
1902470 135.5
1902480 135.5
1902490 135.5
1902500 135.5
1902510 135.5
1902520 135.5
1902530 135.5
1902540 135.5
1902550 135.5
1902560 135.5
1902570 135.6
1902580 135.7
1902590 135.7
1902600 135.7
1902610 135.7
1902620 135.7
1902630 135.7
1902640 135.8
1902650 135.8
1902660 135.8
1902670 135.7
1902680 135.7
1902690 135.6
1902700 135.6
1902710 135.6
1902720 135.6
1902730 135.5
1902740 135.5
1902750 135.5
1902760 135.5
1902770 135.5
1902780 135.6
1902790 135.7
1902800 135.7
1902810 135.7
1902820 135.6
1902830 135.6
1902840 135.6
1902850 135.6
1902860 135.6
1902870 135.6
1902880 135.5
