1900000 135.1
1900010 135.1
1900020 135.1
1900030 135.0
1900040 135.0
1900050 135.0
1900060 135.1
1900070 135.1
1900080 135.1
1900090 135.1
1900100 135.1
1900110 135.1
1900120 135.1
1900130 135.1
1900140 135.1
1900150 135.0
1900160 135.0
1900170 135.1
1900180 135.0
1900190 135.0
1900200 135.0
1900210 135.0
1900220 135.0
1900230 135.0
1900240 135.0
1900250 135.0
1900260 135.1
1900270 135.2
1900280 135.2
1900290 135.1
1900300 135.1
1900310 135.1
1900320 135.0
1900330 134.9
1900340 134.9
1900350 135.0
1900360 135.0
1900370 135.0
1900380 135.0
1900390 135.0
1900400 135.0
1900410 135.0
1900420 135.0
1900430 135.1
1900440 135.1
1900450 135.1
1900460 135.1
1900470 135.1
1900480 135.1
1900490 135.2
1900500 135.1
1900510 135.2
1900520 135.2
1900530 135.2
1900540 135.2
1900550 135.4
1900560 135.4
1900570 135.8
1900580 136.4
1900590 136.4
1900600 137.0
1900610 137.4
1900620 137.4
1900630 137.5
1900640 137.5
1900650 137.5
1900660 137.3
1900670 137.2
1900680 137.2
1900690 137.1
1900700 137.1
1900710 137.1
1900720 137.1
1900730 137.1
1900740 137.1
1900750 137.1
1900760 137.1
1900770 137.1
1900780 137.0
1900790 136.9
1900800 136.9
1900810 137.1
1900820 137.1
1900830 137.1
1900840 137.0
1900850 136.9
1900860 136.9
1900870 136.9
1900880 136.8
1900890 136.8
1900900 136.8
1900910 136.8
1900920 136.8
1900930 136.8
1900940 136.8
1900950 136.8
1900960 136.8
1900970 136.8
1900980 136.8
1900990 136.9
1901000 136.9
1901010 136.9
1901020 136.8
1901030 136.8
1901040 136.8
1901050 136.8
1901060 136.8
1901070 136.8
1901080 136.8
1901090 136.9
1901100 136.9
1901110 136.8
1901120 136.8
1901130 136.8
1901140 136.7
1901150 136.5
1901160 136.5
1901170 136.4
1901180 136.3
1901190 136.3
1901200 136.2
1901210 136.2
1901220 136.2
1901230 136.2
1901240 136.1
1901250 136.1
1901260 136.1
1901270 136.1
1901280 136.1
1901290 136.1
1901300 136.1
1901310 136.1
1901320 136.1
1901330 136.1
1901340 136.1
1901350 136.1
1901360 136.1
1901370 136.1
1901380 136.1
1901390 136.1
1901400 136.1
1901410 136.0
1901420 136.0
1901430 136.1
1901440 136.1
1901450 136.1
1901460 136.1
1901470 136.0
1901480 136.0
1901490 136.0
1901500 135.9
1901510 135.8
1901520 135.8
1901530 135.7
1901540 135.7
1901550 135.7
1901560 135.8
1901570 135.8
1901580 135.8
1901590 135.9
1901600 136.1
1901610 136.1
1901620 136.2
1901630 136.2
1901640 136.2
1901650 136.1
1901660 136.0
1901670 136.0
1901680 136.0
1901690 136.0
1901700 136.0
1901710 136.0
1901720 136.0
1901730 136.0
1901740 135.7
1901750 135.7
1901760 135.7
1901770 135.6
1901780 135.6
1901790 135.6
1901800 135.5
1901810 135.5
1901820 135.5
1901830 135.5
1901840 135.5
1901850 135.5
1901860 135.6
1901870 135.7
1901880 135.7
1901890 135.8
1901900 135.9
1901910 135.9
1901920 135.9
1901930 136.0
1901940 136.0
1901950 136.2
1901960 136.1
1901970 136.1
1901980 135.8
1901990 135.7
1902000 135.7
1902010 135.5
1902020 135.4
1902030 135.2
1902040 135.2
1902050 135.0
1902060 134.8
1902070 134.8
1902080 134.6
1902090 134.4
1902100 134.4
1902110 134.3
1902120 134.3
1902130 134.3
1902140 134.4
1902150 134.6
1902160 134.6
1902170 134.9
1902180 135.2
1902190 135.2
1902200 135.4
1902210 135.5
1902220 135.5
1902230 135.5
1902240 135.5
1902250 135.5
1902260 135.4
1902270 135.3
1902280 135.3
1902290 135.2
1902300 135.2
1902310 135.2
1902320 135.2
1902330 135.2
1902340 135.2
1902350 135.1
1902360 135.0
1902370 135.0
1902380 135.1
1902390 135.2
1902400 135.2
1902410 135.3
1902420 135.4
1902430 135.4
1902440 135.5
1902450 135.4
1902460 135.4
1902470 135.4
1902480 135.3
1902490 135.3
1902500 135.3
1902510 135.3
1902520 135.3
1902530 135.4
1902540 135.5
1902550 135.5
1902560 135.5
1902570 135.6
1902580 135.6
1902590 135.7
1902600 135.8
1902610 135.8
1902620 135.8
1902630 135.8
1902640 135.8
1902650 135.8
1902660 135.7
1902670 135.7
1902680 135.6
1902690 135.6
1902700 135.6
1902710 135.6
1902720 135.6
1902730 135.6
1902740 135.6
1902750 135.5
1902760 135.5
1902770 135.4
1902780 135.4
1902790 135.4
1902800 135.4
