1900000 138.1
1900010 138.8
1900020 139.4
1900030 139.4
1900040 139.7
1900050 139.8
1900060 139.8
1900070 139.8
1900080 139.8
1900090 139.8
1900100 139.6
1900110 139.4
1900120 139.4
1900130 139.4
1900140 139.3
1900150 139.3
1900160 139.2
1900170 139.1
1900180 139.1
1900190 139.2
1900200 139.1
1900210 139.1
1900220 139.1
1900230 139.0
1900240 139.0
1900250 138.9
1900260 138.8
1900270 138.8
1900280 138.7
1900290 138.7
1900300 138.7
1900310 138.5
1900320 138.4
1900330 138.4
1900340 138.4
1900350 138.3
1900360 138.3
1900370 138.3
1900380 138.2
1900390 138.2
1900400 138.2
1900410 138.1
1900420 138.1
1900430 138.1
1900440 138.0
1900450 138.0
1900460 138.0
1900470 138.0
1900480 138.0
1900490 138.1
1900500 138.1
1900510 138.1
1900520 138.1
1900530 138.3
1900540 138.3
1900550 138.2
1900560 138.3
1900570 138.3
1900580 138.4
1900590 138.3
1900600 138.3
1900610 138.3
1900620 138.5
1900630 138.5
1900640 138.4
1900650 138.4
1900660 138.4
1900670 138.4
1900680 138.4
1900690 138.4
1900700 138.3
1900710 138.3
1900720 138.3
1900730 138.2
1900740 138.0
1900750 138.0
1900760 137.8
1900770 137.7
1900780 137.7
1900790 137.5
1900800 137.4
1900810 137.3
1900820 137.3
1900830 137.2
1900840 137.2
1900850 137.0
1900860 137.1
1900870 137.1
1900880 137.1
1900890 136.9
1900900 136.9
1900910 137.1
1900920 137.1
1900930 137.1
1900940 137.1
1900950 137.0
1900960 136.9
1900970 136.9
1900980 136.9
1900990 136.8
1901000 136.8
1901010 136.8
1901020 136.7
1901030 136.7
1901040 136.7
1901050 136.8
1901060 136.8
1901070 136.8
1901080 136.9
1901090 136.9
1901100 136.9
1901110 136.8
1901120 136.9
1901130 136.8
1901140 136.7
1901150 136.7
1901160 136.6
1901170 136.5
1901180 136.5
1901190 136.4
1901200 136.4
1901210 136.4
1901220 136.4
1901230 136.4
1901240 136.4
1901250 136.4
1901260 136.4
1901270 136.4
1901280 136.4
1901290 136.4
1901300 136.4
1901310 136.3
1901320 136.3
1901330 136.3
1901340 136.3
1901350 136.3
1901360 136.3
1901370 136.3
1901380 136.4
1901390 136.4
1901400 136.5
1901410 136.5
1901420 136.5
1901430 136.4
1901440 136.4
1901450 136.4
1901460 136.4
1901470 136.4
1901480 136.4
1901490 136.5
1901500 136.6
1901510 136.6
1901520 136.7
1901530 136.7
1901540 136.7
1901550 136.7
1901560 136.6
1901570 136.6
1901580 136.6
1901590 136.5
1901600 136.5
1901610 136.5
1901620 136.4
1901630 136.4
1901640 136.3
1901650 136.2
1901660 136.2
1901670 136.2
1901680 136.2
1901690 136.2
1901700 136.2
1901710 136.2
1901720 136.2
1901730 136.1
1901740 136.1
1901750 136.1
1901760 136.0
1901770 136.0
1901780 136.0
1901790 136.0
1901800 136.0
1901810 136.0
1901820 135.9
1901830 135.9
1901840 135.9
1901850 135.8
1901860 135.7
1901870 135.7
1901880 135.7
1901890 135.6
1901900 135.6
1901910 135.5
1901920 135.5
1901930 135.5
1901940 135.4
1901950 135.4
1901960 135.4
1901970 135.3
1901980 135.4
1901990 135.4
1902000 135.5
1902010 135.4
1902020 135.4
1902030 135.3
1902040 135.3
1902050 135.3
1902060 135.4
1902070 135.3
1902080 135.3
1902090 135.3
1902100 135.3
1902110 135.3
1902120 135.3
1902130 135.2
1902140 135.2
1902150 135.0
1902160 134.7
1902170 134.7
1902180 134.6
1902190 134.5
1902200 134.5
1902210 134.5
1902220 134.6
1902230 134.6
1902240 134.8
1902250 135.1
1902260 135.1
1902270 135.4
1902280 135.6
1902290 135.6
1902300 135.7
1902310 135.7
1902320 135.7
1902330 135.7
1902340 135.7
1902350 135.7
1902360 135.7
1902370 135.8
1902380 135.8
1902390 135.8
1902400 135.8
1902410 135.8
1902420 135.9
1902430 135.9
1902440 135.9
1902450 135.9
1902460 135.9
1902470 135.9
1902480 135.9
1902490 135.8
1902500 135.8
1902510 135.8
1902520 135.8
1902530 135.8
1902540 135.9
1902550 135.9
1902560 135.9
1902570 136.0
1902580 136.1
1902590 136.1
1902600 136.1
1902610 136.1
1902620 136.1
1902630 136.1
1902640 136.3
1902650 136.3
1902660 136.3
1902670 136.2
1902680 136.1
1902690 136.1
1902700 136.1
1902710 136.1
1902720 136.1
1902730 136.1
1902740 136.0
1902750 136.0
1902760 136.0
1902770 136.0
1902780 136.0
1902790 136.0
1902800 136.0
1902810 136.0
1902820 136.1
1902830 136.1
1902840 136.1
1902850 136.2
1902860 136.2
1902870 136.2
1902880 136.2
1902890 136.2
1902900 136.2
1902910 136.1
1902920 136.1
1902930 136.1
1902940 136.2
1902950 136.2
1902960 136.2
1902970 136.2
1902980 136.3
1902990 136.3
1903000 136.3
1903010 136.3
1903020 136.3
