1900000 135.9
1900010 135.8
1900020 135.8
1900030 135.9
1900040 136.0
1900050 136.0
1900060 135.9
1900070 136.0
1900080 136.0
1900090 136.1
1900100 136.2
1900110 136.2
1900120 136.2
1900130 136.2
1900140 136.2
1900150 136.1
1900160 136.2
1900170 136.2
1900180 136.1
1900190 136.1
1900200 136.1
1900210 135.9
1900220 136.0
1900230 136.0
1900240 136.0
1900250 136.0
1900260 136.0
1900270 136.0
1900280 135.9
1900290 135.9
1900300 135.9
1900310 135.9
1900320 135.9
1900330 136.0
1900340 136.0
1900350 136.0
1900360 136.0
1900370 136.1
1900380 136.1
1900390 136.2
1900400 136.5
1900410 136.5
1900420 136.6
1900430 136.9
1900440 136.9
1900450 137.0
1900460 137.2
1900470 137.2
1900480 137.4
1900490 137.5
1900500 137.5
1900510 137.5
1900520 137.7
1900530 137.7
1900540 137.6
1900550 137.5
1900560 137.5
1900570 137.5
1900580 137.5
1900590 137.5
1900600 137.4
1900610 137.4
1900620 137.4
1900630 137.4
1900640 137.3
1900650 137.3
1900660 137.3
1900670 137.3
1900680 137.3
1900690 137.3
1900700 137.3
1900710 137.4
1900720 137.4
1900730 137.5
1900740 137.5
1900750 137.4
1900760 137.5
1900770 137.5
1900780 137.6
1900790 137.5
1900800 137.5
1900810 137.5
1900820 137.5
1900830 137.5
1900840 137.5
1900850 137.4
1900860 137.4
1900870 137.3
1900880 137.2
1900890 137.2
1900900 137.1
1900910 137.1
1900920 137.1
1900930 137.0
1900940 136.9
1900950 136.9
1900960 136.9
1900970 136.8
1900980 136.8
1900990 136.8
1901000 136.7
1901010 136.7
1901020 136.7
1901030 136.7
1901040 136.7
1901050 136.7
1901060 136.7
1901070 136.7
1901080 136.7
1901090 136.6
1901100 136.6
1901110 136.6
1901120 136.5
1901130 136.5
1901140 136.4
1901150 136.3
1901160 136.3
1901170 136.3
1901180 136.2
1901190 136.2
1901200 136.2
1901210 136.2
1901220 136.2
1901230 136.2
1901240 136.3
1901250 136.3
1901260 136.3
1901270 136.3
1901280 136.3
1901290 136.3
1901300 136.2
1901310 136.2
1901320 136.1
1901330 136.0
1901340 136.0
1901350 136.0
1901360 136.1
1901370 136.1
1901380 136.1
1901390 136.2
1901400 136.2
1901410 136.2
1901420 136.2
1901430 136.2
1901440 136.2
1901450 136.2
1901460 136.2
1901470 136.3
1901480 136.3
1901490 136.3
1901500 136.2
1901510 136.1
1901520 136.1
1901530 136.1
1901540 136.1
1901550 136.1
1901560 136.1
1901570 136.2
1901580 136.2
1901590 136.2
1901600 136.2
1901610 136.2
1901620 136.2
1901630 136.2
1901640 136.2
1901650 136.2
1901660 136.1
1901670 136.1
1901680 136.1
1901690 136.1
1901700 136.2
1901710 136.2
1901720 136.1
1901730 136.1
1901740 136.1
1901750 136.1
1901760 136.1
1901770 136.1
1901780 136.1
1901790 136.1
1901800 136.1
1901810 136.0
1901820 136.0
1901830 136.0
1901840 136.0
1901850 136.0
1901860 136.0
1901870 135.8
1901880 135.7
1901890 135.7
1901900 135.5
1901910 135.4
1901920 135.4
1901930 135.3
1901940 135.2
1901950 135.3
1901960 135.3
1901970 135.5
1901980 135.5
1901990 135.4
1902000 135.2
1902010 135.2
1902020 135.2
1902030 135.3
1902040 135.3
1902050 135.3
1902060 135.3
1902070 135.3
1902080 135.4
1902090 135.4
1902100 135.4
1902110 135.3
1902120 135.1
1902130 135.1
1902140 134.8
1902150 134.5
1902160 134.5
1902170 134.4
1902180 134.4
1902190 134.4
1902200 134.5
1902210 134.6
1902220 134.6
1902230 134.9
1902240 135.2
1902250 135.2
1902260 135.5
1902270 135.5
1902280 135.5
1902290 135.5
1902300 135.5
1902310 135.5
1902320 135.6
1902330 135.6
1902340 135.6
1902350 135.6
1902360 135.7
1902370 135.7
1902380 135.7
1902390 135.7
1902400 135.7
1902410 135.6
1902420 135.6
1902430 135.6
1902440 135.6
1902450 135.6
1902460 135.6
1902470 135.6
1902480 135.7
1902490 135.7
1902500 135.7
1902510 135.7
1902520 135.7
1902530 135.8
1902540 135.8
1902550 135.8
1902560 135.8
1902570 135.8
1902580 135.8
1902590 135.9
1902600 135.9
1902610 135.9
1902620 135.9
1902630 135.9
1902640 135.9
1902650 135.9
1902660 135.9
1902670 135.9
1902680 135.9
1902690 135.9
1902700 135.9
1902710 135.8
1902720 135.8
1902730 135.8
1902740 135.7
1902750 135.7
1902760 135.7
1902770 135.7
1902780 135.8
1902790 135.8
1902800 135.8
1902810 135.7
1902820 135.7
1902830 135.7
1902840 135.7
1902850 135.7
1902860 135.7
1902870 135.7
1902880 135.8
1902890 135.9
1902900 136.0
1902910 136.0
1902920 136.1
1902930 136.0
1902940 136.0
1902950 136.0
1902960 135.9
1902970 135.9
1902980 135.9
1902990 135.9
1903000 135.9
1903010 136.0
1903020 136.0
1903030 136.0
