1900000 134.9
1900010 134.9
1900020 134.9
1900030 134.9
1900040 134.9
1900050 134.9
1900060 134.9
1900070 135.0
1900080 134.9
1900090 134.9
1900100 134.8
1900110 134.9
1900120 134.9
1900130 134.9
1900140 134.9
1900150 134.9
1900160 134.9
1900170 134.9
1900180 134.9
1900190 134.9
1900200 135.0
1900210 135.0
1900220 135.0
1900230 135.0
1900240 135.0
1900250 135.0
1900260 135.0
1900270 135.0
1900280 135.0
1900290 135.0
1900300 135.0
1900310 135.0
1900320 135.0
1900330 135.0
1900340 135.0
1900350 135.0
1900360 135.0
1900370 135.0
1900380 135.0
1900390 135.0
1900400 135.0
1900410 134.9
1900420 134.9
1900430 134.9
1900440 134.9
1900450 134.9
1900460 135.0
1900470 135.1
1900480 135.1
1900490 135.1
1900500 135.1
1900510 135.1
1900520 135.2
1900530 135.4
1900540 135.4
1900550 135.8
1900560 136.2
1900570 136.2
1900580 136.6
1900590 136.8
1900600 136.8
1900610 137.0
1900620 137.0
1900630 137.0
1900640 136.9
1900650 136.8
1900660 136.8
1900670 136.7
1900680 136.7
1900690 136.7
1900700 136.6
1900710 136.6
1900720 136.6
1900730 136.6
1900740 136.6
1900750 136.6
1900760 136.5
1900770 136.5
1900780 136.5
1900790 136.5
1900800 136.5
1900810 136.5
1900820 136.4
1900830 136.4
1900840 136.4
1900850 136.4
1900860 136.4
1900870 136.4
1900880 136.4
1900890 136.5
1900900 136.5
1900910 136.5
1900920 136.5
1900930 136.5
1900940 136.5
1900950 136.5
1900960 136.5
1900970 136.5
1900980 136.6
1900990 136.6
1901000 136.5
1901010 136.5
1901020 136.5
1901030 136.5
1901040 136.6
1901050 136.6
1901060 136.6
1901070 136.6
1901080 136.6
1901090 136.6
1901100 136.7
1901110 136.7
1901120 136.7
1901130 136.7
1901140 136.7
1901150 136.7
1901160 136.7
1901170 136.7
1901180 136.7
1901190 136.7
1901200 136.7
1901210 136.7
1901220 136.6
1901230 136.6
1901240 136.5
1901250 136.4
1901260 136.4
1901270 136.4
1901280 136.2
1901290 136.2
1901300 136.2
1901310 136.2
1901320 136.2
1901330 136.2
1901340 136.2
1901350 136.2
1901360 136.3
1901370 136.2
1901380 136.2
1901390 136.2
1901400 136.2
1901410 136.2
1901420 136.2
1901430 136.2
1901440 136.2
1901450 136.2
1901460 136.1
1901470 136.0
1901480 136.0
1901490 135.9
1901500 135.8
1901510 135.8
1901520 135.9
1901530 135.9
1901540 135.9
1901550 136.2
1901560 136.4
1901570 136.4
1901580 136.6
1901590 136.9
1901600 136.9
1901610 137.1
1901620 137.2
1901630 137.2
1901640 137.3
1901650 137.4
1901660 137.4
1901670 137.5
1901680 137.6
1901690 137.6
1901700 137.7
1901710 137.7
1901720 137.7
1901730 137.7
1901740 137.7
1901750 137.7
1901760 137.7
1901770 137.7
1901780 137.7
1901790 137.7
1901800 137.7
1901810 137.7
1901820 137.7
1901830 137.7
1901840 137.8
1901850 137.8
1901860 137.7
1901870 137.7
1901880 137.6
1901890 137.4
1901900 137.4
1901910 137.1
1901920 137.1
1901930 137.1
1901940 136.8
1901950 136.3
1901960 136.3
1901970 136.0
1901980 135.8
1901990 135.8
1902000 135.6
1902010 135.4
1902020 135.4
1902030 135.2
1902040 135.0
1902050 135.0
1902060 134.9
1902070 134.6
1902080 134.6
1902090 134.4
1902100 134.3
1902110 134.3
1902120 134.2
1902130 134.3
1902140 134.3
1902150 134.4
1902160 134.6
1902170 134.6
1902180 134.8
1902190 135.1
1902200 135.1
1902210 135.4
1902220 135.6
1902230 135.6
1902240 135.7
1902250 135.8
1902260 135.8
1902270 135.9
1902280 136.0
1902290 136.0
1902300 136.0
1902310 135.8
1902320 135.8
1902330 135.6
1902340 135.6
1902350 135.6
1902360 135.6
1902370 135.5
1902380 135.5
1902390 135.4
1902400 135.4
1902410 135.4
1902420 135.3
1902430 135.2
1902440 135.2
1902450 135.2
1902460 135.1
1902470 135.1
1902480 135.1
1902490 135.1
1902500 135.1
1902510 135.1
1902520 135.0
1902530 135.0
1902540 135.0
1902550 135.0
1902560 135.0
1902570 135.0
1902580 134.9
1902590 134.9
1902600 134.9
1902610 135.0
1902620 135.0
1902630 135.0
1902640 135.0
1902650 135.0
1902660 135.0
1902670 135.1
1902680 135.1
1902690 135.2
1902700 135.3
1902710 135.3
1902720 135.3
1902730 135.4
1902740 135.4
1902750 135.4
1902760 135.4
1902770 135.5
1902780 135.5
1902790 135.5
1902800 135.5
1902810 135.5
1902820 135.4
1902830 135.4
1902840 135.4
1902850 135.4
1902860 135.4
1902870 135.4
1902880 135.3
1902890 135.3
1902900 135.3
1902910 135.2
1902920 135.2
1902930 135.2
