1900000 135.9
1900010 136.0
1900020 136.2
1900030 136.2
1900040 136.5
1900050 136.8
1900060 136.8
1900070 137.4
1900080 138.1
1900090 138.2
1900100 138.8
1900110 139.2
1900120 139.2
1900130 139.3
1900140 139.3
1900150 139.3
1900160 139.2
1900170 139.2
1900180 139.2
1900190 139.1
1900200 139.0
1900210 139.0
1900220 138.9
1900230 138.9
1900240 138.9
1900250 138.7
1900260 138.8
1900270 138.8
1900280 138.6
1900290 138.5
1900300 138.5
1900310 138.5
1900320 138.5
1900330 138.5
1900340 138.4
1900350 138.4
1900360 138.4
1900370 138.4
1900380 138.4
1900390 138.4
1900400 138.4
1900410 138.3
1900420 138.3
1900430 138.3
1900440 138.4
1900450 138.4
1900460 138.4
1900470 138.4
1900480 138.4
1900490 138.4
1900500 138.3
1900510 138.3
1900520 138.3
1900530 138.3
1900540 138.3
1900550 138.3
1900560 138.3
1900570 138.3
1900580 138.3
1900590 138.3
1900600 138.4
1900610 138.4
1900620 138.3
1900630 138.3
1900640 138.3
1900650 138.3
1900660 138.2
1900670 138.2
1900680 138.0
1900690 138.0
1900700 138.0
1900710 137.9
1900720 137.9
1900730 137.9
1900740 137.8
1900750 137.8
1900760 137.8
1900770 137.7
1900780 137.7
1900790 137.7
1900800 137.8
1900810 137.7
1900820 137.7
1900830 137.7
1900840 137.7
1900850 137.7
1900860 137.7
1900870 137.6
1900880 137.6
1900890 137.6
1900900 137.6
1900910 137.6
1900920 137.5
1900930 137.5
1900940 137.5
1900950 137.5
1900960 137.5
1900970 137.5
1900980 137.4
1900990 137.6
1901000 137.6
1901010 137.5
1901020 137.6
1901030 137.6
1901040 137.7
1901050 137.8
1901060 137.8
1901070 137.6
1901080 137.7
1901090 137.7
1901100 137.7
1901110 137.7
1901120 137.7
1901130 137.6
1901140 137.5
1901150 137.5
1901160 137.3
1901170 137.2
1901180 137.2
1901190 137.1
1901200 137.0
1901210 137.0
1901220 136.8
1901230 136.8
1901240 136.8
1901250 136.8
1901260 136.8
1901270 136.8
1901280 136.9
1901290 136.9
1901300 136.9
1901310 136.8
1901320 136.9
1901330 136.8
1901340 136.8
1901350 136.8
1901360 136.8
1901370 136.8
1901380 136.8
1901390 136.8
1901400 136.8
1901410 136.8
1901420 136.8
1901430 136.7
1901440 136.7
1901450 136.7
1901460 136.7
1901470 136.7
1901480 136.7
1901490 136.7
1901500 136.8
1901510 136.8
1901520 136.8
1901530 136.7
1901540 136.7
1901550 136.8
1901560 136.7
1901570 136.7
1901580 136.7
1901590 136.6
1901600 136.6
1901610 136.6
1901620 136.5
1901630 136.5
1901640 136.3
1901650 136.3
1901660 136.3
1901670 136.2
1901680 136.2
1901690 136.2
1901700 136.1
1901710 136.1
1901720 136.1
1901730 136.1
1901740 136.1
1901750 136.1
1901760 136.0
1901770 136.0
1901780 136.0
1901790 136.0
1901800 136.0
1901810 136.0
1901820 135.9
1901830 135.9
1901840 135.9
1901850 135.9
1901860 135.9
1901870 135.9
1901880 135.8
1901890 135.7
1901900 135.7
1901910 135.7
1901920 135.6
1901930 135.6
1901940 135.6
1901950 135.6
1901960 135.6
1901970 135.6
1901980 135.6
1901990 135.6
1902000 135.5
1902010 135.5
1902020 135.5
1902030 135.8
1902040 135.6
1902050 135.6
1902060 135.6
1902070 135.6
1902080 135.6
1902090 135.6
1902100 135.6
1902110 135.6
1902120 135.5
1902130 135.6
1902140 135.6
1902150 135.6
1902160 135.6
1902170 135.6
1902180 135.6
1902190 135.6
1902200 135.6
1902210 135.6
1902220 135.5
1902230 135.5
1902240 135.5
1902250 135.4
1902260 135.5
1902270 135.4
1902280 135.3
1902290 135.1
1902300 135.1
1902310 134.9
1902320 134.7
1902330 134.7
1902340 134.6
1902350 134.5
1902360 134.5
1902370 134.6
1902380 134.9
1902390 134.9
1902400 135.1
1902410 135.4
1902420 135.4
1902430 135.6
1902440 135.8
1902450 135.8
1902460 135.9
1902470 136.0
1902480 136.0
1902490 136.0
1902500 136.1
1902510 136.1
1902520 136.1
1902530 136.1
1902540 136.1
1902550 136.1
1902560 136.1
1902570 136.1
1902580 136.1
1902590 136.1
1902600 136.1
1902610 136.3
1902620 136.4
1902630 136.4
1902640 136.4
1902650 136.4
1902660 136.4
1902670 136.4
1902680 136.4
1902690 136.4
1902700 136.4
1902710 136.5
1902720 136.5
1902730 136.5
1902740 136.5
1902750 136.5
1902760 136.6
1902770 136.6
1902780 136.6
1902790 136.7
1902800 136.7
1902810 136.7
1902820 136.7
1902830 136.7
1902840 136.7
1902850 136.7
1902860 136.7
1902870 136.7
1902880 136.3
1902890 136.2
1902900 136.2
1902910 136.1
1902920 135.9
1902930 135.9
1902940 135.7
1902950 135.6
1902960 135.6
1902970 135.5
1902980 135.4
1902990 135.4
1903000 135.4
1903010 135.3
1903020 135.3
1903030 135.3
