1900000 137.5
1900010 137.5
1900020 137.6
1900030 137.6
1900040 137.6
1900050 137.6
1900060 137.6
1900070 137.6
1900080 137.8
1900090 137.8
1900100 137.8
1900110 137.8
1900120 137.8
1900130 138.0
1900140 138.1
1900150 138.1
1900160 138.2
1900170 138.3
1900180 138.3
1900190 138.4
1900200 138.6
1900210 138.6
1900220 138.6
1900230 138.7
1900240 138.7
1900250 138.7
1900260 138.8
1900270 138.8
1900280 138.8
1900290 138.9
1900300 138.9
1900310 138.9
1900320 138.9
1900330 138.9
1900340 138.9
1900350 138.9
1900360 138.9
1900370 138.9
1900380 138.9
1900390 138.9
1900400 138.9
1900410 138.8
1900420 138.8
1900430 138.9
1900440 138.7
1900450 138.7
1900460 138.7
1900470 138.7
1900480 138.7
1900490 138.8
1900500 139.0
1900510 139.0
1900520 139.1
1900530 139.1
1900540 139.1
1900550 139.0
1900560 138.9
1900570 138.9
1900580 138.8
1900590 138.6
1900600 138.6
1900610 138.3
1900620 138.1
1900630 138.1
1900640 137.9
1900650 137.7
1900660 137.7
1900670 137.4
1900680 137.2
1900690 137.1
1900700 137.1
1900710 136.9
1900720 136.9
1900730 136.9
1900740 136.8
1900750 136.9
1900760 136.9
1900770 136.8
1900780 136.9
1900790 136.9
1900800 136.9
1900810 136.9
1900820 136.9
1900830 136.9
1900840 136.9
1900850 136.9
1900860 136.9
1900870 136.8
1900880 136.8
1900890 136.8
1900900 136.7
1900910 136.7
1900920 136.7
1900930 136.7
1900940 136.7
1900950 136.7
1900960 136.6
1900970 136.6
1900980 136.6
1900990 136.5
1901000 136.5
1901010 136.5
1901020 136.4
1901030 136.4
1901040 136.4
1901050 136.3
1901060 136.3
1901070 136.2
1901080 136.2
1901090 136.2
1901100 136.5
1901110 136.4
1901120 136.4
1901130 136.3
1901140 136.3
1901150 136.3
1901160 136.2
1901170 136.1
1901180 136.1
1901190 136.2
1901200 136.2
1901210 136.2
1901220 136.2
1901230 136.3
1901240 136.3
1901250 136.3
1901260 136.3
1901270 136.3
1901280 136.4
1901290 136.3
1901300 136.3
1901310 136.3
1901320 136.4
1901330 136.5
1901340 136.4
1901350 136.4
1901360 136.4
1901370 136.3
1901380 136.2
1901390 136.2
1901400 136.1
1901410 135.9
1901420 135.9
1901430 136.0
1901440 135.9
1901450 135.9
1901460 135.8
1901470 135.8
1901480 135.8
1901490 135.7
1901500 135.6
1901510 135.6
1901520 135.5
1901530 135.4
1901540 135.4
1901550 135.3
1901560 135.2
1901570 135.2
1901580 135.1
1901590 135.0
1901600 135.0
1901610 135.0
1901620 135.0
1901630 135.0
1901640 135.0
1901650 134.9
1901660 134.9
1901670 134.9
1901680 135.0
1901690 135.0
1901700 135.1
1901710 135.1
1901720 135.1
1901730 135.1
1901740 135.1
1901750 135.1
1901760 135.1
1901770 135.2
1901780 135.2
1901790 135.2
1901800 135.4
1901810 135.4
1901820 135.6
1901830 135.8
1901840 135.8
1901850 136.1
1901860 136.5
1901870 136.5
1901880 136.7
1901890 137.0
1901900 137.0
1901910 137.1
1901920 137.2
1901930 137.2
1901940 137.3
1901950 137.3
1901960 137.3
1901970 137.3
1901980 137.3
1901990 137.3
1902000 137.1
1902010 137.0
1902020 137.0
1902030 136.8
1902040 136.7
1902050 136.7
1902060 136.5
1902070 136.3
1902080 136.3
1902090 136.5
1902100 136.4
1902110 136.4
1902120 136.3
1902130 136.2
1902140 136.2
1902150 136.2
1902160 136.2
1902170 136.2
1902180 136.3
1902190 136.4
1902200 136.4
1902210 136.5
1902220 136.6
1902230 136.6
1902240 136.6
1902250 136.7
1902260 136.5
1902270 136.5
1902280 136.5
1902290 136.5
1902300 136.5
1902310 136.4
1902320 136.4
1902330 136.2
1902340 135.9
1902350 135.9
1902360 135.8
1902370 135.6
1902380 135.6
1902390 135.4
1902400 135.1
1902410 135.1
1902420 134.9
1902430 134.8
1902440 134.7
1902450 134.7
1902460 134.7
1902470 134.7
1902480 134.7
1902490 134.7
1902500 134.7
1902510 134.7
1902520 134.7
1902530 134.8
1902540 134.8
1902550 134.9
1902560 135.2
1902570 135.5
1902580 135.9
1902590 136.3
1902600 136.3
1902610 136.7
1902620 137.0
1902630 137.0
1902640 137.2
1902650 137.2
1902660 137.2
1902670 137.1
1902680 137.0
1902690 137.0
1902700 137.0
1902710 136.9
1902720 136.9
1902730 136.8
1902740 136.8
1902750 136.8
1902760 136.7
1902770 136.6
1902780 136.6
1902790 136.5
1902800 136.4
1902810 136.4
1902820 136.4
1902830 136.4
1902840 136.4
1902850 136.4
1902860 136.4
1902870 136.4
1902880 136.6
1902890 136.6
1902900 136.6
1902910 136.6
