1900000 137.4
1900010 137.4
1900020 137.5
1900030 137.5
1900040 137.5
1900050 137.7
1900060 137.8
1900070 137.8
1900080 137.8
1900090 138.0
1900100 138.0
1900110 138.1
1900120 138.3
1900130 138.3
1900140 138.3
1900150 138.4
1900160 138.4
1900170 138.6
1900180 138.7
1900190 138.6
1900200 138.7
1900210 138.7
1900220 138.7
1900230 138.8
1900240 138.8
1900250 138.8
1900260 138.8
1900270 138.9
1900280 138.9
1900290 138.8
1900300 138.8
1900310 138.8
1900320 138.8
1900330 138.8
1900340 138.8
1900350 138.8
1900360 138.7
1900370 138.7
1900380 138.8
1900390 138.8
1900400 138.8
1900410 138.7
1900420 138.6
1900430 138.6
1900440 138.6
1900450 138.6
1900460 138.6
1900470 138.7
1900480 138.7
1900490 138.7
1900500 138.8
1900510 138.8
1900520 138.8
1900530 138.9
1900540 138.9
1900550 138.9
1900560 139.0
1900570 139.0
1900580 139.0
1900590 139.0
1900600 138.9
1900610 138.9
1900620 138.7
1900630 138.5
1900640 138.5
1900650 138.1
1900660 137.9
1900670 137.9
1900680 137.7
1900690 137.5
1900700 137.5
1900710 137.2
1900720 137.1
1900730 137.1
1900740 137.0
1900750 136.9
1900760 136.9
1900770 136.9
1900780 136.9
1900790 136.9
1900800 136.9
1900810 136.9
1900820 136.9
1900830 136.9
1900840 136.9
1900850 136.9
1900860 136.8
1900870 136.8
1900880 136.8
1900890 136.8
1900900 136.8
1900910 136.8
1900920 136.7
1900930 136.7
1900940 136.7
1900950 136.6
1900960 136.6
1900970 136.6
1900980 136.6
1900990 136.6
1901000 136.6
1901010 136.6
1901020 136.6
1901030 136.6
1901040 136.5
1901050 136.3
1901060 136.3
1901070 136.3
1901080 136.2
1901090 136.2
1901100 136.1
1901110 136.2
1901120 136.3
1901130 136.1
1901140 136.1
1901150 136.1
1901160 136.0
1901170 136.0
1901180 136.0
1901190 135.9
1901200 135.9
1901210 135.9
1901220 135.9
1901230 135.9
1901240 135.9
1901250 135.8
1901260 135.8
1901270 135.8
1901280 135.7
1901290 135.7
1901300 135.7
1901310 135.7
1901320 135.8
1901330 135.8
1901340 135.9
1901350 136.2
1901360 136.2
1901370 136.3
1901380 136.3
1901390 136.3
1901400 136.4
1901410 136.3
1901420 136.3
1901430 136.1
1901440 136.0
1901450 136.0
1901460 136.0
1901470 136.0
1901480 136.0
1901490 135.9
1901500 135.8
1901510 135.8
1901520 135.7
1901530 135.5
1901540 135.5
1901550 135.5
1901560 135.3
1901570 135.3
1901580 135.2
1901590 135.1
1901600 135.1
1901610 135.1
1901620 134.9
1901630 134.9
1901640 134.9
1901650 134.9
1901660 134.9
1901670 134.9
1901680 134.9
1901690 135.0
1901700 135.0
1901710 135.0
1901720 135.1
1901730 135.1
1901740 135.2
1901750 135.3
1901760 135.3
1901770 135.5
1901780 135.7
1901790 135.7
1901800 136.0
1901810 136.3
1901820 136.3
1901830 136.6
1901840 136.8
1901850 136.8
1901860 137.1
1901870 137.2
1901880 137.2
1901890 137.2
1901900 137.3
1901910 137.3
1901920 137.4
1901930 137.5
1901940 137.5
1901950 137.5
1901960 137.5
1901970 137.5
1901980 137.4
1901990 137.1
1902000 137.1
1902010 136.8
1902020 136.7
1902030 136.7
1902040 136.5
1902050 136.3
1902060 136.3
1902070 136.3
1902080 136.6
1902090 136.6
1902100 136.3
1902110 136.1
1902120 136.1
1902130 136.1
1902140 136.2
1902150 136.2
1902160 136.2
1902170 136.3
1902180 136.3
1902190 136.3
1902200 136.4
1902210 136.4
1902220 136.4
1902230 136.4
1902240 136.4
1902250 136.5
1902260 136.5
1902270 136.5
1902280 136.5
1902290 136.6
1902300 136.6
1902310 136.7
1902320 136.7
1902330 136.7
1902340 136.6
1902350 136.5
1902360 136.3
1902370 136.1
1902380 135.8
1902390 135.8
1902400 135.6
1902410 135.4
1902420 135.4
1902430 135.3
1902440 135.1
1902450 135.1
1902460 135.0
1902470 134.9
1902480 134.9
1902490 134.9
1902500 134.9
1902510 134.9
1902520 134.9
1902530 134.9
1902540 134.9
1902550 135.0
1902560 135.0
1902570 135.0
1902580 134.9
1902590 135.0
1902600 135.0
1902610 135.3
1902620 135.7
1902630 135.7
1902640 136.3
1902650 136.8
1902660 136.8
1902670 137.2
1902680 137.3
1902690 137.3
1902700 137.2
1902710 137.1
1902720 137.1
1902730 137.0
1902740 136.9
1902750 136.9
1902760 136.8
1902770 136.7
1902780 136.7
1902790 136.6
1902800 136.5
1902810 136.5
1902820 136.4
1902830 136.4
1902840 136.4
1902850 136.4
1902860 136.4
1902870 136.4
1902880 136.4
1902890 136.5
1902900 136.5
1902910 136.5
1902920 136.6
1902930 136.6
