1900000 137.9
1900010 137.9
1900020 137.9
1900030 137.9
1900040 137.9
1900050 137.9
1900060 137.9
1900070 138.0
1900080 138.0
1900090 138.0
1900100 138.1
1900110 138.1
1900120 138.1
1900130 138.2
1900140 138.1
1900150 138.1
1900160 138.3
1900170 138.4
1900180 138.4
1900190 138.6
1900200 138.8
1900210 138.8
1900220 138.8
1900230 138.8
1900240 138.8
1900250 138.8
1900260 138.9
1900270 138.9
1900280 138.8
1900290 138.9
1900300 138.9
1900310 138.9
1900320 138.9
1900330 138.9
1900340 139.0
1900350 139.0
1900360 139.0
1900370 139.0
1900380 138.9
1900390 138.9
1900400 138.9
1900410 139.0
1900420 139.0
1900430 139.0
1900440 139.0
1900450 139.0
1900460 139.2
1900470 139.1
1900480 139.1
1900490 139.1
1900500 139.0
1900510 139.0
1900520 138.8
1900530 138.7
1900540 138.7
1900550 138.4
1900560 138.2
1900570 138.2
1900580 137.8
1900590 137.6
1900600 137.6
1900610 137.4
1900620 137.4
1900630 137.4
1900640 137.3
1900650 137.2
1900660 137.2
1900670 137.0
1900680 136.9
1900690 136.9
1900700 136.9
1900710 136.8
1900720 136.8
1900730 136.8
1900740 136.8
1900750 136.8
1900760 136.8
1900770 136.8
1900780 136.8
1900790 136.8
1900800 136.8
1900810 136.9
1900820 136.8
1900830 136.8
1900840 136.8
1900850 136.7
1900860 136.8
1900870 136.8
1900880 136.8
1900890 136.8
1900900 136.8
1900910 136.8
1900920 136.7
1900930 136.7
1900940 136.7
1900950 136.6
1900960 136.6
1900970 136.5
1900980 136.4
1900990 136.4
1901000 136.3
1901010 136.3
1901020 136.3
1901030 136.2
1901040 136.1
1901050 136.1
1901060 136.1
1901070 136.2
1901080 136.2
1901090 136.3
1901100 136.3
1901110 136.3
1901120 136.1
1901130 136.1
1901140 136.1
1901150 136.2
1901160 136.3
1901170 136.3
1901180 136.6
1901190 136.7
1901200 136.7
1901210 136.8
1901220 136.9
1901230 136.9
1901240 137.0
1901250 136.9
1901260 136.9
1901270 136.9
1901280 136.8
1901290 136.8
1901300 136.7
1901310 136.6
1901320 136.6
1901330 136.7
1901340 136.5
1901350 136.5
1901360 136.5
1901370 136.5
1901380 136.5
1901390 136.3
1901400 136.2
1901410 136.2
1901420 136.2
1901430 136.2
1901440 136.2
1901450 136.0
1901460 135.8
1901470 135.8
1901480 135.7
1901490 135.6
1901500 135.6
1901510 135.4
1901520 135.4
1901530 135.4
1901540 135.3
1901550 135.2
1901560 135.2
1901570 135.2
1901580 135.1
1901590 135.1
1901600 135.0
1901610 135.0
1901620 135.0
1901630 135.0
1901640 135.0
1901650 135.0
1901660 135.1
1901670 135.1
1901680 135.1
1901690 135.2
1901700 135.2
1901710 135.2
1901720 135.2
1901730 135.2
1901740 135.2
1901750 135.2
1901760 135.2
1901770 135.2
1901780 135.2
1901790 135.2
1901800 135.2
1901810 135.2
1901820 135.2
1901830 135.2
1901840 135.3
1901850 135.4
1901860 135.4
1901870 135.6
1901880 135.8
1901890 136.1
1901900 136.1
1901910 136.3
1901920 136.6
1901930 136.6
1901940 136.9
1901950 137.0
1901960 137.0
1901970 137.1
1901980 137.1
1901990 137.1
1902000 137.0
1902010 136.9
1902020 136.9
1902030 136.8
1902040 136.7
1902050 136.9
1902060 136.9
1902070 136.9
1902080 136.9
1902090 136.7
1902100 136.6
1902110 136.6
1902120 136.9
1902130 136.7
1902140 136.7
1902150 136.4
1902160 136.3
1902170 136.3
1902180 136.4
1902190 136.5
1902200 136.5
1902210 136.5
1902220 136.6
1902230 136.6
1902240 136.6
1902250 136.5
1902260 136.5
1902270 136.4
1902280 136.2
1902290 136.2
1902300 136.1
1902310 135.9
1902320 135.9
1902330 135.6
1902340 135.4
1902350 135.4
1902360 134.9
1902370 134.8
1902380 134.8
1902390 134.7
1902400 134.7
1902410 134.7
1902420 134.8
1902430 134.8
1902440 134.8
1902450 134.9
1902460 134.9
1902470 134.9
1902480 135.0
1902490 135.0
1902500 135.0
1902510 135.1
1902520 135.3
1902530 135.3
1902540 135.6
1902550 136.0
1902560 136.0
1902570 136.4
1902580 136.9
1902590 136.9
1902600 137.3
1902610 137.5
1902620 137.5
1902630 137.4
1902640 137.3
1902650 137.3
1902660 137.1
1902670 136.8
1902680 136.8
1902690 136.8
1902700 136.8
1902710 136.8
1902720 136.8
1902730 136.7
1902740 136.7
1902750 136.7
1902760 136.7
1902770 136.7
1902780 136.6
1902790 136.5
1902800 136.5
1902810 136.5
1902820 136.6
1902830 136.6
1902840 136.7
1902850 136.7
1902860 136.7
1902870 136.8
1902880 136.8
1902890 136.8
1902900 136.9
1902910 136.9
1902920 136.9
1902930 136.9
