1900000 136.3
1900010 136.4
1900020 136.6
1900030 136.6
1900040 136.7
1900050 137.1
1900060 137.1
1900070 137.5
1900080 137.9
1900090 137.9
1900100 138.2
1900110 138.3
1900120 138.3
1900130 138.4
1900140 138.5
1900150 138.5
1900160 138.6
1900170 138.7
1900180 138.7
1900190 138.7
1900200 138.8
1900210 138.8
1900220 138.8
1900230 138.8
1900240 138.8
1900250 138.8
1900260 138.7
1900270 138.7
1900280 138.7
1900290 138.7
1900300 138.7
1900310 138.7
1900320 138.5
1900330 138.4
1900340 138.4
1900350 138.4
1900360 138.3
1900370 138.3
1900380 138.1
1900390 138.0
1900400 138.0
1900410 137.8
1900420 137.6
1900430 137.6
1900440 137.6
1900450 137.5
1900460 137.5
1900470 137.4
1900480 137.4
1900490 137.4
1900500 137.3
1900510 137.3
1900520 137.3
1900530 137.2
1900540 137.3
1900550 137.3
1900560 137.3
1900570 137.2
1900580 137.2
1900590 137.2
1900600 137.1
1900610 137.1
1900620 137.2
1900630 137.2
1900640 137.2
1900650 137.1
1900660 137.0
1900670 137.0
1900680 137.0
1900690 137.1
1900700 137.1
1900710 137.0
1900720 137.0
1900730 137.0
1900740 137.1
1900750 137.2
1900760 137.2
1900770 137.3
1900780 137.5
1900790 137.5
1900800 137.7
1900810 137.9
1900820 137.9
1900830 138.1
1900840 138.3
1900850 138.3
1900860 138.3
1900870 138.3
1900880 138.3
1900890 138.3
1900900 138.2
1900910 138.2
1900920 138.0
1900930 137.8
1900940 137.8
1900950 137.6
1900960 137.5
1900970 137.5
1900980 137.5
1900990 137.4
1901000 137.4
1901010 137.3
1901020 137.3
1901030 137.3
1901040 137.3
1901050 137.2
1901060 137.2
1901070 137.2
1901080 137.2
1901090 137.2
1901100 137.2
1901110 137.2
1901120 137.2
1901130 137.1
1901140 137.1
1901150 137.1
1901160 137.0
1901170 137.1
1901180 137.1
1901190 137.1
1901200 137.0
1901210 137.0
1901220 137.3
1901230 137.2
1901240 137.2
1901250 137.2
1901260 137.2
1901270 137.2
1901280 137.2
1901290 137.1
1901300 137.1
1901310 137.1
1901320 137.0
1901330 137.0
1901340 136.9
1901350 136.9
1901360 136.9
1901370 136.8
1901380 136.7
1901390 136.7
1901400 136.7
1901410 136.7
1901420 136.7
1901430 136.7
1901440 136.6
1901450 136.6
1901460 136.6
1901470 136.6
1901480 136.6
1901490 136.5
1901500 136.5
1901510 136.5
1901520 136.4
1901530 136.3
1901540 136.3
1901550 136.2
1901560 136.1
1901570 136.1
1901580 136.0
1901590 135.9
1901600 135.9
1901610 135.8
1901620 135.8
1901630 135.8
1901640 135.9
1901650 135.8
1901660 135.8
1901670 135.6
1901680 135.6
1901690 135.6
1901700 135.6
1901710 135.6
1901720 135.6
1901730 135.5
1901740 135.5
1901750 135.5
1901760 135.5
1901770 135.6
1901780 135.6
1901790 135.6
1901800 135.7
1901810 135.7
1901820 135.7
1901830 135.7
1901840 135.7
1901850 135.9
1901860 135.9
1901870 135.9
1901880 135.9
1901890 135.9
1901900 135.9
1901910 135.9
1901920 135.9
1901930 135.9
1901940 135.8
1901950 135.8
1901960 135.9
1901970 135.9
1901980 135.9
1901990 135.8
1902000 135.8
1902010 135.8
1902020 135.7
1902030 135.7
1902040 135.8
1902050 136.0
1902060 136.0
1902070 135.8
1902080 135.7
1902090 135.7
1902100 135.7
1902110 135.7
1902120 135.7
1902130 135.8
1902140 135.8
1902150 135.8
1902160 135.9
1902170 136.0
1902180 136.0
1902190 136.0
1902200 136.1
1902210 136.1
1902220 136.1
1902230 136.1
1902240 136.1
1902250 136.1
1902260 136.1
1902270 136.1
1902280 136.1
1902290 136.2
1902300 136.2
1902310 136.2
1902320 136.2
1902330 136.2
1902340 136.2
1902350 136.1
1902360 136.1
1902370 136.1
1902380 136.1
1902390 136.1
1902400 136.0
1902410 136.0
1902420 136.0
1902430 135.9
1902440 135.8
1902450 135.8
1902460 135.8
1902470 135.8
1902480 135.8
1902490 135.6
1902500 135.3
1902510 135.3
1902520 135.0
1902530 134.8
1902540 134.8
1902550 134.8
1902560 134.8
1902570 134.8
1902580 135.1
1902590 135.5
1902600 135.5
1902610 136.1
1902620 136.4
1902630 136.4
1902640 136.6
1902650 136.7
1902660 136.7
1902670 136.6
1902680 136.5
1902690 136.5
1902700 136.4
1902710 136.3
1902720 136.3
1902730 136.3
1902740 136.2
1902750 136.2
1902760 136.1
1902770 136.1
1902780 136.1
1902790 136.1
1902800 136.1
1902810 136.1
1902820 136.2
1902830 136.2
1902840 136.2
1902850 136.3
1902860 136.3
1902870 136.3
1902880 136.3
