1900000 136.3
1900010 136.5
1900020 136.5
1900030 136.9
1900040 137.4
1900050 137.4
1900060 137.9
1900070 138.2
1900080 138.2
1900090 138.4
1900100 138.7
1900110 138.7
1900120 138.8
1900130 138.8
1900140 138.8
1900150 138.9
1900160 139.0
1900170 139.0
1900180 139.0
1900190 139.1
1900200 139.1
1900210 139.0
1900220 138.7
1900230 138.7
1900240 138.7
1900250 138.5
1900260 138.5
1900270 138.5
1900280 138.4
1900290 138.4
1900300 138.4
1900310 138.3
1900320 138.3
1900330 138.3
1900340 138.2
1900350 138.2
1900360 138.1
1900370 138.1
1900380 138.1
1900390 138.2
1900400 138.2
1900410 138.2
1900420 138.1
1900430 138.1
1900440 138.1
1900450 138.1
1900460 138.1
1900470 138.1
1900480 137.9
1900490 137.8
1900500 137.8
1900510 137.7
1900520 137.6
1900530 137.6
1900540 137.5
1900550 137.4
1900560 137.4
1900570 137.2
1900580 137.3
1900590 137.3
1900600 137.2
1900610 137.3
1900620 137.3
1900630 137.4
1900640 137.5
1900650 137.5
1900660 137.6
1900670 137.8
1900680 137.8
1900690 137.9
1900700 138.0
1900710 137.9
1900720 138.0
1900730 138.2
1900740 138.2
1900750 138.3
1900760 138.3
1900770 138.3
1900780 138.4
1900790 138.5
1900800 138.5
1900810 138.6
1900820 138.6
1900830 138.6
1900840 138.7
1900850 138.7
1900860 138.8
1900870 138.8
1900880 138.8
1900890 138.8
1900900 138.8
1900910 138.8
1900920 138.9
1900930 138.9
1900940 138.9
1900950 138.9
1900960 138.9
1900970 138.9
1900980 138.9
1900990 138.9
1901000 138.8
1901010 138.7
1901020 138.6
1901030 138.5
1901040 138.2
1901050 138.2
1901060 138.0
1901070 137.8
1901080 137.8
1901090 137.6
1901100 137.3
1901110 137.3
1901120 137.3
1901130 137.1
1901140 137.1
1901150 137.0
1901160 137.0
1901170 137.0
1901180 136.9
1901190 136.9
1901200 136.9
1901210 136.9
1901220 136.8
1901230 136.8
1901240 136.7
1901250 136.7
1901260 136.7
1901270 136.7
1901280 136.7
1901290 136.7
1901300 136.8
1901310 136.8
1901320 136.8
1901330 136.7
1901340 136.6
1901350 136.6
1901360 136.7
1901370 136.7
1901380 136.7
1901390 136.7
1901400 136.7
1901410 136.7
1901420 136.7
1901430 136.8
1901440 136.8
1901450 136.7
1901460 136.7
1901470 136.7
1901480 136.7
1901490 136.7
1901500 136.7
1901510 136.7
1901520 136.7
1901530 136.7
1901540 136.7
1901550 136.6
1901560 136.6
1901570 136.6
1901580 136.6
1901590 136.6
1901600 136.5
1901610 136.5
1901620 136.5
1901630 136.4
1901640 136.2
1901650 136.2
1901660 136.1
1901670 136.0
1901680 136.0
1901690 135.9
1901700 135.9
1901710 135.9
1901720 135.8
1901730 135.7
1901740 135.7
1901750 135.7
1901760 135.7
1901770 135.7
1901780 135.7
1901790 135.7
1901800 135.7
1901810 135.7
1901820 135.7
1901830 135.7
1901840 135.6
1901850 135.6
1901860 135.6
1901870 135.6
1901880 135.6
1901890 135.6
1901900 135.6
1901910 135.6
1901920 135.6
1901930 135.6
1901940 135.6
1901950 135.6
1901960 135.6
1901970 135.6
1901980 135.6
1901990 135.6
1902000 135.6
1902010 135.6
1902020 135.5
1902030 135.8
1902040 135.8
1902050 135.8
1902060 135.6
1902070 135.6
1902080 135.5
1902090 135.6
1902100 135.6
1902110 135.6
1902120 135.7
1902130 135.7
1902140 135.7
1902150 135.7
1902160 135.7
1902170 135.8
1902180 135.8
1902190 135.8
1902200 135.8
1902210 135.9
1902220 135.9
1902230 135.9
1902240 135.9
1902250 135.9
1902260 136.0
1902270 136.0
1902280 136.0
1902290 136.0
1902300 135.9
1902310 135.9
1902320 135.8
1902330 135.7
1902340 135.7
1902350 135.7
1902360 135.6
1902370 135.6
1902380 135.4
1902390 135.2
1902400 135.2
1902410 134.9
1902420 134.7
1902430 134.7
1902440 134.6
1902450 134.6
1902460 134.6
1902470 134.7
1902480 134.9
1902490 134.9
1902500 135.2
1902510 135.5
1902520 135.5
1902530 135.8
1902540 136.0
1902550 136.0
1902560 136.1
1902570 136.2
1902580 136.2
1902590 136.2
1902600 136.4
1902610 136.5
1902620 136.5
1902630 136.6
1902640 136.7
1902650 136.7
1902660 136.7
1902670 136.8
1902680 136.8
1902690 136.8
1902700 136.7
1902710 136.7
1902720 136.7
1902730 136.6
1902740 136.6
1902750 136.5
1902760 136.3
1902770 136.3
1902780 136.2
1902790 136.1
1902800 136.1
1902810 136.0
1902820 135.9
1902830 135.9
1902840 135.8
1902850 135.8
1902860 135.8
1902870 135.7
1902880 135.7
1902890 135.7
1902900 135.7
1902910 135.7
1902920 135.7
1902930 135.6
1902940 135.5
1902950 135.5
1902960 135.5
1902970 135.5
1902980 135.5
1902990 135.5
1903000 135.6
1903010 135.6
1903020 135.6
