1900000 136.3
1900010 136.5
1900020 136.5
1900030 136.6
1900040 136.8
1900050 136.8
1900060 136.9
1900070 137.2
1900080 137.2
1900090 137.5
1900100 137.7
1900110 137.7
1900120 137.9
1900130 138.1
1900140 138.1
1900150 138.3
1900160 138.5
1900170 138.5
1900180 138.7
1900190 138.8
1900200 138.8
1900210 138.8
1900220 138.7
1900230 138.7
1900240 138.7
1900250 138.8
1900260 138.8
1900270 138.7
1900280 138.6
1900290 138.6
1900300 138.6
1900310 138.6
1900320 138.6
1900330 138.5
1900340 138.4
1900350 138.4
1900360 138.2
1900370 138.2
1900380 138.2
1900390 138.1
1900400 138.1
1900410 138.1
1900420 137.9
1900430 137.8
1900440 137.8
1900450 137.7
1900460 137.7
1900470 137.7
1900480 137.6
1900490 137.6
1900500 137.6
1900510 137.6
1900520 137.6
1900530 137.6
1900540 137.6
1900550 137.5
1900560 137.5
1900570 137.5
1900580 137.5
1900590 137.5
1900600 137.5
1900610 137.5
1900620 137.5
1900630 137.5
1900640 137.6
1900650 137.6
1900660 137.6
1900670 137.6
1900680 137.6
1900690 137.6
1900700 137.7
1900710 137.7
1900720 137.7
1900730 137.6
1900740 137.6
1900750 137.6
1900760 137.3
1900770 137.3
1900780 137.3
1900790 137.2
1900800 137.2
1900810 137.2
1900820 137.2
1900830 137.2
1900840 137.2
1900850 137.1
1900860 137.1
1900870 137.1
1900880 136.9
1900890 136.9
1900900 136.8
1900910 136.8
1900920 136.7
1900930 136.8
1900940 136.8
1900950 136.8
1900960 136.7
1900970 136.7
1900980 136.8
1900990 136.8
1901000 136.8
1901010 136.9
1901020 136.9
1901030 136.9
1901040 136.9
1901050 136.9
1901060 136.9
1901070 137.0
1901080 137.0
1901090 136.8
1901100 136.7
1901110 136.7
1901120 136.6
1901130 136.5
1901140 136.5
1901150 136.3
1901160 136.4
1901170 136.4
1901180 136.2
1901190 136.2
1901200 136.2
1901210 136.2
1901220 136.1
1901230 136.0
1901240 135.9
1901250 136.0
1901260 136.0
1901270 136.2
1901280 136.4
1901290 136.4
1901300 136.5
1901310 136.9
1901320 136.9
1901330 137.1
1901340 137.1
1901350 137.1
1901360 137.3
1901370 137.2
1901380 137.2
1901390 137.1
1901400 136.9
1901410 136.9
1901420 136.7
1901430 136.6
1901440 136.6
1901450 136.5
1901460 136.4
1901470 136.4
1901480 136.2
1901490 136.1
1901500 136.1
1901510 136.1
1901520 136.0
1901530 136.0
1901540 135.8
1901550 135.8
1901560 135.8
1901570 135.8
1901580 135.8
1901590 135.8
1901600 135.7
1901610 135.6
1901620 135.6
1901630 135.5
1901640 135.4
1901650 135.4
1901660 135.3
1901670 135.3
1901680 135.3
1901690 135.3
1901700 135.5
1901710 135.5
1901720 135.7
1901730 135.9
1901740 135.9
1901750 136.1
1901760 136.2
1901770 136.2
1901780 136.4
1901790 136.4
1901800 136.4
1901810 136.4
1901820 136.2
1901830 136.2
1901840 136.1
1901850 136.2
1901860 136.2
1901870 136.3
1901880 136.2
1901890 136.2
1901900 136.3
1901910 136.3
1901920 136.3
1901930 136.2
1901940 136.3
1901950 136.3
1901960 136.4
1901970 136.4
1901980 136.4
1901990 136.3
1902000 136.3
1902010 136.3
1902020 136.2
1902030 136.2
1902040 136.2
1902050 136.1
1902060 136.2
1902070 136.2
1902080 136.1
1902090 136.0
1902100 136.0
1902110 135.9
1902120 136.0
1902130 136.0
1902140 136.1
1902150 136.2
1902160 136.2
1902170 136.2
1902180 136.2
1902190 136.2
1902200 136.1
1902210 136.2
1902220 136.2
1902230 136.2
1902240 136.3
1902250 136.3
1902260 136.4
1902270 136.4
1902280 136.4
1902290 136.4
1902300 136.5
1902310 136.5
1902320 136.5
1902330 136.5
1902340 136.5
1902350 136.5
1902360 136.5
1902370 136.5
1902380 136.4
1902390 136.4
1902400 136.4
1902410 136.4
1902420 136.3
1902430 136.3
1902440 136.2
1902450 136.1
1902460 136.0
1902470 135.9
1902480 135.7
1902490 135.7
1902500 135.5
1902510 135.3
1902520 135.3
1902530 135.2
1902540 135.0
1902550 135.0
1902560 135.0
1902570 135.0
1902580 135.0
1902590 135.1
1902600 135.2
1902610 135.2
1902620 135.6
1902630 136.0
1902640 136.0
1902650 136.4
1902660 136.8
1902670 136.8
1902680 137.0
1902690 137.0
1902700 137.0
1902710 136.8
1902720 136.6
1902730 136.5
1902740 136.5
1902750 136.4
1902760 136.3
1902770 136.3
1902780 136.3
1902790 136.3
1902800 136.3
1902810 136.4
1902820 136.4
1902830 136.4
1902840 136.5
1902850 136.4
1902860 136.4
1902870 136.4
1902880 136.4
1902890 136.4
1902900 136.4
1902910 136.4
1902920 136.4
