1900000 138.4
1900010 138.4
1900020 138.4
1900030 138.4
1900040 138.4
1900050 138.4
1900060 138.4
1900070 138.4
1900080 138.4
1900090 138.5
1900100 138.5
1900110 138.5
1900120 138.6
1900130 138.6
1900140 138.6
1900150 138.7
1900160 138.7
1900170 138.7
1900180 138.9
1900190 138.9
1900200 138.9
1900210 139.0
1900220 139.0
1900230 139.0
1900240 139.0
1900250 139.1
1900260 139.1
1900270 139.1
1900280 139.1
1900290 139.1
1900300 139.1
1900310 139.1
1900320 139.1
1900330 139.1
1900340 139.1
1900350 139.1
1900360 139.2
1900370 139.2
1900380 139.2
1900390 139.3
1900400 139.3
1900410 139.3
1900420 139.2
1900430 139.2
1900440 139.2
1900450 139.1
1900460 138.9
1900470 138.9
1900480 138.7
1900490 138.4
1900500 138.4
1900510 138.3
1900520 138.0
1900530 138.0
1900540 137.8
1900550 137.6
1900560 137.6
1900570 137.5
1900580 137.5
1900590 137.5
1900600 137.4
1900610 137.2
1900620 137.2
1900630 137.1
1900640 137.1
1900650 137.1
1900660 137.0
1900670 136.9
1900680 136.9
1900690 136.8
1900700 136.8
1900710 136.8
1900720 136.7
1900730 136.8
1900740 136.8
1900750 136.8
1900760 136.7
1900770 136.7
1900780 136.7
1900790 136.7
1900800 136.7
1900810 136.7
1900820 136.6
1900830 136.6
1900840 136.7
1900850 136.6
1900860 136.6
1900870 136.6
1900880 136.6
1900890 136.6
1900900 136.6
1900910 136.7
1900920 136.4
1900930 136.4
1900940 136.2
1900950 136.2
1900960 136.0
1900970 135.7
1900980 135.7
1900990 135.7
1901000 135.6
1901010 135.6
1901020 135.6
1901030 135.5
1901040 135.5
1901050 135.7
1901060 135.7
1901070 135.7
1901080 135.6
1901090 135.5
1901100 135.5
1901110 135.3
1901120 135.4
1901130 135.4
1901140 135.4
1901150 135.5
1901160 135.5
1901170 135.5
1901180 135.5
1901190 135.5
1901200 135.6
1901210 135.8
1901220 135.8
1901230 135.8
1901240 135.9
1901250 135.9
1901260 136.1
1901270 136.3
1901280 136.3
1901290 136.6
1901300 136.7
1901310 136.8
1901320 136.8
1901330 136.8
1901340 136.7
1901350 136.7
1901360 136.6
1901370 136.5
1901380 136.5
1901390 136.4
1901400 136.4
1901410 136.4
1901420 136.3
1901430 136.3
1901440 136.3
1901450 136.3
1901460 136.2
1901470 136.2
1901480 136.0
1901490 135.7
1901500 135.7
1901510 135.6
1901520 135.6
1901530 135.6
1901540 135.5
1901550 135.4
1901560 135.4
1901570 135.5
1901580 135.5
1901590 135.5
1901600 135.5
1901610 135.5
1901620 135.5
1901630 135.4
1901640 135.3
1901650 135.3
1901660 135.4
1901670 135.3
1901680 135.3
1901690 135.3
1901700 135.2
1901710 135.2
1901720 135.2
1901730 135.2
1901740 135.2
1901750 135.2
1901760 135.2
1901770 135.2
1901780 135.3
1901790 135.2
1901800 135.2
1901810 135.3
1901820 135.3
1901830 135.3
1901840 135.3
1901850 135.3
1901860 135.3
1901870 135.4
1901880 135.4
1901890 135.4
1901900 135.6
1901910 135.9
1901920 135.9
1901930 136.0
1901940 136.4
1901950 136.4
1901960 136.7
1901970 136.8
1901980 136.8
1901990 136.9
1902000 136.8
1902010 136.8
1902020 136.7
1902030 136.6
1902040 136.6
1902050 136.6
1902060 136.7
1902070 136.7
1902080 136.6
1902090 136.5
1902100 136.5
1902110 136.4
1902120 136.5
1902130 136.5
1902140 136.8
1902150 137.2
1902160 137.2
1902170 137.2
1902180 137.0
1902190 137.0
1902200 136.9
1902210 136.8
1902220 136.8
1902230 136.6
1902240 136.2
1902250 136.2
1902260 135.9
1902270 135.6
1902280 135.6
1902290 135.4
1902300 135.2
1902310 135.2
1902320 135.1
1902330 134.9
1902340 134.9
1902350 134.8
1902360 134.7
1902370 134.7
1902380 134.7
1902390 134.8
1902400 134.8
1902410 134.8
1902420 134.8
1902430 134.8
1902440 135.0
1902450 135.1
1902460 135.1
1902470 135.2
1902480 135.4
1902490 135.4
1902500 135.5
1902510 135.7
1902520 135.7
1902530 136.0
1902540 136.3
1902550 136.3
1902560 136.6
1902570 136.9
1902580 136.9
1902590 137.2
1902600 137.2
1902610 137.2
1902620 137.1
1902630 137.0
1902640 137.0
1902650 136.9
1902660 136.8
1902670 136.8
1902680 136.7
1902690 136.7
1902700 136.7
1902710 136.7
1902720 136.7
1902730 136.7
1902740 136.8
1902750 136.8
1902760 136.8
1902770 136.8
1902780 136.8
1902790 136.8
1902800 136.8
1902810 136.8
1902820 136.8
1902830 136.8
1902840 136.8
1902850 136.8
1902860 136.9
1902870 136.9
1902880 136.9
1902890 137.1
1902900 137.2
1902910 137.2
1902920 137.2
1902930 137.3
1902940 137.3
1902950 137.3
1902960 137.3
1902970 137.3
