1900000 137.1
1900010 137.0
1900020 137.0
1900030 136.9
1900040 136.7
1900050 136.7
1900060 136.7
1900070 136.6
1900080 136.6
1900090 136.4
1900100 136.5
1900110 136.5
1900120 136.4
1900130 136.4
1900140 136.4
1900150 136.3
1900160 135.5
1900170 135.1
1900180 135.1
1900190 136.3
1900200 138.4
1900210 138.4
1900220 138.7
1900230 138.6
1900240 138.6
1900250 138.4
1900260 138.3
1900270 138.3
1900280 138.3
1900290 138.3
1900300 138.5
1900310 138.5
1900320 138.5
1900330 138.5
1900340 138.6
1900350 138.6
1900360 138.6
1900370 138.6
1900380 138.5
1900390 138.5
1900400 138.4
1900410 138.3
1900420 138.3
1900430 138.2
1900440 138.2
1900450 138.2
1900460 138.2
1900470 138.1
1900480 138.1
1900490 138.1
1900500 138.1
1900510 138.1
1900520 138.1
1900530 138.1
1900540 138.1
1900550 138.0
1900560 137.6
1900570 137.6
1900580 137.0
1900590 136.7
1900600 136.7
1900610 137.1
1900620 137.3
1900630 137.3
1900640 137.6
1900650 137.5
1900660 137.5
1900670 137.2
1900680 136.6
1900690 136.6
1900700 136.3
1900710 135.7
1900720 135.7
1900730 135.6
1900740 135.3
1900750 135.3
1900760 135.5
1900770 135.3
1900780 135.3
1900790 135.3
1900800 136.6
1900810 136.6
1900820 137.4
1900830 137.2
1900840 137.2
1900850 137.8
1900860 139.2
1900870 139.2
1900880 139.5
1900890 138.1
1900900 138.1
1900910 136.1
1900920 135.1
1900930 135.1
1900940 135.0
1900950 135.0
1900960 135.0
1900970 135.1
1900980 135.1
1900990 135.1
1901000 135.0
1901010 135.1
1901020 135.1
1901030 135.1
1901040 135.2
1901050 135.2
1901060 135.3
1901070 135.3
1901080 135.3
1901090 135.3
1901100 135.4
1901110 135.4
1901120 135.5
1901130 135.6
1901140 135.6
1901150 135.7
1901160 135.8
1901170 135.8
1901180 135.8
1901190 135.9
1901200 135.9
1901210 136.0
1901220 136.0
1901230 136.1
1901240 136.1
1901250 136.2
1901260 136.2
1901270 136.2
1901280 136.3
1901290 136.3
1901300 136.3
1901310 136.2
1901320 136.2
1901330 136.2
1901340 136.2
1901350 136.2
1901360 136.3
1901370 136.3
1901380 136.3
1901390 136.3
1901400 136.3
1901410 136.3
1901420 136.2
1901430 136.2
1901440 136.2
1901450 136.3
1901460 136.3
1901470 136.3
1901480 136.4
1901490 136.5
1901500 136.5
1901510 136.5
1901520 136.5
1901530 136.5
1901540 136.7
1901550 136.8
1901560 136.8
1901570 136.7
1901580 136.7
1901590 136.7
1901600 136.6
1901610 136.6
1901620 136.6
1901630 136.6
1901640 136.6
1901650 136.6
1901660 136.5
1901670 136.5
1901680 136.5
1901690 136.5
1901700 136.3
1901710 136.3
1901720 136.2
1901730 136.1
1901740 136.1
1901750 136.1
1901760 136.3
1901770 136.3
1901780 136.3
1901790 136.2
1901800 136.2
1901810 136.3
1901820 136.5
1901830 136.5
1901840 136.7
1901850 136.8
1901860 136.8
1901870 136.8
1901880 136.7
1901890 136.7
1901900 136.6
1901910 136.5
1901920 136.5
1901930 136.4
1901940 136.3
1901950 136.3
1901960 136.2
1901970 136.1
1901980 136.1
1901990 136.0
1902000 135.8
1902010 135.7
1902020 135.7
1902030 135.6
1902040 135.4
1902050 135.4
1902060 135.3
1902070 135.3
1902080 135.3
1902090 135.4
1902100 135.4
1902110 135.4
1902120 135.6
1902130 135.9
1902140 135.9
1902150 136.2
1902160 136.1
1902170 136.1
1902180 136.3
1902190 136.4
1902200 136.4
1902210 136.5
1902220 136.5
1902230 136.5
1902240 136.5
1902250 136.5
1902260 136.5
1902270 136.5
1902280 136.4
1902290 136.4
1902300 136.2
1902310 136.1
1902320 136.1
1902330 135.9
1902340 135.7
1902350 135.7
1902360 135.5
1902370 135.4
1902380 135.4
1902390 135.4
1902400 135.4
1902410 135.4
1902420 135.4
1902430 135.4
1902440 135.4
1902450 135.5
1902460 135.6
1902470 135.7
1902480 135.8
1902490 135.9
1902500 135.9
1902510 135.9
1902520 135.9
1902530 135.9
1902540 136.0
1902550 137.0
1902560 137.0
1902570 139.0
1902580 137.4
1902590 137.4
1902600 136.0
1902610 135.8
1902620 135.8
1902630 135.7
1902640 135.7
1902650 135.7
1902660 135.7
1902670 135.6
1902680 135.6
1902690 136.0
1902700 137.5
1902710 137.5
1902720 137.6
1902730 136.9
1902740 136.9
1902750 135.7
1902760 135.4
1902770 135.4
1902780 135.4
1902790 135.4
1902800 135.4
1902810 135.5
1902820 135.9
1902830 135.9
1902840 136.8
1902850 137.2
1902860 137.2
1902870 137.4
1902880 137.4
1902890 137.4
1902900 137.4
1902910 137.3
1902920 137.3
1902930 137.3
1902940 137.2
1902950 137.2
1902960 137.0
1902970 136.8
1902980 136.8
1902990 136.7
1903000 136.8
1903010 136.8
1903020 136.7
1903030 136.3
1903040 136.3
