1900000 137.2
1900010 137.2
1900020 137.1
1900030 137.1
1900040 137.1
1900050 137.0
1900060 136.9
1900070 136.9
1900080 136.8
1900090 136.7
1900100 136.7
1900110 136.6
1900120 136.6
1900130 136.6
1900140 136.5
1900150 136.4
1900160 136.4
1900170 136.4
1900180 136.4
1900190 136.4
1900200 136.5
1900210 136.4
1900220 136.4
1900230 136.4
1900240 136.3
1900250 136.3
1900260 136.3
1900270 136.3
1900280 136.3
1900290 136.3
1900300 136.3
1900310 136.3
1900320 136.4
1900330 136.4
1900340 136.4
1900350 136.5
1900360 136.6
1900370 136.6
1900380 136.6
1900390 136.7
1900400 136.7
1900410 136.9
1900420 137.0
1900430 137.0
1900440 137.0
1900450 137.1
1900460 137.1
1900470 137.3
1900480 137.3
1900490 137.3
1900500 137.3
1900510 137.2
1900520 137.2
1900530 137.2
1900540 137.2
1900550 137.2
1900560 137.1
1900570 137.0
1900580 137.0
1900590 137.0
1900600 137.1
1900610 137.7
1900620 137.8
1900630 137.3
1900640 137.3
1900650 137.0
1900660 136.7
1900670 136.7
1900680 136.6
1900690 136.6
1900700 136.6
1900710 136.6
1900720 136.6
1900730 136.6
1900740 136.7
1900750 136.6
1900760 136.6
1900770 136.6
1900780 136.5
1900790 136.5
1900800 136.4
1900810 136.3
1900820 136.3
1900830 136.3
1900840 136.3
1900850 136.3
1900860 136.3
1900870 136.2
1900880 136.2
1900890 136.3
1900900 136.3
1900910 136.3
1900920 136.3
1900930 136.3
1900940 136.3
1900950 136.3
1900960 136.2
1900970 136.2
1900980 136.2
1900990 136.1
1901000 136.1
1901010 136.0
1901020 135.9
1901030 135.9
1901040 135.9
1901050 135.7
1901060 135.7
1901070 135.2
1901080 135.2
1901090 135.2
1901100 135.3
1901110 135.3
1901120 135.3
1901130 135.4
1901140 135.5
1901150 135.5
1901160 135.6
1901170 135.6
1901180 135.6
1901190 135.5
1901200 135.6
1901210 135.6
1901220 135.6
1901230 135.6
1901240 135.6
1901250 135.6
1901260 135.6
1901270 135.6
1901280 135.6
1901290 135.7
1901300 135.7
1901310 135.8
1901320 135.9
1901330 135.9
1901340 135.9
1901350 135.9
1901360 135.9
1901370 135.9
1901380 135.9
1901390 135.9
1901400 135.9
1901410 135.8
1901420 135.8
1901430 135.8
1901440 135.7
1901450 135.7
1901460 135.7
1901470 135.6
1901480 135.6
1901490 135.5
1901500 135.4
1901510 135.4
1901520 135.4
1901530 135.5
1901540 135.5
1901550 135.5
1901560 135.4
1901570 135.4
1901580 135.5
1901590 135.5
1901600 135.5
1901610 135.6
1901620 135.7
1901630 135.7
1901640 135.7
1901650 135.8
1901660 135.8
1901670 135.9
1901680 136.0
1901690 136.0
1901700 136.2
1901710 136.3
1901720 136.4
1901730 136.4
1901740 136.3
1901750 136.4
1901760 136.4
1901770 136.4
1901780 136.4
1901790 136.4
1901800 136.4
1901810 136.4
1901820 136.4
1901830 136.3
1901840 136.3
1901850 136.3
1901860 136.3
1901870 136.3
1901880 136.3
1901890 136.2
1901900 136.1
1901910 136.1
1901920 136.0
1901930 135.8
1901940 135.8
1901950 135.8
1901960 135.7
1901970 135.7
1901980 135.6
1901990 135.6
1902000 135.6
1902010 135.5
1902020 135.6
1902030 135.6
1902040 135.6
1902050 135.6
1902060 135.6
1902070 135.4
1902080 135.4
1902090 135.4
1902100 135.5
1902110 135.7
1902120 135.7
1902130 135.9
1902140 136.1
1902150 136.1
1902160 136.2
1902170 136.6
1902180 136.6
1902190 136.9
1902200 137.2
1902210 137.2
1902220 137.4
1902230 137.6
1902240 137.6
1902250 137.6
1902260 137.7
1902270 137.7
1902280 137.6
1902290 137.5
1902300 137.5
1902310 137.3
1902320 137.1
1902330 137.1
1902340 136.9
1902350 136.7
1902360 136.7
1902370 136.4
1902380 136.2
1902390 136.2
1902400 135.9
1902410 135.7
1902420 135.7
1902430 135.4
1902440 135.3
1902450 135.3
1902460 135.2
1902470 135.4
1902480 135.4
1902490 135.5
1902500 136.4
1902510 136.4
1902520 138.4
1902530 137.9
1902540 137.9
1902550 137.1
1902560 137.1
1902570 137.1
1902580 136.7
1902590 136.6
1902600 136.6
1902610 137.0
1902620 137.2
1902630 137.2
1902640 137.2
1902650 137.2
1902660 137.2
1902670 137.0
1902680 136.6
1902690 136.6
1902700 136.0
1902710 135.7
1902720 135.7
1902730 136.7
1902740 137.4
1902750 137.4
1902760 136.9
1902770 136.0
1902780 137.0
1902790 136.1
1902800 135.7
1902810 135.7
1902820 135.6
1902830 135.6
1902840 135.6
1902850 135.5
1902860 135.4
1902870 135.4
1902880 135.3
1902890 135.3
1902900 135.3
1902910 135.3
1902920 135.3
1902930 135.3
1902940 135.3
1902950 135.3
1902960 135.3
1902970 135.5
1902980 135.5
1902990 135.5
1903000 135.6
1903010 135.7
1903020 135.7
1903030 135.7
1903040 135.6
1903050 135.6
