1900000 139.1
1900010 139.1
1900020 139.1
1900030 139.0
1900040 139.0
1900050 139.1
1900060 139.1
1900070 139.1
1900080 139.1
1900090 138.9
1900100 138.9
1900110 138.7
1900120 138.5
1900130 138.5
1900140 138.5
1900150 138.3
1900160 138.3
1900170 138.1
1900180 138.0
1900190 138.0
1900200 137.8
1900210 137.7
1900220 137.7
1900230 137.5
1900240 137.4
1900250 137.4
1900260 137.3
1900270 137.2
1900280 137.2
1900290 137.1
1900300 137.0
1900310 137.0
1900320 137.0
1900330 137.0
1900340 137.0
1900350 137.0
1900360 137.1
1900370 137.1
1900380 137.1
1900390 137.1
1900400 137.1
1900410 137.1
1900420 137.2
1900430 137.2
1900440 137.1
1900450 137.1
1900460 137.1
1900470 137.1
1900480 137.1
1900490 137.1
1900500 137.1
1900510 137.0
1900520 137.0
1900530 137.0
1900540 137.0
1900550 137.0
1900560 136.9
1900570 136.8
1900580 136.8
1900590 136.8
1900600 136.8
1900610 136.8
1900620 136.7
1900630 136.7
1900640 136.7
1900650 136.6
1900660 136.5
1900670 136.5
1900680 136.4
1900690 136.4
1900700 136.4
1900710 136.3
1900720 136.3
1900730 136.3
1900740 136.1
1900750 136.1
1900760 136.1
1900770 136.0
1900780 135.9
1900790 135.9
1900800 135.8
1900810 135.8
1900820 135.8
1900830 135.9
1900840 135.9
1900850 135.9
1900860 135.7
1900870 135.5
1900880 135.5
1900890 135.5
1900900 135.8
1900910 135.8
1900920 135.6
1900930 135.5
1900940 135.5
1900950 135.5
1900960 135.5
1900970 135.5
1900980 135.5
1900990 135.5
1901000 135.5
1901010 135.4
1901020 135.4
1901030 135.4
1901040 135.4
1901050 135.4
1901060 135.4
1901070 135.4
1901080 135.3
1901090 135.3
1901100 135.3
1901110 135.4
1901120 135.5
1901130 135.5
1901140 135.5
1901150 135.6
1901160 135.6
1901170 135.8
1901180 136.0
1901190 136.0
1901200 136.1
1901210 136.0
1901220 136.0
1901230 135.9
1901240 135.9
1901250 135.9
1901260 135.9
1901270 135.9
1901280 135.9
1901290 135.9
1901300 136.0
1901310 136.0
1901320 136.2
1901330 136.4
1901340 136.4
1901350 136.5
1901360 136.5
1901370 136.5
1901380 136.6
1901390 136.6
1901400 136.6
1901410 136.5
1901420 136.5
1901430 136.5
1901440 136.3
1901450 136.2
1901460 136.2
1901470 136.1
1901480 136.1
1901490 136.1
1901500 136.1
1901510 136.0
1901520 136.0
1901530 135.8
1901540 135.6
1901550 135.6
1901560 135.5
1901570 135.4
1901580 135.4
1901590 135.2
1901600 135.1
1901610 135.1
1901620 135.0
1901630 135.0
1901640 135.0
1901650 135.0
1901660 135.1
1901670 135.1
1901680 135.1
1901690 135.1
1901700 135.1
1901710 135.2
1901720 135.2
1901730 135.2
1901740 135.3
1901750 135.4
1901760 135.4
1901770 135.6
1901780 135.6
1901790 135.6
1901800 135.7
1901810 135.7
1901820 135.7
1901830 135.8
1901840 135.9
1901850 135.9
1901860 135.9
1901870 135.9
1901880 135.9
1901890 135.9
1901900 135.8
1901910 135.8
1901920 135.7
1901930 135.6
1901940 135.6
1901950 135.4
1901960 135.3
1901970 135.3
1901980 135.2
1901990 135.2
1902000 135.2
1902010 135.2
1902020 135.2
1902030 135.2
1902040 135.3
1902050 135.5
1902060 135.5
1902070 135.8
1902080 136.0
1902090 136.0
1902100 136.2
1902110 136.3
1902120 136.3
1902130 136.2
1902140 135.9
1902150 135.9
1902160 135.6
1902170 135.4
1902180 135.4
1902190 135.4
1902200 135.3
1902210 135.3
1902220 135.2
1902230 135.1
1902240 135.1
1902250 135.1
1902260 135.3
1902270 135.3
1902280 135.5
1902290 135.9
1902300 135.9
1902310 136.2
1902320 136.5
1902330 136.5
1902340 136.7
1902350 136.9
1902360 136.9
1902370 137.1
1902380 137.3
1902390 137.3
1902400 137.4
1902410 137.5
1902420 137.5
1902430 137.3
1902440 137.2
1902450 137.2
1902460 137.1
1902470 137.2
1902480 137.2
1902490 137.3
1902500 137.3
1902510 137.3
1902520 137.2
1902530 137.3
1902540 137.3
1902550 137.3
1902560 137.4
1902570 137.5
1902580 137.6
1902590 137.6
1902600 137.6
1902610 137.5
1902620 137.4
1902630 137.4
1902640 137.2
1902650 136.9
1902660 136.9
1902670 136.7
1902680 136.5
1902690 136.5
1902700 136.3
1902710 136.1
1902720 136.1
1902730 135.9
1902740 135.7
1902750 135.7
1902760 135.5
1902770 135.3
1902780 135.3
1902790 135.2
1902800 135.1
1902810 135.1
1902820 134.9
1902830 134.8
1902840 134.8
1902850 134.8
1902860 134.8
1902870 134.8
1902880 134.8
1902890 134.9
1902900 135.0
1902910 135.0
1902920 135.0
1902930 135.1
1902940 135.1
1902950 135.2
1902960 135.2
1902970 135.2
1902980 135.3
1902990 135.4
1903000 135.4
1903010 135.4
1903020 135.4
1903030 135.4
1903040 135.4
