1900000 138.2
1900010 138.2
1900020 138.2
1900030 138.2
1900040 138.3
1900050 138.3
1900060 138.3
1900070 138.1
1900080 138.0
1900090 138.0
1900100 137.8
1900110 137.8
1900120 137.8
1900130 137.8
1900140 137.7
1900150 137.7
1900160 137.6
1900170 137.5
1900180 137.5
1900190 137.4
1900200 137.4
1900210 137.4
1900220 137.3
1900230 137.2
1900240 137.2
1900250 137.2
1900260 137.1
1900270 137.1
1900280 137.1
1900290 137.0
1900300 137.0
1900310 136.9
1900320 137.0
1900330 137.0
1900340 137.0
1900350 137.0
1900360 137.0
1900370 137.0
1900380 137.0
1900390 137.0
1900400 137.0
1900410 137.0
1900420 137.0
1900430 137.1
1900440 137.1
1900450 137.1
1900460 137.1
1900470 137.1
1900480 137.1
1900490 137.0
1900500 136.9
1900510 136.9
1900520 136.9
1900530 136.8
1900540 136.8
1900550 136.7
1900560 136.7
1900570 136.7
1900580 136.7
1900590 136.7
1900600 136.7
1900610 136.6
1900620 136.6
1900630 136.6
1900640 136.5
1900650 136.4
1900660 136.4
1900670 136.4
1900680 136.3
1900690 136.3
1900700 136.3
1900710 136.2
1900720 136.2
1900730 136.1
1900740 136.0
1900750 136.0
1900760 136.0
1900770 136.1
1900780 136.1
1900790 136.0
1900800 136.0
1900810 136.0
1900820 135.8
1900830 135.7
1900840 135.7
1900850 135.6
1900860 135.8
1900870 135.8
1900880 135.7
1900890 135.6
1900900 135.6
1900910 135.7
1900920 135.6
1900930 135.6
1900940 135.6
1900950 135.6
1900960 135.6
1900970 135.7
1900980 135.8
1900990 135.9
1901000 135.9
1901010 136.0
1901020 135.8
1901030 135.8
1901040 135.7
1901050 135.6
1901060 135.6
1901070 135.5
1901080 135.3
1901090 135.3
1901100 135.3
1901110 135.4
1901120 135.4
1901130 135.5
1901140 135.7
1901150 135.7
1901160 136.0
1901170 136.1
1901180 136.1
1901190 136.3
1901200 136.5
1901210 136.5
1901220 136.5
1901230 136.4
1901240 136.4
1901250 136.3
1901260 136.3
1901270 136.3
1901280 136.4
1901290 136.3
1901300 136.3
1901310 136.3
1901320 136.2
1901330 136.2
1901340 136.2
1901350 136.2
1901360 136.2
1901370 136.2
1901380 136.3
1901390 136.3
1901400 136.4
1901410 137.0
1901420 137.0
1901430 136.9
1901440 137.4
1901450 137.4
1901460 137.3
1901470 137.3
1901480 137.3
1901490 137.2
1901500 137.2
1901510 137.2
1901520 137.1
1901530 137.1
1901540 137.1
1901550 137.0
1901560 137.0
1901570 137.0
1901580 136.9
1901590 136.9
1901600 136.9
1901610 136.8
1901620 136.8
1901630 136.8
1901640 136.7
1901650 136.6
1901660 136.6
1901670 136.6
1901680 136.6
1901690 136.6
1901700 136.6
1901710 136.6
1901720 136.6
1901730 136.6
1901740 136.5
1901750 136.0
1901760 136.0
1901770 135.8
1901780 135.8
1901790 136.0
1901800 136.0
1901810 136.0
1901820 136.1
1901830 136.1
1901840 136.1
1901850 136.1
1901860 136.2
1901870 136.2
1901880 136.2
1901890 136.2
1901900 136.2
1901910 136.3
1901920 136.3
1901930 136.3
1901940 136.3
1901950 136.4
1901960 136.4
1901970 136.5
1901980 136.5
1901990 136.5
1902000 136.7
1902010 136.7
1902020 136.7
1902030 136.8
1902040 136.7
1902050 136.7
1902060 136.8
1902070 136.9
1902080 136.9
1902090 137.0
1902100 136.8
1902110 136.8
1902120 136.8
1902130 136.0
1902140 136.0
1902150 135.7
1902160 135.4
1902170 135.4
1902180 135.2
1902190 135.2
1902200 135.2
1902210 135.3
1902220 135.4
1902230 135.4
1902240 135.6
1902250 135.9
1902260 135.9
1902270 136.3
1902280 136.6
1902290 136.6
1902300 136.9
1902310 137.1
1902320 137.1
1902330 137.3
1902340 137.5
1902350 137.5
1902360 137.5
1902370 137.3
1902380 137.3
1902390 137.3
1902400 137.2
1902410 137.2
1902420 137.2
1902430 137.3
1902440 137.3
1902450 137.6
1902460 137.8
1902470 137.8
1902480 137.9
1902490 137.9
1902500 137.9
1902510 137.6
1902520 137.5
1902530 137.5
1902540 137.4
1902550 137.1
1902560 137.1
1902570 136.8
1902580 136.6
1902590 136.6
1902600 136.4
1902610 136.1
1902620 136.1
1902630 135.9
1902640 135.7
1902650 135.7
1902660 135.5
1902670 135.3
1902680 135.3
1902690 135.2
1902700 135.1
1902710 135.1
1902720 134.9
1902730 134.8
1902740 134.8
1902750 134.8
1902760 134.9
1902770 134.9
1902780 134.9
1902790 135.0
1902800 135.0
1902810 135.0
1902820 135.1
1902830 135.2
1902840 135.2
1902850 135.3
1902860 135.4
1902870 135.4
1902880 135.5
1902890 135.5
1902900 135.5
1902910 135.6
1902920 135.6
1902930 135.6
1902940 135.5
1902950 135.4
1902960 135.4
1902970 135.4
1902980 135.4
1902990 135.4
1903000 135.4
1903010 135.3
1903020 135.3
1903030 135.3
