1900000 141.7
1900010 141.7
1900020 141.5
1900030 141.4
1900040 141.4
1900050 141.2
1900060 141.1
1900070 141.1
1900080 140.9
1900090 140.8
1900100 140.8
1900110 140.6
1900120 140.5
1900130 140.5
1900140 140.4
1900150 140.2
1900160 140.2
1900170 140.0
1900180 139.8
1900190 139.8
1900200 139.6
1900210 139.5
1900220 139.5
1900230 139.3
1900240 139.1
1900250 139.1
1900260 139.0
1900270 138.8
1900280 138.8
1900290 138.6
1900300 138.4
1900310 138.4
1900320 138.4
1900330 138.4
1900340 138.4
1900350 138.4
1900360 138.6
1900370 138.6
1900380 138.4
1900390 138.4
1900400 138.4
1900410 138.5
1900420 138.6
1900430 138.6
1900440 138.2
1900450 137.3
1900460 137.3
1900470 136.6
1900480 136.2
1900490 136.2
1900500 136.1
1900510 136.1
1900520 136.1
1900530 136.1
1900540 136.0
1900550 136.0
1900560 136.0
1900570 135.8
1900580 135.8
1900590 135.8
1900600 135.7
1900610 135.7
1900620 135.6
1900630 135.6
1900640 135.6
1900650 135.7
1900660 135.7
1900670 135.7
1900680 135.7
1900690 135.7
1900700 135.7
1900710 135.8
1900720 135.9
1900730 135.9
1900740 136.0
1900750 136.0
1900760 136.0
1900770 135.9
1900780 135.9
1900790 135.9
1900800 135.9
1900810 135.8
1900820 135.8
1900830 135.7
1900840 135.6
1900850 135.6
1900860 135.5
1900870 135.5
1900880 135.5
1900890 135.4
1900900 135.4
1900910 135.4
1900920 135.5
1900930 135.4
1900940 135.4
1900950 135.4
1900960 135.4
1900970 135.4
1900980 135.5
1900990 135.5
1901000 135.5
1901010 135.5
1901020 135.5
1901030 135.5
1901040 135.7
1901050 135.9
1901060 135.9
1901070 136.0
1901080 136.1
1901090 136.1
1901100 136.2
1901110 136.3
1901120 136.3
1901130 136.4
1901140 136.6
1901150 136.6
1901160 136.7
1901170 136.7
1901180 136.7
1901190 136.6
1901200 136.5
1901210 136.5
1901220 136.4
1901230 136.4
1901240 136.4
1901250 136.4
1901260 136.5
1901270 136.5
1901280 136.4
1901290 136.4
1901300 136.4
1901310 136.4
1901320 136.4
1901330 136.4
1901340 136.5
1901350 136.5
1901360 136.5
1901370 136.4
1901380 136.4
1901390 136.4
1901400 136.4
1901410 136.4
1901420 136.4
1901430 136.4
1901440 136.6
1901450 136.6
1901460 136.6
1901470 136.7
1901480 136.7
1901490 136.8
1901500 136.9
1901510 136.9
1901520 136.9
1901530 137.0
1901540 136.9
1901550 136.9
1901560 136.8
1901570 136.7
1901580 136.7
1901590 136.7
1901600 136.7
1901610 136.7
1901620 136.6
1901630 136.5
1901640 136.5
1901650 136.6
1901660 136.7
1901670 136.7
1901680 136.7
1901690 136.9
1901700 136.9
1901710 136.9
1901720 137.0
1901730 137.0
1901740 137.1
1901750 137.2
1901760 137.2
1901770 137.3
1901780 137.4
1901790 137.4
1901800 137.5
1901810 137.6
1901820 137.6
1901830 137.7
1901840 137.8
1901850 137.9
1901860 137.9
1901870 137.9
1901880 137.9
1901890 137.8
1901900 137.6
1901910 137.6
1901920 137.4
1901930 137.3
1901940 137.3
1901950 137.2
1901960 137.0
1901970 137.0
1901980 136.8
1901990 136.7
1902000 136.7
1902010 136.5
1902020 136.3
1902030 136.3
1902040 136.0
1902050 135.8
1902060 135.8
1902070 135.7
1902080 135.6
1902090 135.6
1902100 135.5
1902110 135.5
1902120 135.5
1902130 135.5
1902140 135.6
1902150 135.6
1902160 135.6
1902170 135.6
1902180 135.6
1902190 135.6
1902200 135.6
1902210 135.6
1902220 135.6
1902230 135.5
1902240 135.5
1902250 135.4
1902260 135.3
1902270 135.3
1902280 135.1
1902290 135.1
1902300 135.1
1902310 135.1
1902320 135.1
1902330 135.1
1902340 135.2
1902350 135.4
1902360 135.4
1902370 135.6
1902380 135.8
1902390 135.8
1902400 136.0
1902410 136.0
1902420 136.0
1902430 136.0
1902440 136.1
1902450 136.1
1902460 136.2
1902470 136.2
1902480 136.2
1902490 136.2
1902500 136.2
1902510 136.2
1902520 136.2
1902530 136.2
1902540 136.2
1902550 136.1
1902560 136.0
1902570 136.0
1902580 136.0
1902590 135.9
1902600 135.9
1902610 135.9
1902620 135.8
1902630 135.8
1902640 135.8
1902650 135.8
1902660 135.8
1902670 136.0
1902680 136.1
1902690 136.1
1902700 135.6
1902710 135.5
1902720 135.5
1902730 135.5
1902740 135.5
1902750 135.5
1902760 135.6
1902770 135.6
1902780 135.6
1902790 135.6
1902800 135.7
1902810 135.7
1902820 135.6
1902830 135.7
1902840 135.7
1902850 135.7
1902860 135.8
1902870 135.8
1902880 135.8
1902890 135.8
1902900 135.8
1902910 135.8
1902920 136.0
1902930 136.0
1902940 136.3
1902950 136.6
1902960 136.6
1902970 136.8
1902980 137.0
1902990 137.0
1903000 137.0
