1900000 141.1
1900010 141.1
1900020 141.3
1900030 141.2
1900040 141.2
1900050 140.9
1900060 140.9
1900070 140.9
1900080 140.7
1900090 140.6
1900100 140.6
1900110 140.3
1900120 140.1
1900130 140.1
1900140 139.8
1900150 139.6
1900160 139.6
1900170 139.4
1900180 139.3
1900190 139.3
1900200 139.2
1900210 139.1
1900220 139.1
1900230 139.0
1900240 138.8
1900250 138.8
1900260 138.7
1900270 138.7
1900280 138.7
1900290 138.6
1900300 138.8
1900310 138.8
1900320 138.8
1900330 138.7
1900340 138.7
1900350 138.6
1900360 138.4
1900370 138.4
1900380 138.3
1900390 138.1
1900400 138.1
1900410 138.0
1900420 137.9
1900430 137.9
1900440 137.9
1900450 138.0
1900460 138.1
1900470 138.1
1900480 138.3
1900490 138.4
1900500 138.4
1900510 138.4
1900520 138.6
1900530 138.6
1900540 138.3
1900550 137.7
1900560 137.7
1900570 136.3
1900580 136.0
1900590 136.0
1900600 135.9
1900610 135.7
1900620 135.7
1900630 135.5
1900640 135.2
1900650 135.2
1900660 135.2
1900670 135.3
1900680 135.3
1900690 135.5
1900700 135.6
1900710 135.6
1900720 135.6
1900730 135.6
1900740 135.6
1900750 135.6
1900760 135.6
1900770 135.6
1900780 135.6
1900790 135.5
1900800 135.5
1900810 135.4
1900820 135.3
1900830 135.3
1900840 135.3
1900850 135.3
1900860 135.3
1900870 135.3
1900880 135.3
1900890 135.3
1900900 135.3
1900910 135.2
1900920 135.3
1900930 135.3
1900940 135.3
1900950 135.3
1900960 135.2
1900970 135.2
1900980 135.2
1900990 135.2
1901000 135.2
1901010 135.2
1901020 135.3
1901030 135.4
1901040 135.4
1901050 135.5
1901060 135.5
1901070 135.5
1901080 135.7
1901090 136.0
1901100 136.0
1901110 136.2
1901120 136.5
1901130 136.5
1901140 136.5
1901150 136.6
1901160 136.6
1901170 136.5
1901180 136.5
1901190 136.5
1901200 136.6
1901210 136.5
1901220 136.5
1901230 136.4
1901240 136.4
1901250 136.4
1901260 136.3
1901270 136.2
1901280 136.2
1901290 136.2
1901300 136.2
1901310 136.2
1901320 136.2
1901330 136.3
1901340 136.3
1901350 136.3
1901360 136.4
1901370 136.4
1901380 136.5
1901390 136.6
1901400 136.6
1901410 136.6
1901420 136.6
1901430 136.6
1901440 136.6
1901450 136.6
1901460 136.6
1901470 136.6
1901480 136.5
1901490 136.5
1901500 136.5
1901510 136.6
1901520 136.6
1901530 136.6
1901540 136.7
1901550 136.7
1901560 136.8
1901570 136.8
1901580 136.8
1901590 136.8
1901600 136.9
1901610 136.9
1901620 136.9
1901630 136.9
1901640 136.9
1901650 136.8
1901660 136.9
1901670 136.9
1901680 136.9
1901690 136.7
1901700 136.7
1901710 136.6
1901720 136.6
1901730 136.6
1901740 136.6
1901750 136.5
1901760 136.5
1901770 136.6
1901780 136.7
1901790 136.7
1901800 136.8
1901810 136.8
1901820 136.8
1901830 137.0
1901840 137.1
1901850 137.2
1901860 137.3
1901870 137.2
1901880 137.2
1901890 137.2
1901900 137.3
1901910 137.3
1901920 137.3
1901930 137.4
1901940 137.4
1901950 137.4
1901960 137.3
1901970 137.3
1901980 137.2
1901990 137.1
1902000 137.1
1902010 136.8
1902020 136.6
1902030 136.6
1902040 136.4
1902050 136.2
1902060 136.2
1902070 135.9
1902080 135.7
1902090 135.7
1902100 135.6
1902110 135.7
1902120 135.7
1902130 135.6
1902140 135.6
1902150 135.6
1902160 135.7
1902170 135.8
1902180 135.8
1902190 135.8
1902200 135.9
1902210 135.9
1902220 136.0
1902230 135.9
1902240 135.9
1902250 135.8
1902260 135.7
1902270 135.7
1902280 135.5
1902290 135.3
1902300 135.1
1902310 135.1
1902320 135.1
1902330 135.0
1902340 135.0
1902350 135.1
1902360 135.3
1902370 135.3
1902380 135.5
1902390 135.7
1902400 135.7
1902410 135.9
1902420 136.0
1902430 136.0
1902440 136.1
1902450 136.1
1902460 136.1
1902470 136.2
1902480 136.2
1902490 136.2
1902500 136.1
1902510 136.1
1902520 136.1
1902530 136.1
1902540 136.1
1902550 136.1
1902560 136.1
1902570 136.0
1902580 136.0
1902590 135.9
1902600 135.9
1902610 135.9
1902620 136.0
1902630 136.3
1902640 136.3
1902650 136.1
1902660 135.7
1902670 135.7
1902680 135.7
1902690 135.6
1902700 135.6
1902710 135.4
1902720 135.3
1902730 135.3
1902740 135.3
1902750 135.3
1902760 135.3
1902770 135.3
1902780 135.2
1902790 135.2
1902800 135.3
1902810 135.3
1902820 135.3
1902830 135.3
1902840 135.5
1902850 135.5
1902860 135.7
1902870 136.2
1902880 136.2
1902890 137.2
1902900 139.6
1902910 139.6
1902920 141.1
1902930 142.1
1902940 142.1
1902950 142.5
1902960 142.6
1902970 142.6
1902980 142.1
1902990 141.3
1903000 141.3
1903010 139.8
1903020 139.1
1903030 139.1
1903040 138.9
