1900000 138.0
1900010 137.9
1900020 137.9
1900030 137.9
1900040 137.8
1900050 137.9
1900060 137.9
1900070 137.9
1900080 137.7
1900090 137.7
1900100 137.7
1900110 137.6
1900120 137.6
1900130 137.6
1900140 137.5
1900150 137.5
1900160 137.5
1900170 137.4
1900180 137.4
1900190 137.3
1900200 137.3
1900210 137.3
1900220 137.4
1900230 137.3
1900240 137.3
1900250 137.2
1900260 137.2
1900270 137.2
1900280 137.1
1900290 137.1
1900300 137.1
1900310 137.1
1900320 137.0
1900330 137.0
1900340 137.1
1900350 137.0
1900360 137.0
1900370 137.1
1900380 137.1
1900390 137.1
1900400 137.1
1900410 137.0
1900420 137.0
1900430 137.0
1900440 137.1
1900450 137.1
1900460 137.1
1900470 137.0
1900480 137.0
1900490 137.0
1900500 137.0
1900510 137.0
1900520 136.9
1900530 136.8
1900540 136.8
1900550 136.8
1900560 136.7
1900570 136.7
1900580 136.7
1900590 136.7
1900600 136.7
1900610 136.6
1900620 136.6
1900630 136.6
1900640 136.5
1900650 136.4
1900660 136.4
1900670 136.4
1900680 136.3
1900690 136.3
1900700 136.2
1900710 136.2
1900720 136.2
1900730 136.1
1900740 136.0
1900750 136.0
1900760 136.0
1900770 136.0
1900780 136.0
1900790 136.0
1900800 135.8
1900810 135.8
1900820 135.6
1900830 135.7
1900840 135.7
1900850 135.7
1900860 135.7
1900870 135.7
1900880 135.5
1900890 135.7
1900900 135.7
1900910 135.9
1900920 136.0
1900930 136.0
1900940 136.0
1900950 135.9
1900960 135.9
1900970 135.9
1900980 135.8
1900990 135.8
1901000 135.7
1901010 135.6
1901020 135.6
1901030 135.4
1901040 135.4
1901050 135.4
1901060 135.4
1901070 135.5
1901080 135.5
1901090 135.5
1901100 135.4
1901110 135.4
1901120 135.4
1901130 135.5
1901140 135.5
1901150 135.6
1901160 135.7
1901170 135.7
1901180 135.9
1901190 136.0
1901200 136.0
1901210 136.1
1901220 136.1
1901230 136.1
1901240 136.1
1901250 136.1
1901260 136.1
1901270 136.3
1901280 136.6
1901290 136.6
1901300 136.8
1901310 137.1
1901320 137.1
1901330 137.2
1901340 137.3
1901350 137.3
1901360 137.3
1901370 137.3
1901380 137.3
1901390 137.3
1901400 137.2
1901410 137.2
1901420 137.2
1901430 137.2
1901440 136.7
1901450 136.4
1901460 136.4
1901470 136.4
1901480 136.2
1901490 136.6
1901500 136.3
1901510 136.3
1901520 135.3
1901530 135.3
1901540 135.3
1901550 135.2
1901560 135.2
1901570 135.2
1901580 135.3
1901590 135.2
1901600 135.2
1901610 135.1
1901620 135.0
1901630 135.0
1901640 135.0
1901650 135.0
1901660 135.0
1901670 135.0
1901680 134.9
1901690 134.9
1901700 135.0
1901710 135.1
1901720 135.1
1901730 135.2
1901740 135.2
1901750 135.1
1901760 135.0
1901770 135.0
1901780 135.0
1901790 135.0
1901800 135.0
1901810 135.0
1901820 134.9
1901830 134.9
1901840 134.9
1901850 134.8
1901860 134.8
1901870 134.8
1901880 134.8
1901890 134.8
1901900 134.8
1901910 134.8
1901920 134.9
1901930 134.9
1901940 135.1
1901950 135.3
1901960 135.3
1901970 135.5
1901980 135.7
1901990 135.7
1902000 136.0
1902010 136.2
1902020 136.2
1902030 136.3
1902040 136.5
1902050 136.5
1902060 136.0
1902070 136.4
1902080 136.4
1902090 136.6
1902100 136.7
1902110 136.7
1902120 136.8
1902130 136.9
1902140 136.9
1902150 137.1
1902160 137.2
1902170 137.2
1902180 137.3
1902190 137.4
1902200 137.4
1902210 136.7
1902220 136.1
1902230 136.1
1902240 135.9
1902250 136.4
1902260 136.4
1902270 136.8
1902280 137.1
1902290 137.1
1902300 137.2
1902310 137.2
1902320 137.2
1902330 137.2
1902340 137.2
1902350 137.2
1902360 137.4
1902370 137.5
1902380 137.5
1902390 137.5
1902400 137.4
1902410 137.4
1902420 137.6
1902430 137.8
1902440 137.8
1902450 138.0
1902460 138.0
1902470 138.0
1902480 137.9
1902490 137.7
1902500 137.7
1902510 137.4
1902520 137.0
1902530 137.0
1902540 136.6
1902550 136.3
1902560 136.3
1902570 136.1
1902580 136.0
1902590 136.0
1902600 135.9
1902610 135.8
1902620 135.8
1902630 135.6
1902640 135.4
1902650 135.4
1902660 135.3
1902670 135.0
1902680 135.0
1902690 134.9
1902700 134.9
1902710 134.9
1902720 134.8
1902730 134.8
1902740 134.8
1902750 134.9
1902760 135.0
1902770 135.0
1902780 135.2
1902790 135.3
1902800 135.3
1902810 135.3
1902820 135.4
1902830 135.4
1902840 135.4
1902850 135.5
1902860 135.5
1902870 135.6
1902880 135.6
1902890 135.6
1902900 135.6
1902910 135.6
1902920 135.6
1902930 135.5
1902940 135.5
1902950 135.5
1902960 135.5
1902970 135.4
1902980 135.4
1902990 135.3
1903000 135.3
1903010 135.3
1903020 135.2
1903030 135.1
1903040 135.1
