1900000 137.3
1900010 137.3
1900020 137.3
1900030 137.3
1900040 137.4
1900050 137.4
1900060 137.3
1900070 137.3
1900080 137.3
1900090 137.3
1900100 137.4
1900110 137.4
1900120 137.3
1900130 137.2
1900140 137.2
1900150 137.2
1900160 137.1
1900170 137.1
1900180 137.2
1900190 137.2
1900200 137.2
1900210 137.2
1900220 137.3
1900230 137.3
1900240 137.3
1900250 137.4
1900260 137.4
1900270 137.4
1900280 137.4
1900290 137.4
1900300 137.4
1900310 137.5
1900320 137.5
1900330 137.5
1900340 137.5
1900350 137.5
1900360 137.4
1900370 137.4
1900380 137.4
1900390 137.4
1900400 137.3
1900410 137.3
1900420 137.3
1900430 137.2
1900440 137.2
1900450 137.1
1900460 137.0
1900470 137.0
1900480 137.0
1900490 137.0
1900500 137.0
1900510 137.0
1900520 137.0
1900530 137.0
1900540 137.0
1900550 136.9
1900560 136.9
1900570 136.8
1900580 136.8
1900590 136.8
1900600 136.7
1900610 136.7
1900620 136.7
1900630 136.7
1900640 136.6
1900650 136.6
1900660 136.6
1900670 136.5
1900680 136.5
1900690 136.4
1900700 136.2
1900710 136.2
1900720 136.3
1900730 136.2
1900740 136.2
1900750 136.3
1900760 136.3
1900770 136.3
1900780 136.2
1900790 136.1
1900800 136.1
1900810 136.3
1900820 137.8
1900830 137.8
1900840 140.2
1900850 141.0
1900860 141.0
1900870 139.6
1900880 137.1
1900890 137.1
1900900 136.4
1900910 136.4
1900920 136.3
1900930 136.3
1900940 136.2
1900950 136.0
1900960 136.0
1900970 135.9
1900980 135.9
1900990 135.9
1901000 135.9
1901010 135.8
1901020 135.8
1901030 135.8
1901040 135.8
1901050 135.8
1901060 135.8
1901070 135.8
1901080 135.8
1901090 135.8
1901100 135.9
1901110 135.9
1901120 135.9
1901130 136.1
1901140 136.1
1901150 136.2
1901160 136.3
1901170 136.3
1901180 136.3
1901190 136.4
1901200 136.4
1901210 136.4
1901220 136.3
1901230 135.7
1901240 135.7
1901250 135.7
1901260 135.7
1901270 135.7
1901280 135.8
1901290 135.8
1901300 135.9
1901310 136.1
1901320 136.1
1901330 136.2
1901340 136.2
1901350 136.2
1901360 136.3
1901370 136.2
1901380 136.2
1901390 136.3
1901400 136.2
1901410 136.2
1901420 136.1
1901430 135.9
1901440 135.9
1901450 135.8
1901460 135.7
1901470 135.7
1901480 135.6
1901490 135.4
1901500 135.4
1901510 135.4
1901520 135.3
1901530 135.3
1901540 135.3
1901550 135.2
1901560 135.2
1901570 135.2
1901580 135.3
1901590 135.3
1901600 135.3
1901610 135.4
1901620 135.4
1901630 135.4
1901640 135.3
1901650 135.3
1901660 135.2
1901670 135.1
1901680 135.1
1901690 135.1
1901700 135.1
1901710 135.1
1901720 135.1
1901730 135.1
1901740 135.1
1901750 135.1
1901760 135.1
1901770 135.1
1901780 135.1
1901790 135.1
1901800 135.1
1901810 135.1
1901820 135.1
1901830 135.1
1901840 135.2
1901850 135.5
1901860 135.5
1901870 135.6
1901880 135.7
1901890 135.7
1901900 135.7
1901910 135.9
1901920 135.9
1901930 136.0
1901940 136.1
1901950 136.1
1901960 136.1
1901970 136.0
1901980 136.0
1901990 135.9
1902000 135.8
1902010 135.8
1902020 135.7
1902030 135.5
1902040 135.5
1902050 135.4
1902060 135.3
1902070 135.3
1902080 135.3
1902090 135.2
1902100 135.2
1902110 135.2
1902120 135.2
1902130 135.2
1902140 135.2
1902150 135.3
1902160 135.2
1902170 135.3
1902180 135.4
1902190 135.4
1902200 135.7
1902210 136.0
1902220 136.0
1902230 136.4
1902240 136.6
1902250 136.6
1902260 136.8
1902270 136.9
1902280 136.9
1902290 137.2
1902300 137.4
1902310 137.4
1902320 137.5
1902330 137.7
1902340 137.7
1902350 137.8
1902360 137.8
1902370 137.8
1902380 137.8
1902390 137.7
1902400 137.7
1902410 137.7
1902420 137.6
1902430 137.6
1902440 137.3
1902450 137.0
1902460 137.0
1902470 136.6
1902480 136.4
1902490 136.4
1902500 136.1
1902510 135.9
1902520 135.9
1902530 135.8
1902540 135.8
1902550 135.8
1902560 135.6
1902570 135.2
1902580 135.2
1902590 135.0
1902600 134.9
1902610 134.9
1902620 134.9
1902630 134.9
1902640 134.9
1902650 134.9
1902660 135.0
1902670 135.0
1902680 135.0
1902690 135.0
1902700 135.0
1902710 135.1
1902720 135.2
1902730 135.4
1902740 135.4
1902750 135.5
1902760 135.6
1902770 135.6
1902780 135.6
1902790 135.7
1902800 135.7
1902810 135.7
1902820 135.8
1902830 135.8
1902840 135.7
1902850 135.7
1902860 135.7
1902870 135.6
1902880 135.6
1902890 135.6
1902900 135.6
1902910 135.6
1902920 135.6
1902930 135.5
1902940 135.4
1902950 135.4
1902960 135.3
1902970 135.3
1902980 135.3
1902990 135.3
1903000 135.3
1903010 135.3
1903020 135.3
1903030 135.3
1903040 135.3
