1900000 139.1
1900010 139.1
1900020 139.2
1900030 139.2
1900040 139.1
1900050 139.0
1900060 139.0
1900070 139.0
1900080 139.0
1900090 139.0
1900100 139.1
1900110 139.1
1900120 139.1
1900130 139.1
1900140 139.3
1900150 139.3
1900160 139.3
1900170 139.4
1900180 139.4
1900190 139.5
1900200 139.6
1900210 139.6
1900220 139.6
1900230 139.6
1900240 139.6
1900250 139.6
1900260 139.6
1900270 139.6
1900280 139.3
1900290 139.2
1900300 138.9
1900310 138.8
1900320 138.5
1900330 138.5
1900340 138.3
1900350 138.0
1900360 138.0
1900370 137.9
1900380 137.9
1900390 137.9
1900400 137.7
1900410 137.7
1900420 137.7
1900430 137.7
1900440 137.6
1900450 137.6
1900460 137.5
1900470 137.5
1900480 137.5
1900490 137.4
1900500 137.4
1900510 137.4
1900520 137.4
1900530 137.3
1900540 137.3
1900550 137.1
1900560 137.1
1900570 137.1
1900580 137.0
1900590 137.0
1900600 137.0
1900610 136.9
1900620 136.8
1900630 136.8
1900640 136.9
1900650 136.7
1900660 136.7
1900670 136.6
1900680 136.5
1900690 136.5
1900700 136.5
1900710 136.5
1900720 136.5
1900730 136.5
1900740 136.4
1900750 136.4
1900760 136.4
1900770 136.3
1900780 136.3
1900790 136.2
1900800 136.1
1900810 136.1
1900820 136.0
1900830 135.9
1900840 135.9
1900850 135.8
1900860 135.8
1900870 135.8
1900880 135.8
1900890 135.6
1900900 135.6
1900910 135.7
1900920 135.7
1900930 135.7
1900940 135.7
1900950 135.6
1900960 135.6
1900970 135.8
1900980 135.8
1900990 135.8
1901000 135.5
1901010 135.5
1901020 135.5
1901030 135.4
1901040 135.5
1901050 135.5
1901060 135.5
1901070 135.5
1901080 135.5
1901090 135.5
1901100 135.4
1901110 135.4
1901120 135.4
1901130 135.2
1901140 135.2
1901150 135.2
1901160 135.2
1901170 135.2
1901180 135.1
1901190 135.1
1901200 135.1
1901210 135.1
1901220 135.1
1901230 135.1
1901240 135.0
1901250 135.0
1901260 135.0
1901270 135.1
1901280 135.1
1901290 135.1
1901300 135.2
1901310 135.2
1901320 135.2
1901330 135.2
1901340 135.2
1901350 135.3
1901360 135.3
1901370 135.3
1901380 135.5
1901390 135.5
1901400 135.8
1901410 136.2
1901420 136.2
1901430 136.5
1901440 136.7
1901450 136.7
1901460 136.6
1901470 136.4
1901480 136.4
1901490 136.4
1901500 136.3
1901510 136.3
1901520 136.2
1901530 136.1
1901540 136.2
1901550 136.2
1901560 136.1
1901570 136.1
1901580 135.9
1901590 135.7
1901600 135.7
1901610 135.4
1901620 135.2
1901630 135.2
1901640 135.1
1901650 135.1
1901660 135.1
1901670 135.1
1901680 135.1
1901690 135.1
1901700 135.2
1901710 135.3
1901720 135.3
1901730 135.3
1901740 135.4
1901750 135.4
1901760 135.5
1901770 135.5
1901780 135.5
1901790 135.5
1901800 135.5
1901810 135.5
1901820 135.6
1901830 135.7
1901840 135.7
1901850 136.1
1901860 136.2
1901870 136.2
1901880 136.4
1901890 136.6
1901900 136.6
1901910 136.9
1901920 137.0
1901930 137.0
1901940 137.0
1901950 137.0
1901960 137.0
1901970 137.0
1901980 137.0
1901990 137.0
1902000 136.9
1902010 136.8
1902020 136.8
1902030 136.8
1902040 136.7
1902050 136.7
1902060 136.7
1902070 136.7
1902080 136.7
1902090 136.6
1902100 136.4
1902110 136.4
1902120 136.3
1902130 136.2
1902140 136.2
1902150 136.1
1902160 136.0
1902170 136.0
1902180 136.0
1902190 135.9
1902200 135.9
1902210 135.6
1902220 135.3
1902230 135.3
1902240 135.1
1902250 134.9
1902260 134.9
1902270 135.0
1902280 135.2
1902290 135.2
1902300 135.1
1902310 134.9
1902320 134.9
1902330 134.8
1902340 135.0
1902350 135.0
1902360 135.2
1902370 135.3
1902380 135.3
1902390 135.4
1902400 135.6
1902410 135.6
1902420 135.8
1902430 136.1
1902440 136.1
1902450 136.4
1902460 136.7
1902470 136.8
1902480 137.0
1902490 137.1
1902500 137.1
1902510 137.1
1902520 137.0
1902530 137.0
1902540 136.8
1902550 136.7
1902560 136.7
1902570 136.7
1902580 136.7
1902590 136.7
1902600 136.6
1902610 136.6
1902620 136.6
1902630 136.6
1902640 136.6
1902650 136.6
1902660 136.7
1902670 136.9
1902680 136.9
1902690 137.0
1902700 137.0
1902710 137.0
1902720 137.1
1902730 137.3
1902740 137.3
1902750 137.5
1902760 137.6
1902770 137.6
1902780 137.6
1902790 137.6
1902800 137.6
1902810 137.5
1902820 137.3
1902830 137.3
1902840 137.2
1902850 136.9
1902860 136.9
1902870 136.7
1902880 136.5
1902890 136.5
1902900 136.3
1902910 136.0
1902920 136.0
1902930 135.8
1902940 135.6
1902950 135.6
1902960 135.5
1902970 135.6
1902980 135.6
1902990 135.6
1903000 135.5
1903010 135.5
1903020 135.5
1903030 135.5
1903040 135.5
