1900000 138.9
1900010 138.9
1900020 138.9
1900030 138.7
1900040 138.7
1900050 138.7
1900060 138.6
1900070 138.6
1900080 138.5
1900090 138.5
1900100 138.5
1900110 138.3
1900120 138.2
1900130 138.2
1900140 138.1
1900150 138.0
1900160 138.0
1900170 137.9
1900180 137.7
1900190 137.6
1900200 137.5
1900210 137.3
1900220 137.3
1900230 137.2
1900240 137.2
1900250 137.2
1900260 137.1
1900270 137.1
1900280 137.1
1900290 137.1
1900300 137.0
1900310 137.0
1900320 137.0
1900330 136.9
1900340 136.9
1900350 137.0
1900360 136.9
1900370 136.9
1900380 137.0
1900390 137.1
1900400 137.1
1900410 137.1
1900420 137.1
1900430 137.1
1900440 137.1
1900450 137.1
1900460 137.1
1900470 137.1
1900480 137.0
1900490 137.0
1900500 136.9
1900510 136.9
1900520 136.9
1900530 136.9
1900540 136.8
1900550 136.8
1900560 136.8
1900570 136.8
1900580 136.8
1900590 136.7
1900600 136.6
1900610 136.6
1900620 136.6
1900630 136.6
1900640 136.6
1900650 136.5
1900660 136.5
1900670 136.5
1900680 136.4
1900690 136.3
1900700 136.3
1900710 136.2
1900720 136.2
1900730 136.2
1900740 136.1
1900750 136.0
1900760 136.0
1900770 136.0
1900780 135.9
1900790 135.9
1900800 135.9
1900810 135.9
1900820 135.9
1900830 135.7
1900840 135.7
1900850 135.7
1900860 135.7
1900870 135.8
1900880 135.8
1900890 135.7
1900900 135.5
1900910 135.5
1900920 135.6
1900930 135.6
1900940 135.6
1900950 135.5
1900960 135.5
1900970 135.5
1900980 135.5
1900990 135.4
1901000 135.4
1901010 135.5
1901020 135.4
1901030 135.4
1901040 135.4
1901050 135.4
1901060 135.4
1901070 135.5
1901080 135.6
1901090 135.6
1901100 135.6
1901110 135.8
1901120 135.8
1901130 135.7
1901140 135.8
1901150 135.8
1901160 135.8
1901170 135.9
1901180 135.9
1901190 135.8
1901200 135.9
1901210 135.9
1901220 135.9
1901230 136.0
1901240 136.0
1901250 136.0
1901260 136.1
1901270 136.1
1901280 136.1
1901290 136.1
1901300 136.1
1901310 136.2
1901320 136.2
1901330 136.2
1901340 136.3
1901350 136.3
1901360 136.3
1901370 136.3
1901380 136.3
1901390 136.3
1901400 136.3
1901410 136.3
1901420 136.3
1901430 136.3
1901440 136.1
1901450 136.1
1901460 136.0
1901470 135.8
1901480 135.8
1901490 135.7
1901500 135.7
1901510 135.7
1901520 135.6
1901530 135.5
1901540 135.5
1901550 135.4
1901560 135.2
1901570 135.2
1901580 135.1
1901590 135.0
1901600 135.0
1901610 134.9
1901620 134.8
1901630 134.8
1901640 134.8
1901650 134.9
1901660 134.9
1901670 135.0
1901680 135.0
1901690 135.0
1901700 135.1
1901710 135.2
1901720 135.2
1901730 135.3
1901740 135.4
1901750 135.5
1901760 135.5
1901770 135.4
1901780 135.4
1901790 135.4
1901800 135.5
1901810 135.5
1901820 135.5
1901830 135.5
1901840 135.4
1901850 135.4
1901860 135.3
1901870 135.2
1901880 135.2
1901890 135.0
1901900 135.0
1901910 135.0
1901920 135.0
1901930 134.9
1901940 134.9
1901950 134.9
1901960 134.9
1901970 134.9
1901980 134.9
1901990 134.8
1902000 134.8
1902010 134.8
1902020 134.9
1902030 134.9
1902040 135.0
1902050 135.1
1902060 134.9
1902070 135.2
1902080 135.4
1902090 135.4
1902100 135.6
1902110 135.7
1902120 135.7
1902130 135.7
1902140 135.6
1902150 135.6
1902160 135.4
1902170 135.3
1902180 135.3
1902190 135.3
1902200 135.3
1902210 135.3
1902220 135.3
1902230 135.4
1902240 135.4
1902250 135.5
1902260 135.6
1902270 135.6
1902280 135.9
1902290 136.3
1902300 136.3
1902310 136.7
1902320 137.1
1902330 137.1
1902340 137.2
1902350 137.2
1902360 137.3
1902370 137.2
1902380 137.2
1902390 137.2
1902400 137.3
1902410 137.4
1902420 137.4
1902430 137.6
1902440 137.6
1902450 137.6
1902460 137.5
1902470 137.3
1902480 137.3
1902490 137.4
1902500 137.5
1902510 137.5
1902520 137.6
1902530 137.6
1902540 137.6
1902550 137.6
1902560 137.6
1902570 137.6
1902580 137.5
1902590 137.4
1902600 137.4
1902610 137.3
1902620 137.1
1902630 137.1
1902640 136.8
1902650 136.6
1902660 136.6
1902670 136.0
1902680 135.7
1902690 135.7
1902700 135.5
1902710 135.4
1902720 135.4
1902730 135.2
1902740 135.1
1902750 135.1
1902760 135.0
1902770 135.0
1902780 135.0
1902790 134.9
1902800 134.9
1902810 134.9
1902820 134.9
1902830 134.8
1902840 134.8
1902850 134.8
1902860 134.8
1902870 134.8
1902880 134.8
1902890 135.0
1902900 135.0
1902910 135.2
1902920 135.4
1902930 135.4
1902940 135.4
1902950 135.4
1902960 135.4
1902970 135.4
1902980 135.3
1902990 135.3
1903000 135.4
1903010 135.4
1903020 135.4
1903030 135.3
