1900000 137.5
1900010 137.5
1900020 137.5
1900030 137.6
1900040 137.5
1900050 137.5
1900060 137.5
1900070 137.5
1900080 137.5
1900090 137.6
1900100 137.5
1900110 137.5
1900120 137.4
1900130 137.3
1900140 137.3
1900150 137.2
1900160 137.3
1900170 137.3
1900180 137.3
1900190 137.2
1900200 137.2
1900210 137.3
1900220 137.3
1900230 137.3
1900240 137.4
1900250 137.3
1900260 137.3
1900270 137.3
1900280 137.3
1900290 137.3
1900300 137.3
1900310 137.3
1900320 137.3
1900330 137.3
1900340 137.3
1900350 137.3
1900360 137.3
1900370 137.3
1900380 137.2
1900390 137.2
1900400 137.2
1900410 137.1
1900420 137.1
1900430 137.1
1900440 137.0
1900450 137.0
1900460 137.1
1900470 137.0
1900480 137.0
1900490 137.0
1900500 137.0
1900510 137.0
1900520 137.0
1900530 136.9
1900540 136.9
1900550 136.8
1900560 136.8
1900570 136.8
1900580 136.7
1900590 136.7
1900600 136.7
1900610 136.7
1900620 136.6
1900630 136.6
1900640 136.6
1900650 136.5
1900660 136.5
1900670 136.4
1900680 136.3
1900690 136.3
1900700 136.2
1900710 136.2
1900720 136.2
1900730 136.2
1900740 136.2
1900750 136.2
1900760 136.1
1900770 135.9
1900780 135.9
1900790 135.8
1900800 135.7
1900810 135.7
1900820 135.8
1900830 135.9
1900840 135.9
1900850 135.9
1900860 136.2
1900870 136.2
1900880 137.1
1900890 138.2
1900900 138.2
1900910 138.1
1900920 136.8
1900930 136.8
1900940 137.0
1900950 136.5
1900960 136.5
1900970 135.6
1900980 135.5
1900990 135.5
1901000 135.4
1901010 135.3
1901020 135.3
1901030 135.2
1901040 135.3
1901050 135.3
1901060 135.4
1901070 135.4
1901080 135.4
1901090 135.3
1901100 135.4
1901110 135.4
1901120 135.5
1901130 135.5
1901140 135.5
1901150 135.7
1901160 135.8
1901170 135.8
1901180 135.9
1901190 136.2
1901200 136.2
1901210 136.4
1901220 136.6
1901230 136.6
1901240 136.6
1901250 136.6
1901260 136.6
1901270 136.6
1901280 136.5
1901290 136.5
1901300 136.4
1901310 136.2
1901320 136.2
1901330 136.1
1901340 136.0
1901350 136.0
1901360 135.9
1901370 135.9
1901380 135.9
1901390 135.9
1901400 135.9
1901410 135.9
1901420 135.9
1901430 135.8
1901440 135.8
1901450 135.8
1901460 136.0
1901470 136.0
1901480 135.7
1901490 135.6
1901500 135.6
1901510 135.5
1901520 135.3
1901530 135.3
1901540 135.2
1901550 135.2
1901560 135.2
1901570 135.2
1901580 135.2
1901590 135.2
1901600 135.3
1901610 135.3
1901620 135.3
1901630 135.3
1901640 135.2
1901650 135.2
1901660 135.1
1901670 135.1
1901680 135.1
1901690 135.1
1901700 135.1
1901710 135.1
1901720 135.1
1901730 135.1
1901740 135.1
1901750 135.1
1901760 135.0
1901770 135.0
1901780 135.0
1901790 135.0
1901800 135.0
1901810 135.0
1901820 134.9
1901830 134.9
1901840 134.9
1901850 135.0
1901860 135.0
1901870 135.0
1901880 135.1
1901890 135.1
1901900 135.2
1901910 135.4
1901920 135.4
1901930 135.5
1901940 135.7
1901950 135.7
1901960 135.7
1901970 135.7
1901980 135.7
1901990 135.7
1902000 135.7
1902010 135.7
1902020 135.6
1902030 135.6
1902040 135.6
1902050 135.5
1902060 135.4
1902070 135.4
1902080 135.4
1902090 135.3
1902100 135.3
1902110 135.2
1902120 135.3
1902130 135.3
1902140 135.6
1902150 136.3
1902160 135.3
1902170 135.4
1902180 135.7
1902190 136.4
1902200 136.4
1902210 136.8
1902220 137.1
1902230 137.1
1902240 137.2
1902250 137.4
1902260 137.4
1902270 137.5
1902280 137.6
1902290 137.6
1902300 137.7
1902310 137.7
1902320 137.7
1902330 137.5
1902340 137.4
1902350 137.4
1902360 137.5
1902370 137.7
1902380 137.7
1902390 138.0
1902400 138.1
1902410 138.1
1902420 138.1
1902430 137.9
1902440 137.9
1902450 137.7
1902460 137.5
1902470 137.1
1902480 136.7
1902490 136.6
1902500 136.6
1902510 136.5
1902520 136.5
1902530 136.5
1902540 136.1
1902550 135.7
1902560 135.7
1902570 135.5
1902580 135.3
1902590 135.3
1902600 135.2
1902610 135.1
1902620 135.1
1902630 135.1
1902640 135.0
1902650 135.0
1902660 134.9
1902670 134.8
1902680 134.8
1902690 134.9
1902700 135.0
1902710 135.0
1902720 135.1
1902730 135.1
1902740 135.1
1902750 135.1
1902760 135.3
1902770 135.3
1902780 135.6
1902790 135.7
1902800 135.7
1902810 135.7
1902820 135.6
1902830 135.6
1902840 135.6
1902850 135.6
1902860 135.6
1902870 135.6
1902880 135.6
1902890 135.6
1902900 135.7
1902910 135.6
1902920 135.6
1902930 135.6
1902940 135.4
1902950 135.4
1902960 135.4
1902970 135.3
1902980 135.3
1902990 135.2
1903000 135.2
1903010 135.2
1903020 135.1
1903030 135.0
1903040 135.0
