1900000 138.3
1900010 138.1
1900020 139.4
1900030 139.4
1900040 140.5
1900050 140.3
1900060 140.3
1900070 140.2
1900080 140.1
1900090 140.0
1900100 139.9
1900110 139.8
1900120 139.8
1900130 139.8
1900140 139.8
1900150 139.8
1900160 139.8
1900170 139.8
1900180 139.8
1900190 139.7
1900200 139.6
1900210 139.6
1900220 139.5
1900230 139.5
1900240 139.5
1900250 139.5
1900260 139.4
1900270 139.4
1900280 139.3
1900290 139.2
1900300 139.2
1900310 138.7
1900320 138.1
1900330 138.1
1900340 137.0
1900350 136.2
1900360 136.2
1900370 136.0
1900380 136.0
1900390 136.0
1900400 136.0
1900410 136.1
1900420 136.1
1900430 136.1
1900440 136.1
1900450 136.1
1900460 136.1
1900470 136.0
1900480 136.0
1900490 136.0
1900500 136.0
1900510 136.0
1900520 136.0
1900530 135.9
1900540 135.9
1900550 135.9
1900560 135.9
1900570 135.9
1900580 135.9
1900590 135.9
1900600 135.9
1900610 135.8
1900620 135.9
1900630 135.9
1900640 136.0
1900650 136.0
1900660 136.0
1900670 136.1
1900680 136.4
1900690 136.4
1900700 136.5
1900710 136.5
1900720 136.6
1900730 136.5
1900740 136.5
1900750 136.5
1900760 136.5
1900770 136.5
1900780 136.5
1900790 136.4
1900800 136.4
1900810 136.4
1900820 136.3
1900830 136.3
1900840 136.3
1900850 136.2
1900860 136.2
1900870 136.2
1900880 136.1
1900890 136.0
1900900 136.0
1900910 136.0
1900920 136.0
1900930 136.0
1900940 136.0
1900950 136.0
1900960 136.0
1900970 136.0
1900980 136.1
1900990 136.2
1901000 136.2
1901010 136.3
1901020 136.4
1901030 136.7
1901040 136.7
1901050 136.8
1901060 136.8
1901070 136.8
1901080 136.9
1901090 136.9
1901100 136.9
1901110 136.9
1901120 136.9
1901130 136.8
1901140 136.6
1901150 136.6
1901160 136.5
1901170 136.5
1901180 136.5
1901190 136.5
1901200 136.5
1901210 136.5
1901220 136.4
1901230 136.4
1901240 136.4
1901250 136.3
1901260 136.2
1901270 136.2
1901280 136.2
1901290 136.3
1901300 136.3
1901310 136.3
1901320 136.3
1901330 136.3
1901340 136.6
1901350 136.7
1901360 136.7
1901370 136.6
1901380 136.7
1901390 136.7
1901400 136.8
1901410 136.9
1901420 136.9
1901430 136.9
1901440 136.7
1901450 136.7
1901460 136.5
1901470 136.4
1901480 136.4
1901490 136.6
1901500 136.9
1901510 136.9
1901520 137.1
1901530 137.0
1901540 137.0
1901550 136.8
1901560 136.7
1901570 136.7
1901580 136.7
1901590 136.8
1901600 136.8
1901610 136.9
1901620 137.1
1901630 137.1
1901640 137.3
1901650 137.6
1901660 137.6
1901670 137.7
1901680 137.6
1901690 137.6
1901700 137.6
1901710 137.6
1901720 137.6
1901730 137.6
1901740 137.6
1901750 137.6
1901760 137.7
1901770 137.7
1901780 137.7
1901790 137.8
1901800 137.8
1901810 137.8
1901820 137.8
1901830 137.7
1901840 137.7
1901850 137.5
1901860 137.4
1901870 137.4
1901880 137.4
1901890 137.5
1901900 137.5
1901910 137.5
1901920 137.5
1901930 137.5
1901940 137.4
1901950 137.3
1901960 137.3
1901970 137.2
1901980 137.1
1901990 137.1
1902000 136.9
1902010 136.7
1902020 136.7
1902030 136.5
1902040 136.2
1902050 136.2
1902060 136.1
1902070 135.9
1902080 135.9
1902090 135.7
1902100 135.6
1902110 135.6
1902120 135.6
1902130 135.5
1902140 135.5
1902150 135.5
1902160 135.4
1902170 135.4
1902180 135.4
1902190 135.4
1902200 135.4
1902210 135.4
1902220 135.3
1902230 135.3
1902240 135.2
1902250 135.1
1902260 135.1
1902270 134.9
1902280 134.9
1902290 134.9
1902300 134.9
1902310 134.9
1902320 134.9
1902330 135.0
1902340 135.1
1902350 135.1
1902360 135.3
1902370 135.5
1902380 135.5
1902390 135.7
1902400 135.9
1902410 135.9
1902420 136.1
1902430 136.2
1902440 136.2
1902450 136.2
1902460 136.2
1902470 136.2
1902480 136.2
1902490 136.3
1902500 136.3
1902510 136.3
1902520 136.3
1902530 136.3
1902540 136.3
1902550 136.3
1902560 136.3
1902570 136.2
1902580 136.1
1902590 136.1
1902600 136.0
1902610 136.0
1902620 136.0
1902630 135.9
1902640 135.8
1902650 135.8
1902660 135.7
1902670 135.5
1902680 135.5
1902690 135.5
1902700 135.7
1902710 135.7
1902720 136.2
1902730 136.0
1902740 136.0
1902750 135.5
1902760 135.5
1902770 135.5
1902780 135.6
1902790 135.7
1902800 135.9
1902810 135.9
1902820 136.1
1902830 136.1
1902840 136.1
1902850 136.4
1902860 136.7
1902870 136.7
1902880 136.8
1902890 136.9
1902900 136.9
