1900000 137.2
1900010 137.2
1900020 137.1
1900030 137.0
1900040 137.0
1900050 137.1
1900060 137.0
1900070 137.0
1900080 137.1
1900090 137.0
1900100 137.0
1900110 137.0
1900120 136.9
1900130 136.9
1900140 137.1
1900150 137.1
1900160 136.9
1900170 136.9
1900180 136.9
1900190 136.8
1900200 136.8
1900210 136.9
1900220 136.9
1900230 136.9
1900240 136.9
1900250 137.0
1900260 137.0
1900270 137.0
1900280 137.2
1900290 137.2
1900300 137.2
1900310 137.3
1900320 137.3
1900330 137.4
1900340 137.4
1900350 137.4
1900360 137.4
1900370 137.5
1900380 137.5
1900390 137.4
1900400 137.4
1900410 137.4
1900420 137.3
1900430 137.2
1900440 137.2
1900450 137.2
1900460 137.1
1900470 137.1
1900480 137.0
1900490 136.9
1900500 136.9
1900510 136.9
1900520 137.0
1900530 137.0
1900540 136.9
1900550 136.9
1900560 136.9
1900570 136.9
1900580 136.9
1900590 136.9
1900600 136.8
1900610 136.8
1900620 136.8
1900630 136.8
1900640 136.9
1900650 136.9
1900660 136.9
1900670 137.0
1900680 137.0
1900690 136.9
1900700 136.9
1900710 136.9
1900720 136.9
1900730 136.8
1900740 136.8
1900750 136.5
1900760 136.5
1900770 136.5
1900780 136.4
1900790 136.4
1900800 136.4
1900810 136.3
1900820 136.3
1900830 136.3
1900840 136.3
1900850 136.3
1900860 136.3
1900870 136.3
1900880 136.3
1900890 136.3
1900900 136.3
1900910 136.3
1900920 136.3
1900930 136.3
1900940 136.2
1900950 136.2
1900960 136.2
1900970 136.1
1900980 136.1
1900990 136.0
1901000 136.0
1901010 136.0
1901020 135.9
1901030 135.8
1901040 135.8
1901050 135.8
1901060 135.7
1901070 135.7
1901080 135.8
1901090 135.9
1901100 135.9
1901110 135.7
1901120 135.6
1901130 135.6
1901140 135.6
1901150 135.6
1901160 135.6
1901170 135.6
1901180 135.6
1901190 135.6
1901200 135.5
1901210 135.5
1901220 135.5
1901230 135.4
1901240 135.5
1901250 135.5
1901260 135.5
1901270 135.6
1901280 135.6
1901290 135.6
1901300 135.7
1901310 135.7
1901320 135.8
1901330 136.0
1901340 136.0
1901350 136.2
1901360 136.4
1901370 136.4
1901380 136.4
1901390 136.3
1901400 136.3
1901410 136.2
1901420 136.0
1901430 136.0
1901440 135.8
1901450 135.7
1901460 135.7
1901470 135.7
1901480 135.7
1901490 135.7
1901500 135.6
1901510 135.5
1901520 135.5
1901530 135.4
1901540 135.4
1901550 135.4
1901560 135.4
1901570 135.3
1901580 135.3
1901590 135.3
1901600 135.2
1901610 135.2
1901620 135.2
1901630 135.3
1901640 135.3
1901650 135.3
1901660 135.4
1901670 135.4
1901680 135.3
1901690 135.2
1901700 135.2
1901710 135.2
1901720 135.2
1901730 135.2
1901740 135.3
1901750 135.5
1901760 135.5
1901770 135.7
1901780 135.9
1901790 135.9
1901800 136.0
1901810 136.0
1901820 136.0
1901830 136.1
1901840 136.1
1901850 136.2
1901860 136.2
1901870 136.2
1901880 136.2
1901890 136.2
1901900 136.2
1901910 136.2
1901920 136.2
1901930 136.1
1901940 136.1
1901950 136.1
1901960 136.0
1901970 135.9
1901980 135.9
1901990 135.8
1902000 135.7
1902010 135.7
1902020 135.6
1902030 135.4
1902040 135.4
1902050 135.3
1902060 135.2
1902070 135.2
1902080 135.1
1902090 135.1
1902100 135.1
1902110 135.0
1902120 135.1
1902130 135.1
1902140 135.2
1902150 135.4
1902160 135.7
1902170 136.1
1902180 136.5
1902190 136.5
1902200 137.0
1902210 137.3
1902220 137.3
1902230 137.6
1902240 137.8
1902250 137.8
1902260 137.9
1902270 137.8
1902280 137.8
1902290 137.8
1902300 137.6
1902310 137.6
1902320 137.5
1902330 137.5
1902340 137.5
1902350 137.4
1902360 137.4
1902370 137.4
1902380 137.2
1902390 137.3
1902400 137.3
1902410 137.5
1902420 137.6
1902430 137.6
1902440 137.7
1902450 137.7
1902460 137.7
1902470 137.6
1902480 137.6
1902490 137.6
1902500 137.6
1902510 137.3
1902520 137.3
1902530 136.1
1902540 135.4
1902550 135.4
1902560 135.5
1902570 136.1
1902580 136.1
1902590 137.8
1902600 141.9
1902610 141.9
1902620 142.1
1902630 141.5
1902640 141.5
1902650 141.4
1902660 140.0
1902670 140.0
1902680 136.6
1902690 135.6
1902700 135.6
1902710 135.6
1902720 135.7
1902730 135.7
1902740 135.7
1902750 135.8
1902760 135.8
1902770 135.8
1902780 135.9
1902790 135.9
1902800 135.9
1902810 136.0
1902820 136.0
1902830 136.1
1902840 136.2
1902850 136.2
1902860 136.2
1902870 136.1
1902880 136.1
1902890 136.0
1902900 135.8
1902910 135.8
1902920 135.6
1902930 135.5
1902940 135.5
1902950 135.3
1902960 135.2
1902970 135.2
1902980 135.1
1902990 135.1
1903000 135.1
1903010 135.1
1903020 135.2
1903030 135.2
1903040 135.3
