1900000 136.8
1900010 136.7
1900020 136.7
1900030 136.6
1900040 136.6
1900050 136.6
1900060 136.7
1900070 137.0
1900080 137.0
1900090 140.0
1900100 139.9
1900110 139.9
1900120 139.8
1900130 139.7
1900140 139.7
1900150 139.6
1900160 139.6
1900170 139.6
1900180 139.5
1900190 139.4
1900200 139.4
1900210 139.2
1900220 139.0
1900230 139.0
1900240 138.8
1900250 138.7
1900260 138.7
1900270 138.6
1900280 138.5
1900290 138.5
1900300 138.5
1900310 138.4
1900320 138.4
1900330 138.3
1900340 138.3
1900350 138.3
1900360 138.2
1900370 138.2
1900380 138.2
1900390 138.2
1900400 138.5
1900410 138.5
1900420 138.5
1900430 138.4
1900440 138.4
1900450 138.3
1900460 138.3
1900470 138.3
1900480 138.2
1900490 138.0
1900500 138.0
1900510 137.9
1900520 138.0
1900530 138.0
1900540 138.2
1900550 138.2
1900560 138.2
1900570 137.4
1900580 136.2
1900590 136.2
1900600 135.8
1900610 135.5
1900620 135.5
1900630 135.3
1900640 135.2
1900650 135.2
1900660 135.2
1900670 135.2
1900680 135.2
1900690 135.3
1900700 135.3
1900710 135.3
1900720 135.2
1900730 135.3
1900740 135.3
1900750 135.4
1900760 135.4
1900770 135.4
1900780 135.4
1900790 135.3
1900800 135.3
1900810 135.3
1900820 135.3
1900830 135.3
1900840 135.3
1900850 135.3
1900860 135.3
1900870 135.2
1900880 135.2
1900890 135.2
1900900 135.2
1900910 135.1
1900920 135.1
1900930 135.1
1900940 135.0
1900950 135.0
1900960 134.9
1900970 134.8
1900980 134.8
1900990 134.8
1901000 134.9
1901010 134.9
1901020 135.0
1901030 135.0
1901040 135.0
1901050 135.1
1901060 135.3
1901070 135.3
1901080 135.4
1901090 135.6
1901100 135.6
1901110 135.8
1901120 136.0
1901130 136.0
1901140 136.1
1901150 136.2
1901160 136.2
1901170 136.4
1901180 136.5
1901190 136.5
1901200 136.5
1901210 136.5
1901220 136.5
1901230 136.4
1901240 136.4
1901250 136.4
1901260 136.3
1901270 136.3
1901280 136.3
1901290 136.3
1901300 136.2
1901310 136.2
1901320 136.1
1901330 136.2
1901340 136.2
1901350 136.2
1901360 136.3
1901370 136.3
1901380 136.3
1901390 136.3
1901400 136.3
1901410 136.4
1901420 136.4
1901430 136.5
1901440 136.5
1901450 136.5
1901460 136.6
1901470 136.6
1901480 136.6
1901490 136.7
1901500 136.7
1901510 136.8
1901520 136.9
1901530 136.9
1901540 136.9
1901550 136.9
1901560 136.9
1901570 136.8
1901580 136.7
1901590 136.7
1901600 136.5
1901610 136.4
1901620 136.4
1901630 136.4
1901640 136.5
1901650 136.6
1901660 136.7
1901670 136.7
1901680 136.7
1901690 136.8
1901700 136.9
1901710 136.9
1901720 136.8
1901730 136.9
1901740 136.9
1901750 136.9
1901760 136.7
1901770 136.7
1901780 136.7
1901790 136.6
1901800 136.6
1901810 136.6
1901820 136.6
1901830 136.6
1901840 136.5
1901850 136.4
1901860 136.4
1901870 136.5
1901880 136.6
1901890 136.6
1901900 136.6
1901910 136.7
1901920 136.7
1901930 136.8
1901940 136.8
1901950 136.8
1901960 136.9
1901970 136.8
1901980 136.8
1901990 136.6
1902000 136.4
1902010 136.4
1902020 136.2
1902030 135.9
1902040 135.9
1902050 135.8
1902060 135.7
1902070 135.7
1902080 135.7
1902090 135.8
1902100 135.8
1902110 135.8
1902120 136.0
1902130 136.0
1902140 136.1
1902150 136.1
1902160 136.1
1902170 136.2
1902180 136.3
1902190 136.3
1902200 136.2
1902210 136.2
1902220 136.2
1902230 136.1
1902240 136.1
1902250 136.1
1902260 135.9
1902270 135.6
1902280 135.6
1902290 135.4
1902300 135.2
1902310 135.2
1902320 134.9
1902330 134.7
1902340 134.7
1902350 134.7
1902360 134.8
1902370 134.8
1902380 135.1
1902390 135.4
1902400 135.4
1902410 135.7
1902420 135.9
1902430 135.9
1902440 136.0
1902450 136.0
1902460 136.0
1902470 136.0
1902480 136.0
1902490 136.0
1902500 136.0
1902510 136.1
1902520 136.1
1902530 136.1
1902540 136.1
1902550 136.1
1902560 136.0
1902570 136.0
1902580 136.0
1902590 136.1
1902600 136.4
1902610 136.4
1902620 136.8
1902630 136.0
1902640 136.0
1902650 135.8
1902660 135.6
1902670 135.6
1902680 135.5
1902690 135.5
1902700 135.5
1902710 135.4
1902720 135.2
1902730 135.2
1902740 135.2
1902750 135.4
1902760 135.4
1902770 135.3
1902780 135.9
1902790 135.9
1902800 137.9
1902810 139.5
1902820 139.5
1902830 139.8
1902840 139.2
1902850 139.2
1902860 137.9
1902870 136.2
1902880 139.6
1902890 138.9
1902900 137.5
1902910 137.5
1902920 136.2
1902930 135.9
1902940 135.9
1902950 135.9
1902960 136.6
1902970 136.6
1902980 137.4
1902990 137.6
1903000 137.6
1903010 137.7
1903020 137.7
1903030 137.7
1903040 137.5
