1900000 139.2
1900010 139.2
1900020 139.3
1900030 139.3
1900040 139.3
1900050 139.3
1900060 139.4
1900070 139.4
1900080 139.5
1900090 139.5
1900100 139.5
1900110 139.5
1900120 139.4
1900130 139.4
1900140 139.3
1900150 139.2
1900160 139.2
1900170 139.0
1900180 138.8
1900190 138.4
1900200 138.4
1900210 138.1
1900220 138.0
1900230 138.0
1900240 137.8
1900250 137.6
1900260 137.6
1900270 137.5
1900280 137.3
1900290 137.3
1900300 137.2
1900310 137.1
1900320 137.1
1900330 137.2
1900340 137.2
1900350 137.2
1900360 137.2
1900370 137.2
1900380 137.2
1900390 137.2
1900400 137.2
1900410 137.2
1900420 137.2
1900430 137.2
1900440 137.2
1900450 137.2
1900460 137.2
1900470 137.2
1900480 137.2
1900490 137.2
1900500 137.1
1900510 137.1
1900520 137.1
1900530 137.1
1900540 137.0
1900550 137.0
1900560 137.0
1900570 136.9
1900580 136.9
1900590 136.9
1900600 136.9
1900610 136.8
1900620 136.8
1900630 136.7
1900640 136.6
1900650 136.6
1900660 136.5
1900670 136.5
1900680 136.5
1900690 136.5
1900700 136.3
1900710 136.3
1900720 136.4
1900730 136.3
1900740 136.3
1900750 136.2
1900760 136.0
1900770 136.0
1900780 136.0
1900790 135.9
1900800 135.9
1900810 135.9
1900820 135.9
1900830 135.9
1900840 135.8
1900850 135.8
1900860 135.8
1900870 135.7
1900880 135.6
1900890 135.6
1900900 135.6
1900910 135.7
1900920 135.7
1900930 135.7
1900940 135.6
1900950 135.6
1900960 135.6
1900970 135.6
1900980 135.6
1900990 135.5
1901000 135.5
1901010 135.5
1901020 135.4
1901030 135.4
1901040 135.4
1901050 135.4
1901060 135.3
1901070 135.3
1901080 135.3
1901090 135.3
1901100 135.3
1901110 135.2
1901120 135.2
1901130 135.2
1901140 135.3
1901150 135.2
1901160 135.2
1901170 135.3
1901180 135.2
1901190 135.2
1901200 135.3
1901210 135.2
1901220 135.2
1901230 135.3
1901240 135.5
1901250 135.5
1901260 135.8
1901270 136.1
1901280 136.1
1901290 136.3
1901300 136.4
1901310 136.4
1901320 136.6
1901330 136.6
1901340 136.6
1901350 136.6
1901360 136.5
1901370 136.5
1901380 136.4
1901390 136.4
1901400 136.4
1901410 136.4
1901420 136.3
1901430 136.3
1901440 136.4
1901450 136.4
1901460 136.4
1901470 136.4
1901480 136.3
1901490 136.3
1901500 136.2
1901510 136.0
1901520 136.0
1901530 135.9
1901540 135.9
1901550 135.9
1901560 135.8
1901570 135.8
1901580 135.8
1901590 135.7
1901600 135.4
1901610 135.4
1901620 135.3
1901630 135.2
1901640 135.2
1901650 135.2
1901660 135.2
1901670 135.2
1901680 135.2
1901690 135.2
1901700 135.2
1901710 135.2
1901720 135.3
1901730 135.3
1901740 135.3
1901750 135.4
1901760 135.4
1901770 135.4
1901780 135.5
1901790 135.5
1901800 135.7
1901810 135.9
1901820 135.9
1901830 136.3
1901840 136.6
1901850 136.6
1901860 136.8
1901870 136.9
1901880 136.9
1901890 137.0
1901900 137.0
1901910 137.0
1901920 136.9
1901930 136.9
1901940 136.9
1901950 136.9
1901960 136.9
1901970 137.1
1901980 137.1
1901990 137.0
1902000 136.9
1902010 136.9
1902020 136.6
1902030 136.6
1902040 136.6
1902050 136.4
1902060 136.5
1902070 136.5
1902080 136.6
1902090 136.6
1902100 136.6
1902110 136.5
1902120 136.4
1902130 136.4
1902140 136.2
1902150 135.9
1902160 135.9
1902170 135.7
1902180 135.5
1902190 135.5
1902200 135.3
1902210 135.2
1902220 135.2
1902230 135.1
1902240 135.1
1902250 135.1
1902260 135.1
1902270 135.1
1902280 135.1
1902290 135.0
1902300 135.2
1902310 135.2
1902320 135.3
1902330 135.6
1902340 135.6
1902350 136.0
1902360 136.6
1902370 136.6
1902380 137.2
1902390 137.3
1902400 137.3
1902410 137.1
1902420 137.0
1902430 137.0
1902440 137.0
1902450 137.0
1902460 137.0
1902470 137.0
1902480 137.0
1902490 137.0
1902500 137.0
1902510 136.9
1902520 136.9
1902530 136.9
1902540 136.9
1902550 136.9
1902560 137.0
1902570 137.1
1902580 137.1
1902590 137.2
1902600 137.2
1902610 137.2
1902620 137.4
1902630 137.5
1902640 137.5
1902650 137.4
1902660 137.4
1902670 137.2
1902680 137.1
1902690 136.9
1902700 136.9
1902710 136.7
1902720 136.4
1902730 136.4
1902740 136.3
1902750 136.2
1902760 136.2
1902770 136.0
1902780 135.9
1902790 135.9
1902800 135.7
1902810 135.6
1902820 135.6
1902830 135.4
1902840 135.3
1902850 135.3
1902860 135.2
1902870 135.0
1902880 135.0
1902890 134.8
1902900 134.7
1902910 134.7
1902920 134.7
1902930 134.7
1902940 134.7
1902950 134.7
1902960 134.8
1902970 134.8
1902980 134.9
1902990 135.0
1903000 135.0
1903010 135.1
1903020 135.1
1903030 135.1
1903040 135.1
