1900000 136.5
1900010 136.5
1900020 136.5
1900030 136.5
1900040 136.4
1900050 136.4
1900060 136.4
1900070 136.5
1900080 136.4
1900090 136.4
1900100 136.3
1900110 136.3
1900120 136.3
1900130 136.3
1900140 136.3
1900150 136.3
1900160 136.2
1900170 136.3
1900180 136.3
1900190 136.3
1900200 136.3
1900210 136.3
1900220 136.3
1900230 136.4
1900240 136.4
1900250 136.3
1900260 136.4
1900270 136.4
1900280 136.5
1900290 136.6
1900300 136.6
1900310 136.7
1900320 136.7
1900330 136.7
1900340 136.7
1900350 136.6
1900360 136.6
1900370 136.5
1900380 136.5
1900390 136.5
1900400 136.5
1900410 136.5
1900420 136.5
1900430 136.5
1900440 136.5
1900450 136.5
1900460 136.5
1900470 136.6
1900480 136.6
1900490 136.6
1900500 136.6
1900510 136.6
1900520 136.6
1900530 136.6
1900540 136.7
1900550 136.7
1900560 136.8
1900570 137.0
1900580 137.0
1900590 137.2
1900600 137.3
1900610 137.3
1900620 137.4
1900630 137.6
1900640 137.6
1900650 137.7
1900660 137.9
1900670 137.9
1900680 138.1
1900690 138.2
1900700 138.2
1900710 138.2
1900720 137.9
1900730 137.9
1900740 137.9
1900750 137.8
1900760 137.8
1900770 137.7
1900780 137.7
1900790 137.7
1900800 137.6
1900810 137.4
1900820 137.4
1900830 137.3
1900840 137.2
1900850 137.2
1900860 137.2
1900870 137.2
1900880 137.2
1900890 137.2
1900900 137.3
1900910 137.3
1900920 137.3
1900930 137.2
1900940 137.2
1900950 137.1
1900960 137.1
1900970 137.1
1900980 137.2
1900990 137.2
1901000 137.2
1901010 137.3
1901020 137.4
1901030 137.4
1901040 137.4
1901050 137.2
1901060 137.2
1901070 137.2
1901080 137.4
1901090 137.4
1901100 137.5
1901110 137.6
1901120 137.6
1901130 137.7
1901140 137.8
1901150 137.8
1901160 137.9
1901170 137.9
1901180 137.9
1901190 137.8
1901200 137.7
1901210 137.7
1901220 137.5
1901230 137.2
1901240 137.2
1901250 137.0
1901260 136.7
1901270 136.7
1901280 136.6
1901290 136.3
1901300 136.3
1901310 136.1
1901320 135.9
1901330 135.9
1901340 135.7
1901350 135.7
1901360 135.7
1901370 135.6
1901380 135.6
1901390 135.6
1901400 135.6
1901410 135.6
1901420 135.6
1901430 135.6
1901440 135.8
1901450 135.8
1901460 136.0
1901470 136.1
1901480 136.1
1901490 136.1
1901500 136.1
1901510 136.1
1901520 136.2
1901530 136.2
1901540 136.2
1901550 136.3
1901560 136.3
1901570 136.3
1901580 136.3
1901590 136.3
1901600 136.3
1901610 136.3
1901620 136.3
1901630 136.3
1901640 136.3
1901650 136.3
1901660 136.3
1901670 136.3
1901680 136.4
1901690 136.4
1901700 136.3
1901710 136.3
1901720 136.3
1901730 136.3
1901740 136.3
1901750 136.3
1901760 136.3
1901770 136.4
1901780 136.4
1901790 136.5
1901800 136.6
1901810 136.6
1901820 136.5
1901830 136.2
1901840 136.2
1901850 136.1
1901860 136.0
1901870 136.0
1901880 135.9
1901890 135.8
1901900 135.8
1901910 135.8
1901920 135.8
1901930 135.8
1901940 135.9
1901950 136.0
1901960 136.1
1901970 136.2
1901980 136.2
1901990 136.2
1902000 136.2
1902010 136.1
1902020 136.1
1902030 136.0
1902040 135.8
1902050 135.8
1902060 135.8
1902070 135.8
1902080 135.8
1902090 135.9
1902100 136.1
1902110 136.1
1902120 136.1
1902130 136.0
1902140 136.0
1902150 135.8
1902160 135.7
1902170 135.7
1902180 135.7
1902190 135.7
1902200 135.7
1902210 135.7
1902220 135.7
1902230 135.7
1902240 135.7
1902250 135.8
1902260 135.8
1902270 135.8
1902280 135.8
1902290 135.8
1902300 135.8
1902310 135.8
1902320 135.8
1902330 135.8
1902340 135.8
1902350 135.8
1902360 135.8
1902370 135.8
1902380 135.8
1902390 135.9
1902400 136.0
1902410 135.9
1902420 135.9
1902430 135.9
1902440 136.0
1902450 136.0
1902460 136.0
1902470 136.0
1902480 136.0
1902490 136.0
1902500 135.9
1902510 135.9
1902520 135.8
1902530 135.7
1902540 135.7
1902550 135.7
1902560 135.5
1902570 135.5
1902580 135.8
1902590 135.7
1902600 135.7
1902610 135.7
1902620 135.6
1902630 135.6
1902640 135.6
1902650 135.5
1902660 135.5
