1900000 135.7
1900010 135.8
1900020 135.8
1900030 135.9
1900040 136.0
1900050 136.0
1900060 136.1
1900070 136.1
1900080 136.1
1900090 136.1
1900100 136.2
1900110 136.2
1900120 136.3
1900130 136.2
1900140 136.2
1900150 136.2
1900160 136.2
1900170 136.2
1900180 136.2
1900190 136.2
1900200 136.2
1900210 136.1
1900220 136.1
1900230 136.1
1900240 136.2
1900250 136.3
1900260 136.3
1900270 136.3
1900280 136.2
1900290 136.2
1900300 136.2
1900310 136.2
1900320 136.2
1900330 136.1
1900340 136.1
1900350 136.1
1900360 136.1
1900370 136.1
1900380 136.1
1900390 136.2
1900400 136.2
1900410 136.2
1900420 136.1
1900430 136.1
1900440 136.1
1900450 136.1
1900460 136.1
1900470 136.1
1900480 136.1
1900490 136.1
1900500 136.1
1900510 136.1
1900520 136.0
1900530 136.0
1900540 136.0
1900550 136.0
1900560 136.0
1900570 136.0
1900580 136.0
1900590 136.0
1900600 135.9
1900610 136.0
1900620 136.0
1900630 136.1
1900640 136.2
1900650 136.2
1900660 136.3
1900670 136.3
1900680 136.3
1900690 136.4
1900700 136.5
1900710 136.5
1900720 136.6
1900730 136.7
1900740 136.7
1900750 136.9
1900760 136.9
1900770 136.9
1900780 136.8
1900790 136.8
1900800 136.8
1900810 136.9
1900820 136.9
1900830 136.9
1900840 137.0
1900850 137.0
1900860 137.0
1900870 137.0
1900880 137.0
1900890 137.0
1900900 137.0
1900910 136.9
1900920 136.9
1900930 136.9
1900940 136.9
1900950 136.9
1900960 136.8
1900970 136.8
1900980 136.8
1900990 136.9
1901000 137.0
1901010 137.0
1901020 137.0
1901030 137.1
1901040 137.1
1901050 137.1
1901060 137.0
1901070 136.9
1901080 136.9
1901090 137.0
1901100 137.0
1901110 137.0
1901120 137.0
1901130 137.1
1901140 137.1
1901150 137.1
1901160 137.2
1901170 137.2
1901180 137.2
1901190 137.1
1901200 137.1
1901210 137.0
1901220 136.9
1901230 136.9
1901240 136.7
1901250 136.6
1901260 136.6
1901270 136.5
1901280 136.5
1901290 136.5
1901300 136.6
1901310 136.6
1901320 136.6
1901330 136.6
1901340 136.6
1901350 136.6
1901360 136.7
1901370 136.7
1901380 136.7
1901390 136.7
1901400 136.8
1901410 136.8
1901420 136.8
1901430 136.8
1901440 136.8
1901450 136.7
1901460 136.7
1901470 136.7
1901480 136.7
1901490 136.6
1901500 136.6
1901510 136.6
1901520 136.6
1901530 136.6
1901540 136.7
1901550 137.0
1901560 137.0
1901570 137.5
1901580 137.8
1901590 137.8
1901600 137.9
1901610 137.8
1901620 137.8
1901630 137.7
1901640 137.7
1901650 137.7
1901660 137.8
1901670 138.0
1901680 138.0
1901690 138.1
1901700 138.3
1901710 138.3
1901720 138.3
1901730 138.3
1901740 138.3
1901750 138.2
1901760 138.1
1901770 138.1
1901780 138.0
1901790 138.0
1901800 138.0
1901810 137.9
1901820 138.0
1901830 138.0
1901840 138.1
1901850 138.2
1901860 138.2
1901870 138.1
1901880 137.9
1901890 137.9
1901900 137.7
1901910 137.4
1901920 137.4
1901930 137.2
1901940 137.1
1901950 137.1
1901960 137.0
1901970 136.9
1901980 136.9
1901990 136.8
1902000 136.5
1902010 136.5
1902020 136.2
1902030 136.0
1902040 136.0
1902050 135.9
1902060 135.9
1902070 135.9
1902080 135.8
1902090 135.7
1902100 135.7
1902110 135.6
1902120 135.6
1902130 135.6
1902140 135.6
1902150 135.5
1902160 135.6
1902170 135.5
1902180 135.5
1902190 135.5
1902200 135.4
1902210 135.3
1902220 135.3
1902230 135.1
1902240 135.0
1902250 135.0
1902260 135.0
1902270 134.9
1902280 134.9
1902290 134.9
1902300 134.9
1902310 134.9
1902320 134.9
1902330 135.1
1902340 135.1
1902350 135.3
1902360 135.5
1902370 135.5
1902380 135.7
1902390 135.9
1902400 135.9
1902410 136.1
1902420 136.2
1902430 136.2
1902440 136.2
1902450 136.2
1902460 136.2
1902470 136.2
1902480 136.2
1902490 136.2
1902500 136.1
1902510 136.1
1902520 136.1
1902530 136.0
1902540 136.0
1902550 136.0
1902560 136.0
1902570 136.0
1902580 136.0
1902590 136.0
1902600 136.1
1902610 136.1
1902620 136.2
1902630 136.2
1902640 136.2
1902650 136.3
1902660 136.4
1902670 136.4
1902680 136.4
1902690 136.2
1902700 136.2
1902710 136.2
1902720 136.1
1902730 136.1
