1900000 137.5
1900010 137.5
1900020 137.3
1900030 136.4
1900040 136.4
1900050 136.1
1900060 136.2
1900070 136.2
1900080 136.3
1900090 136.3
1900100 136.3
1900110 136.3
1900120 136.4
1900130 136.4
1900140 136.5
1900150 136.6
1900160 136.6
1900170 136.5
1900180 136.6
1900190 136.6
1900200 136.7
1900210 136.8
1900220 136.8
1900230 136.8
1900240 136.9
1900250 136.9
1900260 137.0
1900270 137.0
1900280 137.0
1900290 137.1
1900300 137.1
1900310 137.1
1900320 137.2
1900330 137.3
1900340 137.3
1900350 137.3
1900360 137.2
1900370 137.2
1900380 137.2
1900390 137.2
1900400 137.2
1900410 137.1
1900420 137.1
1900430 137.1
1900440 137.0
1900450 137.0
1900460 137.0
1900470 136.9
1900480 136.8
1900490 136.8
1900500 136.6
1900510 136.5
1900520 136.5
1900530 136.4
1900540 136.2
1900550 136.2
1900560 136.0
1900570 136.0
1900580 136.0
1900590 136.0
1900600 136.0
1900610 136.0
1900620 136.0
1900630 136.0
1900640 136.0
1900650 136.1
1900660 136.1
1900670 136.1
1900680 136.2
1900690 136.3
1900700 136.3
1900710 136.4
1900720 136.6
1900730 136.6
1900740 136.8
1900750 137.0
1900760 137.0
1900770 137.2
1900780 137.4
1900790 137.4
1900800 137.6
1900810 137.8
1900820 137.8
1900830 138.0
1900840 138.1
1900850 138.1
1900860 138.1
1900870 138.0
1900880 138.0
1900890 138.0
1900900 138.0
1900910 138.0
1900920 137.9
1900930 137.9
1900940 137.9
1900950 137.9
1900960 137.8
1900970 137.8
1900980 137.6
1900990 137.5
1901000 137.5
1901010 137.4
1901020 137.2
1901030 136.9
1901040 136.8
1901050 136.6
1901060 136.6
1901070 136.6
1901080 136.5
1901090 136.5
1901100 136.4
1901110 136.3
1901120 136.3
1901130 136.3
1901140 136.2
1901150 136.2
1901160 136.2
1901170 136.2
1901180 136.2
1901190 136.1
1901200 135.9
1901210 135.9
1901220 136.0
1901230 136.1
1901240 136.1
1901250 136.1
1901260 136.3
1901270 136.3
1901280 137.1
1901290 136.7
1901300 136.7
1901310 136.5
1901320 136.7
1901330 136.7
1901340 136.9
1901350 136.8
1901360 136.8
1901370 136.7
1901380 136.7
1901390 136.7
1901400 136.6
1901410 136.6
1901420 136.6
1901430 136.6
1901440 136.6
1901450 136.6
1901460 136.7
1901470 136.8
1901480 136.8
1901490 136.9
1901500 136.9
1901510 136.9
1901520 136.9
1901530 136.9
1901540 136.9
1901550 136.9
1901560 136.9
1901570 136.9
1901580 136.8
1901590 136.8
1901600 136.8
1901610 136.7
1901620 136.7
1901630 136.7
1901640 136.6
1901650 136.5
1901660 136.5
1901670 136.5
1901680 136.4
1901690 136.3
1901700 136.3
1901710 136.2
1901720 136.1
1901730 136.1
1901740 136.1
1901750 136.0
1901760 136.0
1901770 136.0
1901780 135.9
1901790 135.9
1901800 135.9
1901810 135.8
1901820 135.8
1901830 135.8
1901840 135.9
1901850 135.9
1901860 136.0
1901870 136.1
1901880 136.1
1901890 136.2
1901900 136.2
1901910 136.2
1901920 136.3
1901930 136.4
1901940 136.4
1901950 136.5
1901960 136.7
1901970 136.7
1901980 136.8
1901990 136.9
1902000 136.9
1902010 137.0
1902020 137.1
1902030 137.1
1902040 137.2
1902050 137.3
1902060 137.3
1902070 137.3
1902080 137.1
1902090 137.1
1902100 137.1
1902110 137.0
1902120 137.0
1902130 136.9
1902140 136.9
1902150 136.9
1902160 136.9
1902170 136.5
1902180 136.5
1902190 133.8
1902200 132.8
1902210 132.8
1902220 132.8
1902230 133.3
1902240 133.3
1902250 133.7
1902260 133.8
1902270 134.3
1902280 134.5
1902290 134.7
1902300 134.7
1902310 134.7
1902320 134.5
1902330 134.5
1902340 134.4
1902350 134.3
1902360 134.3
1902370 134.3
1902380 134.3
1902390 134.3
1902400 134.2
1902410 134.1
1902420 134.1
1902430 134.1
1902440 134.1
1902450 134.1
1902460 134.2
1902470 134.3
1902480 134.3
1902490 134.2
1902500 134.0
1902510 134.0
1902520 133.8
1902530 133.7
1902540 133.7
1902550 133.7
1902560 133.8
1902570 133.8
1902580 134.0
1902590 134.0
1902600 134.0
1902610 134.2
1902620 134.5
1902630 134.5
1902640 134.7
1902650 134.4
1902660 134.4
1902670 134.4
1902680 134.4
1902690 134.4
