1900000 136.5
1900010 136.5
1900020 136.5
1900030 136.5
1900040 136.4
1900050 136.3
1900060 136.3
1900070 136.2
1900080 136.2
1900090 136.2
1900100 136.2
1900110 136.3
1900120 136.3
1900130 136.3
1900140 136.3
1900150 136.3
1900160 136.3
1900170 136.2
1900180 136.2
1900190 136.2
1900200 136.2
1900210 136.2
1900220 136.2
1900230 136.2
1900240 136.2
1900250 136.2
1900260 136.2
1900270 136.2
1900280 136.2
1900290 136.2
1900300 136.2
1900310 136.0
1900320 136.1
1900330 136.1
1900340 136.1
1900350 136.2
1900360 136.2
1900370 136.2
1900380 136.1
1900390 136.2
1900400 136.2
1900410 136.2
1900420 136.2
1900430 136.2
1900440 136.2
1900450 136.2
1900460 136.2
1900470 136.2
1900480 136.3
1900490 136.3
1900500 136.4
1900510 136.3
1900520 136.3
1900530 136.3
1900540 136.2
1900550 136.2
1900560 136.2
1900570 136.2
1900580 136.2
1900590 136.3
1900600 136.3
1900610 136.3
1900620 136.3
1900630 136.4
1900640 136.4
1900650 136.5
1900660 136.7
1900670 136.7
1900680 136.9
1900690 136.9
1900700 136.9
1900710 137.0
1900720 137.0
1900730 137.0
1900740 137.0
1900750 137.0
1900760 137.0
1900770 136.9
1900780 137.0
1900790 137.0
1900800 137.0
1900810 137.0
1900820 137.1
1900830 137.2
1900840 137.3
1900850 137.3
1900860 137.4
1900870 137.6
1900880 137.6
1900890 137.7
1900900 137.9
1900910 137.9
1900920 137.8
1900930 137.8
1900940 137.8
1900950 137.7
1900960 137.6
1900970 137.6
1900980 137.6
1900990 137.5
1901000 137.5
1901010 137.4
1901020 137.4
1901030 137.4
1901040 137.3
1901050 137.3
1901060 137.3
1901070 137.2
1901080 137.2
1901090 137.2
1901100 137.1
1901110 137.1
1901120 137.1
1901130 137.1
1901140 137.1
1901150 137.1
1901160 137.0
1901170 137.0
1901180 137.0
1901190 136.9
1901200 136.9
1901210 136.9
1901220 136.9
1901230 136.9
1901240 136.9
1901250 137.0
1901260 137.0
1901270 137.0
1901280 137.1
1901290 137.2
1901300 137.2
1901310 137.1
1901320 137.1
1901330 137.1
1901340 137.1
1901350 137.1
1901360 137.1
1901370 137.2
1901380 137.3
1901390 137.3
1901400 137.3
1901410 137.4
1901420 137.4
1901430 137.5
1901440 137.6
1901450 137.6
1901460 137.7
1901470 137.7
1901480 137.7
1901490 137.7
1901500 137.7
1901510 137.7
1901520 137.7
1901530 137.7
1901540 137.7
1901550 137.6
1901560 137.5
1901570 137.5
1901580 137.4
1901590 137.2
1901600 137.2
1901610 137.0
1901620 137.0
1901630 137.0
1901640 137.1
1901650 137.5
1901660 137.5
1901670 138.0
1901680 138.3
1901690 138.3
1901700 138.4
1901710 138.2
1901720 138.2
1901730 138.0
1901740 138.0
1901750 137.8
1901760 137.8
1901770 137.7
1901780 137.7
1901790 137.6
1901800 137.6
1901810 137.6
1901820 137.4
1901830 137.3
1901840 137.3
1901850 137.1
1901860 136.9
1901870 136.9
1901880 136.7
1901890 136.4
1901900 136.4
1901910 136.2
1901920 136.1
1901930 136.1
1901940 136.0
1901950 136.0
1901960 136.0
1901970 136.0
1901980 135.8
1901990 135.8
1902000 135.7
1902010 135.6
1902020 135.6
1902030 135.7
1902040 135.7
1902050 135.7
1902060 135.7
1902070 135.7
1902080 135.7
1902090 135.7
1902100 135.7
1902110 135.7
1902120 135.7
1902130 135.7
1902140 135.7
1902150 135.7
1902160 135.8
1902170 135.8
1902180 135.7
1902190 135.6
1902200 135.6
1902210 135.5
1902220 135.4
1902230 135.3
1902240 135.3
1902250 135.2
1902260 135.1
1902270 135.1
1902280 135.1
1902290 135.3
1902300 135.3
1902310 135.4
1902320 135.5
1902330 135.5
1902340 135.7
1902350 136.0
1902360 136.0
1902370 136.2
1902380 136.4
1902390 136.4
1902400 136.5
1902410 136.5
1902420 136.5
1902430 136.6
1902440 136.5
1902450 136.5
1902460 136.4
1902470 136.3
1902480 136.3
1902490 136.3
1902500 136.3
1902510 136.3
1902520 136.2
1902530 136.2
1902540 136.2
1902550 136.2
