1900000 136.1
1900010 136.1
1900020 136.1
1900030 136.2
1900040 136.2
1900050 136.3
1900060 136.3
1900070 136.3
1900080 136.3
1900090 136.3
1900100 136.3
1900110 136.3
1900120 136.2
1900130 136.2
1900140 136.3
1900150 136.2
1900160 136.2
1900170 136.2
1900180 136.1
1900190 136.1
1900200 136.2
1900210 136.2
1900220 136.2
1900230 136.2
1900240 136.1
1900250 136.0
1900260 136.0
1900270 136.2
1900280 136.3
1900290 136.3
1900300 136.2
1900310 136.1
1900320 136.1
1900330 136.1
1900340 136.2
1900350 136.2
1900360 136.1
1900370 136.1
1900380 136.1
1900390 136.1
1900400 136.1
1900410 136.1
1900420 136.2
1900430 136.2
1900440 136.2
1900450 136.1
1900460 136.1
1900470 136.1
1900480 136.1
1900490 136.1
1900500 136.1
1900510 136.1
1900520 136.1
1900530 136.1
1900540 136.1
1900550 136.1
1900560 136.1
1900570 136.1
1900580 136.1
1900590 136.1
1900600 136.1
1900610 136.2
1900620 136.2
1900630 136.2
1900640 136.3
1900650 136.3
1900660 136.4
1900670 136.6
1900680 136.6
1900690 136.7
1900700 136.8
1900710 136.8
1900720 136.8
1900730 136.9
1900740 136.9
1900750 136.8
1900760 136.9
1900770 136.9
1900780 136.9
1900790 136.8
1900800 136.8
1900810 136.8
1900820 136.8
1900830 136.8
1900840 136.8
1900850 136.9
1900860 136.9
1900870 136.9
1900880 136.9
1900890 136.9
1900900 136.9
1900910 136.9
1900920 136.8
1900930 136.8
1900940 136.7
1900950 136.7
1900960 136.6
1900970 136.7
1900980 136.7
1900990 136.8
1901000 136.9
1901010 136.9
1901020 137.0
1901030 137.2
1901040 137.2
1901050 137.4
1901060 137.5
1901070 137.5
1901080 137.5
1901090 137.4
1901100 137.4
1901110 137.4
1901120 137.5
1901130 137.5
1901140 137.4
1901150 137.2
1901160 137.2
1901170 137.1
1901180 137.0
1901190 137.0
1901200 137.0
1901210 137.0
1901220 137.0
1901230 136.9
1901240 136.8
1901250 136.8
1901260 136.7
1901270 136.7
1901280 136.7
1901290 136.7
1901300 136.7
1901310 136.7
1901320 136.7
1901330 136.7
1901340 136.7
1901350 136.7
1901360 136.6
1901370 136.6
1901380 136.5
1901390 136.6
1901400 136.6
1901410 136.6
1901420 136.6
1901430 136.6
1901440 136.7
1901450 136.7
1901460 136.7
1901470 136.9
1901480 137.0
1901490 137.0
1901500 137.2
1901510 137.2
1901520 137.2
1901530 137.2
1901540 137.4
1901550 137.4
1901560 137.4
1901570 137.5
1901580 137.5
1901590 137.7
1901600 138.1
1901610 138.1
1901620 138.3
1901630 138.3
1901640 138.3
1901650 138.2
1901660 137.9
1901670 137.9
1901680 137.8
1901690 137.9
1901700 137.9
1901710 138.0
1901720 138.2
1901730 138.2
1901740 138.4
1901750 138.5
1901760 138.5
1901770 138.4
1901780 138.3
1901790 138.3
1901800 138.2
1901810 138.1
1901820 138.1
1901830 138.0
1901840 138.0
1901850 137.9
1901860 137.8
1901870 137.8
1901880 137.8
1901890 137.7
1901900 137.4
1901910 137.4
1901920 137.0
1901930 136.7
1901940 136.7
1901950 136.5
1901960 136.3
1901970 136.3
1901980 136.2
1901990 136.1
1902000 136.1
1902010 136.1
1902020 136.0
1902030 136.0
1902040 135.9
1902050 135.7
1902060 135.7
1902070 135.7
1902080 135.6
1902090 135.6
1902100 135.7
1902110 135.6
1902120 135.6
1902130 135.6
1902140 135.6
1902150 135.6
1902160 135.6
1902170 135.5
1902180 135.5
1902190 135.5
1902200 135.4
1902210 135.3
1902220 135.3
1902230 135.2
1902240 135.2
1902250 135.2
1902260 135.1
1902270 135.0
1902280 135.0
1902290 135.0
1902300 135.0
1902310 135.0
1902320 135.1
1902330 135.2
1902340 135.2
1902350 135.3
1902360 135.5
1902370 135.5
1902380 135.7
1902390 135.9
1902400 135.9
1902410 136.1
1902420 136.1
1902430 136.1
1902440 136.1
1902450 136.1
1902460 136.1
1902470 136.2
1902480 136.3
1902490 136.3
1902500 136.5
1902510 136.6
1902520 136.6
1902530 136.6
1902540 136.7
1902550 136.7
1902560 136.6
1902570 136.4
1902580 136.4
1902590 136.3
1902600 136.1
1902610 136.1
