1900000 136.5
1900010 136.3
1900020 136.3
1900030 136.3
1900040 136.3
1900050 136.3
1900060 136.2
1900070 136.1
1900080 136.1
1900090 136.1
1900100 136.1
1900110 136.1
1900120 136.1
1900130 136.2
1900140 136.2
1900150 136.2
1900160 136.2
1900170 136.2
1900180 136.2
1900190 136.3
1900200 136.3
1900210 136.3
1900220 136.3
1900230 136.3
1900240 136.3
1900250 136.4
1900260 136.4
1900270 136.3
1900280 136.3
1900290 136.3
1900300 136.3
1900310 136.2
1900320 136.2
1900330 136.4
1900340 136.4
1900350 136.4
1900360 136.5
1900370 136.5
1900380 136.5
1900390 136.6
1900400 136.4
1900410 136.4
1900420 136.5
1900430 136.5
1900440 136.5
1900450 136.6
1900460 136.5
1900470 136.5
1900480 136.5
1900490 136.6
1900500 136.6
1900510 136.5
1900520 136.5
1900530 136.5
1900540 136.7
1900550 136.8
1900560 136.8
1900570 136.9
1900580 136.9
1900590 136.9
1900600 137.0
1900610 137.1
1900620 137.1
1900630 137.1
1900640 137.1
1900650 137.1
1900660 137.2
1900670 137.3
1900680 137.3
1900690 137.4
1900700 137.5
1900710 137.5
1900720 137.5
1900730 137.6
1900740 137.6
1900750 137.7
1900760 137.7
1900770 137.7
1900780 137.7
1900790 137.7
1900800 137.7
1900810 137.7
1900820 137.7
1900830 137.7
1900840 137.8
1900850 137.7
1900860 137.7
1900870 137.7
1900880 137.6
1900890 137.6
1900900 137.5
1900910 137.4
1900920 137.4
1900930 137.4
1900940 137.5
1900950 137.5
1900960 137.3
1900970 137.1
1900980 137.1
1900990 137.1
1901000 137.0
1901010 137.0
1901020 137.1
1901030 137.1
1901040 137.1
1901050 137.1
1901060 137.2
1901070 137.2
1901080 137.3
1901090 137.3
1901100 137.3
1901110 137.3
1901120 137.4
1901130 137.4
1901140 137.5
1901150 137.4
1901160 137.4
1901170 137.3
1901180 137.3
1901190 137.3
1901200 137.4
1901210 137.5
1901220 137.5
1901230 137.5
1901240 137.6
1901250 137.6
1901260 137.6
1901270 137.6
1901280 137.6
1901290 137.5
1901300 137.4
1901310 137.4
1901320 137.3
1901330 137.1
1901340 137.1
1901350 136.9
1901360 136.7
1901370 136.7
1901380 136.5
1901390 136.3
1901400 136.3
1901410 136.0
1901420 135.8
1901430 135.8
1901440 135.7
1901450 135.7
1901460 135.7
1901470 135.8
1901480 135.9
1901490 135.9
1901500 135.9
1901510 136.0
1901520 136.0
1901530 136.1
1901540 136.1
1901550 136.1
1901560 136.1
1901570 136.0
1901580 136.0
1901590 136.1
1901600 136.2
1901610 136.2
1901620 136.2
1901630 136.2
1901640 136.2
1901650 136.2
1901660 136.2
1901670 136.2
1901680 136.1
1901690 136.0
1901700 136.0
1901710 135.9
1901720 135.9
1901730 135.9
1901740 135.9
1901750 136.0
1901760 136.3
1901770 136.3
1901780 136.4
1901790 136.3
1901800 136.3
1901810 136.1
1901820 136.0
1901830 136.0
1901840 135.8
1901850 135.8
1901860 135.8
1901870 135.9
1901880 135.9
1901890 135.9
1901900 135.8
1901910 135.7
1901920 135.7
1901930 135.6
1901940 135.5
1901950 135.5
1901960 135.5
1901970 135.5
1901980 135.5
1901990 135.6
1902000 135.7
1902010 135.7
1902020 135.8
1902030 135.8
1902040 135.8
1902050 135.9
1902060 135.7
1902070 135.7
1902080 135.6
1902090 135.7
1902100 135.7
1902110 135.7
1902120 135.6
1902130 135.6
1902140 135.6
1902150 135.5
1902160 135.5
1902170 135.6
1902180 135.6
1902190 135.6
1902200 135.6
1902210 135.6
1902220 135.6
1902230 135.6
1902240 135.7
1902250 135.7
1902260 135.7
1902270 135.8
1902280 135.8
1902290 135.8
1902300 135.8
1902310 135.8
1902320 135.8
1902330 135.9
1902340 135.9
1902350 135.9
1902360 136.0
1902370 136.0
1902380 136.1
1902390 136.2
1902400 136.2
1902410 136.2
1902420 136.3
1902430 136.3
1902440 136.4
1902450 136.5
1902460 136.5
1902470 136.5
1902480 136.6
1902490 136.6
1902500 136.6
1902510 136.5
1902520 136.5
1902530 136.5
1902540 136.4
1902550 136.4
1902560 136.3
1902570 136.1
1902580 136.1
1902590 136.0
1902600 135.9
1902610 135.9
1902620 136.0
