1900000 136.1
1900010 136.1
1900020 136.0
1900030 136.2
1900040 136.2
1900050 136.3
1900060 136.4
1900070 136.4
1900080 136.4
1900090 136.4
1900100 136.4
1900110 136.4
1900120 136.4
1900130 136.4
1900140 136.4
1900150 136.4
1900160 136.4
1900170 136.5
1900180 136.6
1900190 136.6
1900200 136.6
1900210 136.5
1900220 136.5
1900230 136.6
1900240 136.6
1900250 136.6
1900260 136.6
1900270 136.6
1900280 136.6
1900290 136.7
1900300 136.8
1900310 136.8
1900320 136.9
1900330 136.8
1900340 136.8
1900350 136.8
1900360 136.9
1900370 136.9
1900380 136.9
1900390 137.0
1900400 137.0
1900410 137.1
1900420 137.1
1900430 137.1
1900440 137.0
1900450 137.0
1900460 137.0
1900470 137.0
1900480 137.0
1900490 137.0
1900500 136.8
1900510 136.8
1900520 136.8
1900530 136.6
1900540 136.5
1900550 136.5
1900560 136.5
1900570 136.3
1900580 136.2
1900590 136.2
1900600 136.1
1900610 136.1
1900620 136.1
1900630 136.1
1900640 136.0
1900650 136.0
1900660 136.1
1900670 136.1
1900680 136.1
1900690 136.1
1900700 136.1
1900710 136.1
1900720 136.2
1900730 136.2
1900740 136.2
1900750 136.3
1900760 136.5
1900770 136.5
1900780 136.8
1900790 137.0
1900800 137.0
1900810 137.3
1900820 137.6
1900830 137.6
1900840 137.6
1900850 137.6
1900860 137.6
1900870 137.6
1900880 137.6
1900890 137.6
1900900 137.6
1900910 137.6
1900920 137.6
1900930 137.6
1900940 137.6
1900950 137.6
1900960 137.6
1900970 137.6
1900980 137.6
1900990 137.6
1901000 137.6
1901010 137.6
1901020 137.7
1901030 137.6
1901040 137.6
1901050 137.5
1901060 137.3
1901070 137.3
1901080 137.0
1901090 136.9
1901100 136.9
1901110 136.6
1901120 136.4
1901130 136.4
1901140 136.4
1901150 136.2
1901160 136.2
1901170 136.0
1901180 135.8
1901190 135.8
1901200 135.9
1901210 136.0
1901220 136.0
1901230 136.0
1901240 136.0
1901250 136.0
1901260 136.0
1901270 136.2
1901280 136.2
1901290 136.2
1901300 136.1
1901310 136.1
1901320 136.0
1901330 136.1
1901340 136.8
1901350 136.7
1901360 136.7
1901370 136.7
1901380 136.8
1901390 137.0
1901400 137.0
1901410 137.0
1901420 137.0
1901430 137.0
1901440 137.0
1901450 137.0
1901460 137.0
1901470 136.9
1901480 136.8
1901490 136.8
1901500 136.7
1901510 136.6
1901520 136.6
1901530 136.5
1901540 136.5
1901550 136.5
1901560 136.5
1901570 136.6
1901580 136.6
1901590 136.7
1901600 136.7
1901610 136.7
1901620 136.8
1901630 136.7
1901640 136.7
1901650 136.7
1901660 136.6
1901670 136.6
1901680 136.5
1901690 136.5
1901700 136.5
1901710 136.5
1901720 136.4
1901730 136.4
1901740 136.2
1901750 136.1
1901760 136.1
1901770 136.0
1901780 136.0
1901790 136.0
1901800 135.9
1901810 135.8
1901820 135.8
1901830 135.8
1901840 135.8
1901850 135.8
1901860 135.7
1901870 135.7
1901880 135.7
1901890 135.7
1901900 135.7
1901910 135.7
1901920 135.7
1901930 135.7
1901940 135.7
1901950 135.8
1901960 136.1
1901970 136.1
1901980 136.2
1901990 136.3
1902000 136.3
1902010 136.4
1902020 136.5
1902030 136.5
1902040 136.5
1902050 136.6
1902060 136.6
1902070 136.6
1902080 136.6
1902090 136.6
1902100 136.6
1902110 136.7
1902120 136.7
1902130 136.8
1902140 136.9
1902150 136.9
1902160 137.1
1902170 136.9
1902180 136.9
1902190 136.6
1902200 136.5
1902210 136.5
1902220 136.5
1902230 136.4
1902240 136.4
1902250 136.3
1902260 135.2
1902270 134.3
1902280 133.7
1902290 133.0
1902300 133.0
1902310 132.2
1902320 133.0
1902330 133.0
1902340 134.7
1902350 134.9
1902360 134.9
1902370 134.8
1902380 134.7
1902390 134.7
1902400 134.5
1902410 134.4
1902420 134.4
1902430 134.5
1902440 134.6
1902450 134.6
1902460 134.6
1902470 134.6
1902480 134.5
1902490 134.5
1902500 134.5
1902510 134.3
1902520 134.3
1902530 134.3
1902540 134.4
1902550 134.4
1902560 134.3
1902570 134.2
1902580 134.2
1902590 134.2
1902600 134.2
1902610 134.2
1902620 134.2
1902630 134.2
1902640 134.2
1902650 134.1
1902660 134.0
1902670 134.0
1902680 133.9
