1900000 136.3
1900010 136.3
1900020 136.3
1900030 136.2
1900040 136.3
1900050 136.3
1900060 136.3
1900070 136.3
1900080 136.3
1900090 136.4
1900100 136.4
1900110 136.4
1900120 136.4
1900130 136.3
1900140 136.3
1900150 136.3
1900160 136.3
1900170 136.3
1900180 136.4
1900190 136.4
1900200 136.4
1900210 136.4
1900220 136.4
1900230 136.4
1900240 136.5
1900250 136.6
1900260 136.6
1900270 136.7
1900280 136.6
1900290 136.6
1900300 136.6
1900310 136.6
1900320 136.6
1900330 136.6
1900340 136.6
1900350 136.6
1900360 136.5
1900370 136.6
1900380 136.6
1900390 136.6
1900400 136.6
1900410 136.6
1900420 136.7
1900430 136.7
1900440 136.7
1900450 136.7
1900460 136.7
1900470 136.7
1900480 136.7
1900490 136.7
1900500 136.7
1900510 136.7
1900520 136.8
1900530 136.8
1900540 136.7
1900550 136.6
1900560 136.6
1900570 136.6
1900580 136.6
1900590 136.6
1900600 136.4
1900610 136.4
1900620 136.4
1900630 136.3
1900640 136.3
1900650 136.3
1900660 136.3
1900670 136.2
1900680 136.2
1900690 136.2
1900700 136.3
1900710 136.3
1900720 136.2
1900730 136.4
1900740 136.4
1900750 136.6
1900760 136.8
1900770 136.8
1900780 137.0
1900790 137.1
1900800 137.2
1900810 137.2
1900820 137.3
1900830 137.5
1900840 137.5
1900850 137.5
1900860 137.5
1900870 137.5
1900880 137.5
1900890 137.5
1900900 137.5
1900910 137.4
1900920 137.4
1900930 137.4
1900940 137.4
1900950 137.4
1900960 137.4
1900970 137.4
1900980 137.5
1900990 137.5
1901000 137.5
1901010 137.6
1901020 137.6
1901030 137.7
1901040 137.8
1901050 137.8
1901060 137.8
1901070 137.8
1901080 137.8
1901090 137.9
1901100 137.7
1901110 137.7
1901120 137.4
1901130 137.1
1901140 137.1
1901150 137.0
1901160 136.9
1901170 136.9
1901180 136.7
1901190 136.6
1901200 136.6
1901210 136.5
1901220 136.5
1901230 136.5
1901240 136.4
1901250 136.2
1901260 136.2
1901270 136.0
1901280 135.9
1901290 135.9
1901300 135.8
1901310 135.7
1901320 135.7
1901330 135.7
1901340 135.8
1901350 135.8
1901360 135.9
1901370 135.9
1901380 135.9
1901390 136.0
1901400 136.1
1901410 136.1
1901420 136.2
1901430 136.3
1901440 136.3
1901450 136.2
1901460 136.2
1901470 136.2
1901480 136.2
1901490 136.3
1901500 136.3
1901510 136.4
1901520 136.6
1901530 136.6
1901540 136.7
1901550 136.8
1901560 136.8
1901570 136.9
1901580 137.0
1901590 137.0
1901600 137.0
1901610 136.9
1901620 136.9
1901630 136.7
1901640 136.6
1901650 136.4
1901660 136.3
1901670 136.3
1901680 136.3
1901690 136.2
1901700 136.1
1901710 136.1
1901720 136.2
1901730 136.3
1901740 136.3
1901750 136.3
1901760 136.3
1901770 136.3
1901780 136.2
1901790 136.2
1901800 136.2
1901810 136.2
1901820 136.1
1901830 136.1
1901840 136.1
1901850 136.0
1901860 136.0
1901870 136.0
1901880 136.0
1901890 136.0
1901900 136.0
1901910 136.0
1901920 136.0
1901930 135.9
1901940 135.8
1901950 135.8
1901960 135.7
1901970 135.6
1901980 135.6
1901990 135.6
1902000 135.7
1902010 135.7
1902020 135.8
1902030 135.9
1902040 135.9
1902050 136.1
1902060 136.2
1902070 136.2
1902080 136.5
1902090 136.6
1902100 136.6
1902110 136.7
1902120 136.5
1902130 136.5
1902140 136.3
1902150 136.1
1902160 136.1
1902170 136.1
1902180 136.1
1902190 136.1
1902200 136.2
1902210 136.2
1902220 136.2
1902230 136.0
1902240 136.0
1902250 136.0
1902260 136.0
1902270 136.2
1902280 136.2
1902290 136.4
1902300 136.4
1902310 136.4
1902320 136.3
1902330 136.4
1902340 136.4
1902350 136.2
1902360 135.0
1902370 135.0
1902380 133.2
1902390 132.0
1902400 132.0
1902410 131.9
1902420 132.4
1902430 132.4
1902440 132.8
1902450 133.2
1902460 133.2
1902470 133.4
1902480 133.2
1902490 133.2
1902500 133.3
1902510 133.3
1902520 133.3
1902530 133.2
1902540 132.9
1902550 132.9
1902560 133.3
1902570 133.8
1902580 134.7
1902590 134.6
1902600 134.5
1902610 134.5
1902620 134.5
1902630 134.5
1902640 134.5
1902650 134.4
1902660 134.4
1902670 134.4
1902680 134.3
