1900000 138.6
1900010 138.5
1900020 138.5
1900030 137.0
1900040 134.7
1900050 134.7
1900060 134.5
1900070 134.6
1900080 134.6
1900090 134.9
1900100 135.4
1900110 135.4
1900120 135.7
1900130 135.8
1900140 135.8
1900150 135.8
1900160 135.7
1900170 135.7
1900180 135.5
1900190 135.5
1900200 135.5
1900210 135.1
1900220 135.0
1900230 135.0
1900240 135.0
1900250 135.2
1900260 135.2
1900270 135.3
1900280 135.2
1900290 135.2
1900300 134.9
1900310 134.6
1900320 134.5
1900330 134.5
1900340 134.3
1900350 133.9
1900360 133.9
1900370 133.8
1900380 133.6
1900390 133.6
1900400 133.3
1900410 133.2
1900420 133.2
1900430 133.8
1900440 134.6
1900450 134.6
1900460 136.7
1900470 137.9
1900480 137.9
1900490 137.9
1900500 134.9
1900510 134.9
1900520 134.3
1900530 135.1
1900540 135.1
1900550 135.2
1900560 135.4
1900570 135.4
1900580 135.4
1900590 135.4
1900600 135.4
1900610 135.3
1900620 135.1
1900630 135.1
1900640 135.0
1900650 134.6
1900660 134.6
1900670 134.5
1900680 134.7
1900690 134.7
1900700 134.9
1900710 135.0
1900720 135.0
1900730 135.0
1900740 134.9
1900750 134.9
1900760 134.8
1900770 134.6
1900780 134.6
1900790 134.6
1900800 134.6
1900810 134.6
1900820 134.5
1900830 134.6
1900840 134.6
1900850 134.6
1900860 134.6
1900870 134.6
1900880 134.6
1900890 134.5
1900900 134.5
1900910 134.4
1900920 134.4
1900930 134.4
1900940 134.3
1900950 134.3
1900960 134.3
1900970 134.3
1900980 134.3
1900990 134.3
1901000 134.3
1901010 134.4
1901020 134.4
1901030 134.5
1901040 134.5
1901050 134.5
1901060 134.5
1901070 134.5
1901080 134.5
1901090 134.7
1901100 134.8
1901110 134.8
1901120 134.8
1901130 134.9
1901140 134.8
1901150 134.8
1901160 134.9
1901170 134.9
1901180 135.0
1901190 135.1
1901200 135.1
1901210 135.1
1901220 135.1
1901230 135.1
1901240 135.2
1901250 135.0
1901260 135.0
1901270 134.9
1901280 134.7
1901290 134.7
1901300 134.5
1901310 134.5
1901320 134.5
1901330 134.7
1901340 135.1
1901350 135.1
1901360 135.1
1901370 135.0
1901380 135.0
1901390 134.8
1901400 134.7
1901410 134.7
1901420 134.5
1901430 134.4
1901440 134.4
1901450 134.5
1901460 134.5
1901470 134.5
1901480 134.5
1901490 134.4
1901500 134.4
1901510 134.4
1901520 134.5
1901530 134.5
1901540 134.7
1901550 134.8
1901560 134.8
1901570 134.9
1901580 134.9
1901590 134.9
1901600 134.9
1901610 135.0
1901620 135.0
1901630 135.0
1901640 134.8
1901650 134.8
1901660 134.7
1901670 134.6
1901680 134.6
1901690 134.5
1901700 134.5
1901710 134.5
1901720 134.5
1901730 134.6
1901740 134.6
1901750 134.6
1901760 134.8
1901770 134.8
1901780 134.7
1901790 134.5
1901800 134.5
1901810 134.4
1901820 134.3
1901830 134.3
1901840 134.7
1901850 135.1
1901860 135.1
1901870 135.1
1901880 135.0
1901890 135.0
1901900 134.9
1901910 134.8
1901920 134.8
1901930 134.7
1901940 134.6
1901950 134.6
1901960 134.6
1901970 135.1
1901980 135.1
1901990 135.1
1902000 135.1
1902010 135.1
1902020 135.1
1902030 133.9
1902040 133.9
1902050 132.0
1902060 132.9
1902070 132.2
1902080 134.2
1902090 134.7
1902100 134.7
1902110 134.9
1902120 135.1
1902130 135.1
1902140 135.1
1902150 135.2
1902160 135.2
1902170 135.1
1902180 135.0
1902190 135.0
1902200 135.0
1902210 135.2
1902220 135.2
1902230 135.0
1902240 135.0
1902250 135.0
1902260 134.9
1902270 135.0
1902280 135.0
1902290 134.9
1902300 134.9
1902310 134.9
1902320 134.8
1902330 134.9
1902340 134.9
1902350 134.9
1902360 135.1
1902370 135.0
1902380 135.0
1902390 135.1
1902400 135.1
1902410 135.1
1902420 135.2
1902430 135.2
1902440 135.2
1902450 135.2
1902460 135.3
1902470 135.3
1902480 135.3
1902490 135.2
1902500 135.2
1902510 135.3
1902520 135.3
1902530 135.3
1902540 135.4
1902550 135.1
1902560 135.1
1902570 133.7
1902580 132.7
1902590 132.7
1902600 132.9
1902610 133.9
1902620 133.9
1902630 134.6
1902640 134.8
1902650 134.8
1902660 134.8
1902670 134.9
1902680 134.9
1902690 134.8
1902700 134.8
1902710 134.8
1902720 134.8
1902730 134.8
1902740 134.8
1902750 134.7
1902760 134.7
1902770 134.7
1902780 134.6
1902790 134.5
1902800 134.5
1902810 134.4
1902820 134.3
1902830 134.3
1902840 134.3
1902850 134.2
1902860 134.2
1902870 134.1
1902880 134.1
1902890 134.1
1902900 134.1
1902910 134.1
1902920 134.1
1902930 134.1
1902940 134.0
1902950 134.0
1902960 134.0
1902970 134.1
1902980 134.1
1902990 134.1
1903000 134.0
1903010 134.0
1903020 134.0
1903030 134.1
1903040 134.1
1903050 134.1
1903060 134.0
1903070 134.0
