1900000 136.7
1900010 136.7
1900020 136.7
1900030 136.8
1900040 136.8
1900050 136.8
1900060 136.9
1900070 136.9
1900080 136.9
1900090 136.9
1900100 136.9
1900110 137.0
1900120 137.1
1900130 137.1
1900140 137.4
1900150 137.9
1900160 137.9
1900170 137.7
1900180 137.3
1900190 137.3
1900200 137.3
1900210 137.6
1900220 137.6
1900230 137.7
1900240 137.7
1900250 137.7
1900260 137.6
1900270 137.5
1900280 137.5
1900290 137.5
1900300 137.5
1900310 137.5
1900320 137.5
1900330 137.4
1900340 137.4
1900350 137.3
1900360 137.4
1900370 137.4
1900380 137.5
1900390 137.5
1900400 137.5
1900410 137.5
1900420 137.4
1900430 137.4
1900440 137.4
1900450 137.3
1900460 137.3
1900470 137.3
1900480 137.2
1900490 137.2
1900500 137.1
1900510 137.1
1900520 137.2
1900530 137.1
1900540 136.8
1900550 136.8
1900560 136.7
1900570 136.6
1900580 136.6
1900590 136.5
1900600 136.6
1900610 136.6
1900620 136.6
1900630 136.7
1900640 136.7
1900650 136.6
1900660 136.7
1900670 136.7
1900680 136.8
1900690 136.9
1900700 136.9
1900710 136.8
1900720 136.9
1900730 136.9
1900740 136.8
1900750 136.8
1900760 136.8
1900770 136.8
1900780 137.0
1900790 137.0
1900800 136.9
1900810 136.8
1900820 136.8
1900830 136.6
1900840 136.4
1900850 136.4
1900860 136.4
1900870 136.5
1900880 136.5
1900890 136.6
1900900 136.7
1900910 136.7
1900920 136.8
1900930 136.9
1900940 136.9
1900950 136.9
1900960 136.9
1900970 136.9
1900980 136.9
1900990 136.9
1901000 136.9
1901010 136.8
1901020 136.8
1901030 136.8
1901040 136.7
1901050 136.7
1901060 136.7
1901070 136.6
1901080 136.6
1901090 136.6
1901100 136.6
1901110 136.6
1901120 136.6
1901130 136.6
1901140 136.7
1901150 136.7
1901160 136.8
1901170 136.8
1901180 136.8
1901190 136.7
1901200 136.8
1901210 136.8
1901220 136.8
1901230 136.9
1901240 136.9
1901250 136.9
1901260 136.9
1901270 136.9
1901280 136.9
1901290 136.9
1901300 136.9
1901310 136.9
1901320 137.0
1901330 137.0
1901340 137.0
1901350 136.9
1901360 136.9
1901370 136.9
1901380 136.8
1901390 136.8
1901400 136.8
1901410 136.7
1901420 136.7
1901430 136.6
1901440 136.7
1901450 136.4
1901460 136.6
1901470 136.6
1901480 136.6
1901490 136.7
1901500 136.7
1901510 136.7
1901520 136.7
1901530 136.7
1901540 136.7
1901550 136.8
1901560 136.9
1901570 136.9
1901580 137.0
1901590 137.0
1901600 137.0
1901610 137.0
1901620 137.0
1901630 136.9
1901640 136.9
1901650 136.8
1901660 136.7
1901670 136.7
1901680 136.5
1901690 136.4
1901700 136.4
1901710 136.4
1901720 136.4
1901730 136.4
1901740 136.3
1901750 136.4
1901760 136.4
1901770 137.0
1901780 137.2
1901790 137.2
1901800 137.2
1901810 137.4
1901820 137.4
1901830 137.4
1901840 137.5
1901850 137.5
1901860 137.2
1901870 136.5
1901880 136.5
1901890 136.0
1901900 133.5
1901910 133.5
1901920 133.7
1901930 135.0
1901940 135.0
1901950 134.8
1901960 134.5
1901970 134.5
1901980 135.0
1901990 134.9
1902000 134.9
1902010 134.7
1902020 134.6
1902030 134.6
1902040 134.5
1902050 134.5
1902060 134.5
1902070 134.8
1902080 134.8
1902090 134.8
1902100 134.7
1902110 134.6
1902120 134.6
1902130 134.5
1902140 134.4
1902150 134.4
1902160 134.4
1902170 134.3
1902180 134.3
1902190 134.0
1902200 134.0
1902210 134.0
1902220 134.2
1902230 134.4
1902240 134.4
1902250 134.3
1902260 134.2
1902270 134.2
1902280 134.3
1902290 134.4
1902300 134.4
1902310 134.2
1902320 134.3
1902330 134.3
1902340 134.5
1902350 134.6
1902360 134.6
1902370 134.5
1902380 134.4
1902390 134.4
1902400 134.5
1902410 134.5
1902420 134.5
1902430 134.4
1902440 134.2
1902450 134.2
1902460 134.1
1902470 134.1
1902480 134.1
1902490 134.3
1902500 134.3
1902510 134.3
1902520 134.3
1902530 134.4
1902540 134.4
1902550 134.5
1902560 134.7
1902570 134.7
1902580 134.8
1902590 134.8
1902600 134.8
1902610 134.7
1902620 134.7
1902630 134.7
1902640 134.7
1902650 134.6
1902660 134.6
1902670 134.6
