1900000 138.6
1900010 137.9
1900020 137.9
1900030 135.6
1900040 134.3
1900050 134.3
1900060 134.4
1900070 134.7
1900080 134.7
1900090 135.3
1900100 135.5
1900110 135.6
1900120 135.7
1900130 135.5
1900140 135.5
1900150 135.3
1900160 135.2
1900170 135.2
1900180 134.6
1900190 134.3
1900200 134.3
1900210 134.4
1900220 134.8
1900230 134.8
1900240 135.0
1900250 134.9
1900260 134.9
1900270 134.9
1900280 134.6
1900290 134.6
1900300 134.2
1900310 134.0
1900320 134.0
1900330 134.1
1900340 134.1
1900350 134.1
1900360 134.0
1900370 134.0
1900380 134.0
1900390 134.0
1900400 133.6
1900410 133.6
1900420 134.5
1900430 134.2
1900440 134.2
1900450 134.3
1900460 134.6
1900470 134.6
1900480 137.0
1900490 137.7
1900500 137.7
1900510 137.7
1900520 134.2
1900530 134.2
1900540 135.2
1900550 135.4
1900560 135.4
1900570 135.4
1900580 135.3
1900590 135.3
1900600 135.3
1900610 135.1
1900620 135.1
1900630 134.8
1900640 134.2
1900650 134.2
1900660 133.8
1900670 133.9
1900680 133.9
1900690 134.2
1900700 134.6
1900710 135.0
1900720 135.0
1900730 135.1
1900740 135.2
1900750 135.2
1900760 135.2
1900770 135.2
1900780 135.2
1900790 135.0
1900800 134.8
1900810 134.8
1900820 134.8
1900830 134.7
1900840 134.7
1900850 134.6
1900860 134.6
1900870 134.6
1900880 134.6
1900890 134.6
1900900 134.6
1900910 134.6
1900920 134.6
1900930 134.6
1900940 134.7
1900950 134.5
1900960 134.5
1900970 134.4
1900980 134.4
1900990 134.4
1901000 134.3
1901010 134.3
1901020 134.3
1901030 134.4
1901040 134.4
1901050 134.4
1901060 134.5
1901070 134.6
1901080 134.6
1901090 134.6
1901100 134.7
1901110 134.7
1901120 134.8
1901130 134.8
1901140 134.8
1901150 134.8
1901160 134.8
1901170 134.8
1901180 134.9
1901190 135.1
1901200 135.1
1901210 135.2
1901220 135.3
1901230 135.3
1901240 135.3
1901250 135.2
1901260 135.2
1901270 135.1
1901280 134.9
1901290 134.9
1901300 134.8
1901310 134.6
1901320 134.6
1901330 134.5
1901340 134.7
1901350 134.4
1901360 134.8
1901370 134.9
1901380 134.9
1901390 135.0
1901400 134.9
1901410 134.9
1901420 134.8
1901430 134.7
1901440 134.7
1901450 134.7
1901460 134.6
1901470 134.6
1901480 134.6
1901490 134.5
1901500 134.5
1901510 134.4
1901520 134.4
1901530 134.4
1901540 134.5
1901550 134.6
1901560 134.6
1901570 134.6
1901580 134.6
1901590 134.6
1901600 134.6
1901610 134.6
1901620 134.6
1901630 134.6
1901640 134.6
1901650 134.6
1901660 134.4
1901670 134.5
1901680 134.5
1901690 134.5
1901700 134.5
1901710 134.5
1901720 134.5
1901730 134.6
1901740 134.6
1901750 134.6
1901760 134.8
1901770 134.8
1901780 134.8
1901790 134.5
1901800 134.5
1901810 134.3
1901820 134.1
1901830 134.1
1901840 134.3
1901850 135.1
1901860 135.1
1901870 135.2
1901880 135.1
1901890 135.1
1901900 135.0
1901910 135.0
1901920 135.0
1901930 134.9
1901940 134.7
1901950 134.7
1901960 134.9
1901970 135.2
1901980 135.2
1901990 135.2
1902000 135.2
1902010 135.2
1902020 135.1
1902030 135.1
1902040 135.1
1902050 134.1
1902060 132.6
1902070 132.6
1902080 133.2
1902090 134.6
1902100 134.6
1902110 135.0
1902120 135.2
1902130 135.2
1902140 135.1
1902150 135.1
1902160 135.1
1902170 135.1
1902180 135.1
1902190 135.1
1902200 135.1
1902210 135.2
1902220 135.2
1902230 135.2
1902240 135.1
1902250 135.1
1902260 135.1
1902270 135.1
1902280 135.1
1902290 135.0
1902300 134.7
1902310 134.7
1902320 134.6
1902330 134.6
1902340 134.6
1902350 134.7
1902360 134.7
1902370 134.7
1902380 134.8
1902390 134.9
1902400 134.9
1902410 134.9
1902420 134.9
1902430 134.9
1902440 134.9
1902450 135.1
1902460 135.1
1902470 135.2
1902480 135.3
1902490 135.3
1902500 135.3
1902510 135.3
1902520 135.3
1902530 135.1
1902540 134.8
1902550 134.8
1902560 133.4
1902570 132.8
1902580 132.8
1902590 134.4
1902600 134.8
1902610 134.8
1902620 134.9
1902630 135.0
1902640 135.0
1902650 134.9
1902660 134.8
1902670 134.8
1902680 134.7
1902690 134.8
1902700 134.8
1902710 134.8
1902720 134.8
1902730 134.7
1902740 134.7
1902750 134.6
1902760 134.6
1902770 134.6
1902780 134.5
1902790 134.4
1902800 134.4
1902810 134.3
1902820 134.2
1902830 134.2
1902840 134.2
1902850 134.2
1902860 134.2
1902870 134.1
1902880 134.1
1902890 134.1
1902900 134.0
1902910 134.0
1902920 134.0
1902930 134.1
1902940 134.0
1902950 134.0
1902960 134.2
1902970 134.0
1902980 134.0
1902990 134.1
1903000 134.1
1903010 134.1
1903020 134.1
1903030 133.9
1903040 133.9
1903050 133.9
1903060 133.7
1903070 133.7
