1900000 138.5
1900010 138.4
1900020 137.8
1900030 137.8
1900040 135.3
1900050 134.6
1900060 134.6
1900070 134.6
1900080 134.8
1900090 134.8
1900100 135.3
1900110 135.6
1900120 135.6
1900130 135.8
1900140 135.9
1900150 135.9
1900160 135.9
1900170 135.8
1900180 135.8
1900190 135.9
1900200 135.9
1900210 135.9
1900220 135.8
1900230 135.7
1900240 135.7
1900250 135.4
1900260 135.3
1900270 135.3
1900280 135.4
1900290 135.5
1900300 135.5
1900310 135.3
1900320 135.0
1900330 135.0
1900340 134.6
1900350 133.9
1900360 133.9
1900370 133.7
1900380 133.6
1900390 133.6
1900400 133.4
1900410 133.5
1900420 133.5
1900430 133.7
1900440 134.7
1900450 134.7
1900460 137.4
1900470 137.9
1900480 137.9
1900490 136.9
1900500 134.2
1900510 134.2
1900520 134.0
1900530 134.4
1900540 134.4
1900550 135.0
1900560 135.0
1900570 135.0
1900580 135.2
1900590 135.3
1900600 135.3
1900610 135.2
1900620 135.1
1900630 135.1
1900640 134.9
1900650 134.7
1900660 134.7
1900670 134.8
1900680 134.9
1900690 134.9
1900700 134.9
1900710 134.8
1900720 134.8
1900730 134.8
1900740 134.6
1900750 134.6
1900760 134.6
1900770 134.5
1900780 134.5
1900790 134.5
1900800 134.5
1900810 134.5
1900820 134.5
1900830 134.5
1900840 134.5
1900850 134.4
1900860 134.4
1900870 134.4
1900880 134.4
1900890 134.3
1900900 134.3
1900910 134.2
1900920 134.1
1900930 134.1
1900940 134.1
1900950 134.1
1900960 134.1
1900970 134.2
1900980 134.3
1900990 134.3
1901000 134.4
1901010 134.4
1901020 134.4
1901030 134.5
1901040 134.6
1901050 134.6
1901060 134.6
1901070 134.6
1901080 134.6
1901090 134.7
1901100 134.8
1901110 134.8
1901120 134.9
1901130 135.0
1901140 135.0
1901150 135.1
1901160 135.2
1901170 135.2
1901180 135.1
1901190 135.0
1901200 135.0
1901210 134.9
1901220 134.8
1901230 134.8
1901240 134.7
1901250 134.7
1901260 134.7
1901270 134.6
1901280 134.5
1901290 134.5
1901300 134.5
1901310 134.7
1901320 134.7
1901330 135.0
1901340 135.1
1901350 135.1
1901360 135.0
1901370 135.1
1901380 135.1
1901390 135.0
1901400 134.7
1901410 134.7
1901420 134.5
1901430 134.4
1901440 134.4
1901450 134.3
1901460 134.4
1901470 134.4
1901480 134.5
1901490 134.7
1901500 134.7
1901510 135.0
1901520 135.4
1901530 135.4
1901540 135.7
1901550 135.8
1901560 135.4
1901570 135.4
1901580 135.5
1901590 135.5
1901600 135.4
1901610 135.4
1901620 135.4
1901630 135.3
1901640 135.2
1901650 135.2
1901660 135.1
1901670 135.0
1901680 135.0
1901690 134.9
1901700 134.7
1901710 134.7
1901720 134.7
1901730 134.6
1901740 134.6
1901750 134.5
1901760 134.5
1901770 134.5
1901780 134.4
1901790 134.5
1901800 134.5
1901810 134.6
1901820 134.7
1901830 134.7
1901840 134.7
1901850 134.6
1901860 134.6
1901870 134.8
1901880 134.7
1901890 134.7
1901900 134.6
1901910 134.7
1901920 134.7
1901930 134.6
1901940 134.5
1901950 134.7
1901960 134.7
1901970 134.9
1901980 134.8
1901990 134.8
1902000 135.0
1902010 134.4
1902020 134.4
1902030 132.5
1902040 132.0
1902050 132.0
1902060 133.9
1902070 134.9
1902080 134.9
1902090 135.1
1902100 135.0
1902110 135.0
1902120 134.9
1902130 134.8
1902140 134.8
1902150 134.9
1902160 134.8
1902170 134.8
1902180 134.9
1902190 134.9
1902200 134.9
1902210 135.0
1902220 134.9
1902230 134.9
1902240 134.9
1902250 134.9
1902260 134.9
1902270 135.0
1902280 135.0
1902290 135.0
1902300 134.8
1902310 134.7
1902320 134.7
1902330 134.9
1902340 135.0
1902350 135.0
1902360 135.0
1902370 134.8
1902380 134.8
1902390 135.1
1902400 135.3
1902410 135.3
1902420 135.2
1902430 135.3
1902440 135.3
1902450 135.4
1902460 135.3
1902470 135.3
1902480 135.3
1902490 135.3
1902500 135.3
1902510 135.2
1902520 135.2
1902530 135.2
1902540 135.3
1902550 135.4
1902560 135.4
1902570 135.3
1902580 134.2
1902590 134.2
1902600 133.0
1902610 132.8
1902620 132.8
1902630 133.5
1902640 134.4
1902650 134.4
1902660 134.8
1902670 134.8
1902680 134.8
1902690 134.3
1902700 134.5
1902710 134.5
1902720 134.9
1902730 134.8
1902740 134.8
1902750 134.8
1902760 134.9
1902770 134.9
1902780 134.9
1902790 134.7
1902800 134.7
1902810 134.6
1902820 134.5
1902830 134.5
1902840 134.5
1902850 134.3
1902860 134.3
1902870 134.2
1902880 134.2
1902890 134.2
1902900 134.1
1902910 134.1
1902920 134.1
1902930 134.0
1902940 133.9
1902950 133.9
1902960 133.9
1902970 134.0
1902980 134.0
1902990 134.1
1903000 134.1
1903010 134.1
1903020 134.1
1903030 134.1
1903040 134.1
1903050 134.1
1903060 134.1
1903070 134.1
