1900000 137.6
1900010 137.6
1900020 137.6
1900030 137.5
1900040 137.5
1900050 137.6
1900060 137.6
1900070 137.6
1900080 137.8
1900090 137.7
1900100 137.7
1900110 137.3
1900120 137.1
1900130 137.1
1900140 137.1
1900150 137.1
1900160 137.1
1900170 136.9
1900180 136.8
1900190 136.8
1900200 137.0
1900210 136.7
1900220 136.7
1900230 136.1
1900240 135.8
1900250 135.8
1900260 136.3
1900270 136.4
1900280 136.4
1900290 136.4
1900300 136.5
1900310 135.8
1900320 135.9
1900330 137.5
1900340 137.5
1900350 138.0
1900360 138.2
1900370 138.2
1900380 138.3
1900390 138.3
1900400 138.3
1900410 137.8
1900420 137.5
1900430 137.5
1900440 135.2
1900450 135.1
1900460 135.1
1900470 135.1
1900480 135.0
1900490 135.0
1900500 135.0
1900510 135.1
1900520 135.1
1900530 135.2
1900540 135.2
1900550 135.2
1900560 134.9
1900570 134.7
1900580 134.7
1900590 134.8
1900600 134.7
1900610 134.7
1900620 134.8
1900630 134.7
1900640 134.7
1900650 134.7
1900660 134.7
1900670 134.7
1900680 134.7
1900690 134.7
1900700 134.7
1900710 134.7
1900720 134.7
1900730 134.7
1900740 134.6
1900750 134.5
1900760 134.5
1900770 134.4
1900780 134.3
1900790 134.3
1900800 134.3
1900810 134.3
1900820 134.3
1900830 134.3
1900840 134.3
1900850 134.3
1900860 134.3
1900870 134.5
1900880 134.5
1900890 134.7
1900900 134.8
1900910 134.8
1900920 134.9
1900930 134.7
1900940 134.7
1900950 134.8
1900960 134.9
1900970 134.9
1900980 135.0
1900990 135.1
1901000 135.1
1901010 135.2
1901020 135.2
1901030 135.2
1901040 135.1
1901050 134.9
1901060 134.9
1901070 134.9
1901080 134.8
1901090 134.8
1901100 134.6
1901110 134.6
1901120 134.6
1901130 134.6
1901140 134.7
1901150 134.7
1901160 135.1
1901170 135.4
1901180 135.4
1901190 135.7
1901200 136.0
1901210 136.0
1901220 136.3
1901230 136.4
1901240 136.0
1901250 136.0
1901260 136.0
1901270 136.0
1901280 136.1
1901290 136.0
1901300 136.0
1901310 136.0
1901320 136.0
1901330 136.0
1901340 136.0
1901350 136.1
1901360 136.1
1901370 136.1
1901380 136.0
1901390 136.0
1901400 136.0
1901410 136.0
1901420 136.0
1901430 136.2
1901440 136.3
1901450 136.3
1901460 136.4
1901470 136.3
1901480 136.3
1901490 136.3
1901500 136.4
1901510 136.4
1901520 136.5
1901530 136.6
1901540 136.6
1901550 136.6
1901560 136.6
1901570 136.6
1901580 136.8
1901590 136.9
1901600 136.9
1901610 136.9
1901620 136.9
1901630 136.9
1901640 136.9
1901650 136.9
1901660 136.9
1901670 136.9
1901680 137.0
1901690 137.0
1901700 137.0
1901710 137.0
1901720 136.9
1901730 136.9
1901740 136.8
1901750 136.7
1901760 136.7
1901770 136.8
1901780 136.9
1901790 136.9
1901800 136.7
1901810 136.5
1901820 136.5
1901830 136.4
1901840 136.3
1901850 136.3
1901860 136.3
1901870 136.5
1901880 136.5
1901890 136.5
1901900 136.5
1901910 136.5
1901920 136.8
1901930 136.8
1901940 136.8
1901950 135.8
1901960 133.5
1901970 133.5
1901980 131.6
1901990 131.8
1902000 131.8
1902010 133.7
1902020 135.1
1902030 135.1
1902040 135.3
1902050 135.1
1902060 135.1
1902070 135.0
1902080 134.9
1902090 134.9
1902100 134.9
1902110 134.9
1902120 134.9
1902130 134.9
1902140 134.8
1902150 134.8
1902160 134.6
1902170 134.6
1902180 134.8
1902190 134.9
1902200 134.8
1902210 134.8
1902220 134.5
1902230 134.2
1902240 134.2
1902250 134.8
1902260 134.9
1902270 134.9
1902280 135.0
1902290 135.0
1902300 135.0
1902310 135.0
1902320 135.0
1902330 135.0
1902340 135.0
1902350 135.2
1902360 135.2
1902370 135.5
1902380 135.5
1902390 135.5
1902400 135.5
1902410 135.4
1902420 135.4
1902430 135.1
1902440 134.9
1902450 134.9
1902460 135.1
1902470 135.2
1902480 135.2
1902490 135.1
1902500 135.0
1902510 135.0
1902520 135.0
1902530 134.9
1902540 134.9
1902550 135.0
1902560 135.0
1902570 135.0
1902580 135.0
1902590 135.0
1902600 135.0
1902610 135.1
1902620 135.1
1902630 135.1
1902640 135.2
1902650 135.2
1902660 135.2
1902670 135.2
1902680 135.2
1902690 135.2
1902700 135.3
1902710 135.2
1902720 135.2
1902730 134.9
1902740 135.3
1902750 135.3
1902760 135.1
1902770 134.9
1902780 134.9
1902790 134.1
1902800 133.6
1902810 133.6
1902820 133.4
1902830 133.1
1902840 133.1
1902850 132.7
1902860 132.7
1902870 132.7
1902880 132.6
1902890 132.1
1902900 132.1
1902910 131.9
1902920 132.7
1902930 132.7
1902940 132.7
