1900000 137.1
1900010 137.2
1900020 137.2
1900030 136.9
1900040 136.0
1900050 136.0
1900060 135.5
1900070 135.2
1900080 135.2
1900090 135.3
1900100 135.1
1900110 135.1
1900120 135.3
1900130 135.4
1900140 135.4
1900150 135.5
1900160 135.4
1900170 135.4
1900180 135.3
1900190 135.2
1900200 135.2
1900210 135.1
1900220 135.2
1900230 135.2
1900240 135.4
1900250 135.7
1900260 135.7
1900270 135.9
1900280 135.8
1900290 135.8
1900300 135.2
1900310 134.8
1900320 134.8
1900330 134.6
1900340 134.5
1900350 134.5
1900360 134.5
1900370 133.9
1900380 133.9
1900390 133.3
1900400 132.9
1900410 132.9
1900420 132.8
1900430 133.2
1900440 133.2
1900450 134.9
1900460 136.1
1900470 136.1
1900480 136.3
1900490 136.2
1900500 136.2
1900510 136.2
1900520 136.2
1900530 136.3
1900540 136.3
1900550 136.4
1900560 136.4
1900570 136.2
1900580 136.1
1900590 136.1
1900600 136.2
1900610 136.7
1900620 136.7
1900630 137.1
1900640 137.1
1900650 137.1
1900660 136.3
1900670 136.4
1900680 136.4
1900690 136.1
1900700 136.0
1900710 136.0
1900720 135.9
1900730 135.9
1900740 135.9
1900750 135.9
1900760 135.9
1900770 135.9
1900780 135.9
1900790 136.0
1900800 136.0
1900810 136.0
1900820 136.0
1900830 136.0
1900840 135.9
1900850 135.9
1900860 135.9
1900870 135.8
1900880 135.9
1900890 135.9
1900900 135.9
1900910 135.8
1900920 135.8
1900930 135.7
1900940 135.7
1900950 135.7
1900960 135.6
1900970 135.6
1900980 135.6
1900990 135.6
1901000 135.6
1901010 135.6
1901020 135.6
1901030 135.6
1901040 135.6
1901050 135.6
1901060 135.5
1901070 135.5
1901080 135.4
1901090 135.3
1901100 135.3
1901110 135.2
1901120 135.2
1901130 135.2
1901140 135.2
1901150 135.2
1901160 135.2
1901170 135.3
1901180 135.6
1901190 135.6
1901200 135.7
1901210 135.7
1901220 135.7
1901230 135.8
1901240 135.7
1901250 135.6
1901260 135.6
1901270 135.5
1901280 135.4
1901290 135.4
1901300 135.4
1901310 135.5
1901320 135.5
1901330 135.5
1901340 135.4
1901350 135.4
1901360 135.4
1901370 135.4
1901380 135.4
1901390 135.4
1901400 135.4
1901410 135.4
1901420 135.4
1901430 135.4
1901440 135.4
1901450 135.4
1901460 135.6
1901470 135.6
1901480 135.5
1901490 135.5
1901500 135.5
1901510 135.4
1901520 135.4
1901530 135.4
1901540 135.4
1901550 135.5
1901560 135.5
1901570 135.5
1901580 135.5
1901590 135.5
1901600 135.4
1901610 135.4
1901620 135.4
1901630 135.3
1901640 135.3
1901650 135.3
1901660 135.3
1901670 135.2
1901680 135.2
1901690 135.2
1901700 135.2
1901710 135.2
1901720 135.2
1901730 135.3
1901740 135.3
1901750 135.4
1901760 135.4
1901770 135.6
1901780 135.5
1901790 135.5
1901800 135.5
1901810 135.4
1901820 135.4
1901830 135.4
1901840 135.5
1901850 135.5
1901860 135.5
1901870 135.4
1901880 135.3
1901890 135.3
1901900 135.3
1901910 135.2
1901920 135.2
1901930 135.2
1901940 135.2
1901950 135.2
1901960 135.1
1901970 135.1
1901980 135.1
1901990 135.1
1902000 135.0
1902010 135.0
1902020 134.9
1902030 134.8
1902040 134.8
1902050 134.8
1902060 134.8
1902070 134.8
1902080 134.8
1902090 134.9
1902100 134.9
1902110 134.9
1902120 134.7
1902130 134.7
1902140 134.7
1902150 134.7
1902160 134.7
1902170 134.8
1902180 134.9
1902190 134.9
1902200 135.0
1902210 135.0
1902220 135.0
1902230 135.0
1902240 135.0
1902250 135.0
1902260 134.9
1902270 134.9
1902280 134.9
1902290 134.8
1902300 134.8
1902310 134.8
1902320 134.8
1902330 134.8
1902340 134.8
1902350 134.8
1902360 134.8
1902370 134.8
1902380 134.7
1902390 134.7
1902400 134.7
1902410 134.6
1902420 134.6
1902430 134.6
1902440 134.5
1902450 134.5
1902460 134.5
1902470 134.5
1902480 134.5
1902490 134.5
1902500 134.6
1902510 134.7
1902520 134.7
1902530 134.8
1902540 134.8
1902550 134.8
1902560 134.6
1902570 134.6
1902580 134.6
1902590 134.6
1902600 134.5
1902610 134.5
1902620 134.4
1902630 134.5
1902640 134.5
1902650 134.5
1902660 134.5
1902670 134.5
1902680 134.4
1902690 134.3
1902700 134.5
1902710 134.4
1902720 134.2
1902730 134.2
1902740 134.2
1902750 134.2
1902760 134.2
1902770 134.3
1902780 134.4
1902790 134.4
1902800 134.5
1902810 134.6
1902820 134.6
1902830 134.6
1902840 134.6
1902850 134.6
1902860 134.6
1902870 134.6
1902880 134.6
1902890 134.6
1902900 134.5
1902910 134.5
1902920 134.6
1902930 134.6
1902940 134.6
1902950 134.6
1902960 134.6
1902970 134.6
1902980 134.6
1902990 134.6
1903000 134.6
1903010 134.6
1903020 134.6
1903030 134.6
1903040 134.6
1903050 134.6
1903060 134.6
1903070 134.7
