1900000 137.8
1900010 137.5
1900020 136.8
1900030 136.8
1900040 136.4
1900050 135.4
1900060 135.4
1900070 135.0
1900080 134.7
1900090 134.7
1900100 134.9
1900110 135.0
1900120 135.0
1900130 135.0
1900140 135.0
1900150 135.0
1900160 135.1
1900170 135.3
1900180 135.3
1900190 135.5
1900200 135.8
1900210 135.8
1900220 135.5
1900230 135.3
1900240 135.3
1900250 134.4
1900260 134.3
1900270 134.3
1900280 134.9
1900290 135.8
1900300 135.8
1900310 135.8
1900320 135.7
1900330 135.7
1900340 135.5
1900350 135.3
1900360 135.3
1900370 135.3
1900380 135.4
1900390 135.4
1900400 135.6
1900410 135.6
1900420 135.6
1900430 135.6
1900440 135.8
1900450 135.8
1900460 135.8
1900470 135.6
1900480 135.6
1900490 135.6
1900500 135.7
1900510 135.7
1900520 135.8
1900530 135.7
1900540 135.7
1900550 135.8
1900560 136.0
1900570 137.3
1900580 137.3
1900590 136.8
1900600 135.6
1900610 135.6
1900620 135.5
1900630 135.6
1900640 135.6
1900650 135.6
1900660 135.6
1900670 135.6
1900680 135.7
1900690 135.7
1900700 135.7
1900710 135.8
1900720 135.8
1900730 135.8
1900740 135.8
1900750 135.8
1900760 135.8
1900770 135.8
1900780 135.8
1900790 135.8
1900800 135.8
1900810 135.7
1900820 135.7
1900830 135.7
1900840 135.6
1900850 135.6
1900860 135.6
1900870 135.6
1900880 135.6
1900890 135.5
1900900 135.5
1900910 135.5
1900920 135.5
1900930 135.5
1900940 135.4
1900950 135.3
1900960 135.3
1900970 135.3
1900980 135.5
1900990 135.7
1901000 135.7
1901010 135.8
1901020 135.9
1901030 135.9
1901040 135.8
1901050 135.5
1901060 135.5
1901070 135.5
1901080 135.4
1901090 135.4
1901100 135.4
1901110 135.4
1901120 135.4
1901130 135.4
1901140 135.3
1901150 135.3
1901160 135.3
1901170 135.3
1901180 135.3
1901190 135.4
1901200 135.3
1901210 135.3
1901220 135.3
1901230 135.2
1901240 135.2
1901250 135.2
1901260 135.2
1901270 135.2
1901280 135.2
1901290 135.1
1901300 135.1
1901310 135.0
1901320 135.0
1901330 135.0
1901340 135.0
1901350 134.9
1901360 134.9
1901370 135.0
1901380 135.0
1901390 135.0
1901400 135.0
1901410 135.0
1901420 135.0
1901430 135.0
1901440 135.0
1901450 135.0
1901460 135.0
1901470 135.0
1901480 135.0
1901490 134.9
1901500 134.9
1901510 134.9
1901520 134.9
1901530 134.8
1901540 134.8
1901550 134.8
1901560 135.0
1901570 135.0
1901580 135.0
1901590 134.9
1901600 134.9
1901610 134.9
1901620 134.9
1901630 134.9
1901640 134.9
1901650 134.9
1901660 134.9
1901670 134.8
1901680 134.9
1901690 134.9
1901700 134.9
1901710 134.9
1901720 134.9
1901730 134.9
1901740 134.9
1901750 134.9
1901760 134.9
1901770 134.9
1901780 134.9
1901790 134.8
1901800 134.7
1901810 134.7
1901820 134.6
1901830 134.5
1901840 134.5
1901850 134.5
1901860 134.5
1901870 134.6
1901880 134.6
1901890 134.7
1901900 134.7
1901910 134.7
1901920 134.8
1901930 134.8
1901940 134.8
1901950 134.8
1901960 134.8
1901970 135.0
1901980 135.1
1901990 135.1
1902000 135.2
1902010 135.2
1902020 135.2
1902030 135.2
1902040 135.1
1902050 135.1
1902060 135.0
1902070 134.8
1902080 134.8
1902090 134.7
1902100 134.7
1902110 134.7
1902120 134.8
1902130 135.0
1902140 135.0
1902150 135.1
1902160 135.3
1902170 135.3
1902180 135.1
1902190 135.1
1902200 135.1
1902210 135.1
1902220 135.0
1902230 135.0
1902240 134.9
1902250 135.1
1902260 135.1
1902270 135.1
1902280 135.3
1902290 135.3
1902300 134.6
1902310 132.5
1902320 132.5
1902330 132.2
1902340 132.0
1902350 132.0
1902360 132.2
1902370 132.9
1902380 132.9
1902390 134.2
1902400 135.0
1902410 135.0
1902420 135.1
1902430 135.1
1902440 135.1
1902450 135.1
1902460 135.1
1902470 135.1
1902480 135.1
1902490 134.9
1902500 134.9
1902510 134.8
1902520 134.6
1902530 134.6
1902540 134.5
1902550 134.3
1902560 134.3
1902570 134.2
1902580 134.1
1902590 134.2
1902600 134.2
1902610 134.2
1902620 134.2
1902630 134.2
1902640 134.2
1902650 134.1
1902660 134.1
1902670 134.0
1902680 133.9
1902690 133.9
1902700 133.9
1902710 133.9
1902720 133.9
1902730 133.9
1902740 133.9
1902750 133.9
1902760 133.9
1902770 134.0
1902780 134.0
1902790 134.1
1902800 134.1
1902810 134.1
1902820 134.1
1902830 134.1
1902840 134.1
1902850 134.0
1902860 133.9
1902870 133.9
1902880 133.9
1902890 133.8
1902900 133.8
1902910 133.8
1902920 133.9
1902930 133.9
1902940 134.0
1902950 134.0
1902960 134.0
1902970 134.1
1902980 134.1
1902990 134.1
1903000 134.1
1903010 134.1
1903020 134.1
1903030 134.2
1903040 134.2
1903050 134.2
1903060 134.2
