1900000 136.6
1900010 136.6
1900020 136.6
1900030 136.6
1900040 136.7
1900050 136.7
1900060 136.8
1900070 136.9
1900080 136.9
1900090 136.9
1900100 137.0
1900110 137.0
1900120 137.1
1900130 137.3
1900140 137.3
1900150 137.3
1900160 137.4
1900170 137.4
1900180 137.7
1900190 138.0
1900200 138.0
1900210 138.0
1900220 138.0
1900230 138.0
1900240 138.0
1900250 137.8
1900260 137.8
1900270 137.2
1900280 136.9
1900290 136.9
1900300 136.8
1900310 136.9
1900320 136.9
1900330 136.9
1900340 137.3
1900350 137.3
1900360 137.7
1900370 137.8
1900380 137.8
1900390 137.4
1900400 136.8
1900410 136.8
1900420 135.5
1900430 135.1
1900440 135.1
1900450 135.1
1900460 135.2
1900470 135.2
1900480 135.0
1900490 134.8
1900500 134.8
1900510 134.7
1900520 134.9
1900530 134.9
1900540 135.0
1900550 135.0
1900560 135.0
1900570 135.0
1900580 135.0
1900590 135.0
1900600 135.0
1900610 134.9
1900620 135.2
1900630 135.2
1900640 135.2
1900650 135.2
1900660 135.2
1900670 135.2
1900680 135.2
1900690 135.2
1900700 135.2
1900710 135.2
1900720 135.2
1900730 135.1
1900740 135.1
1900750 135.1
1900760 135.1
1900770 135.1
1900780 135.1
1900790 135.0
1900800 135.0
1900810 134.9
1900820 134.8
1900830 134.8
1900840 134.7
1900850 134.6
1900860 134.6
1900870 134.7
1900880 134.8
1900890 134.8
1900900 134.8
1900910 134.9
1900920 134.9
1900930 134.6
1900940 134.7
1900950 134.7
1900960 134.9
1900970 135.2
1900980 135.2
1900990 135.5
1901000 135.8
1901010 135.8
1901020 136.1
1901030 136.3
1901040 136.3
1901050 136.4
1901060 136.4
1901070 136.4
1901080 136.4
1901090 136.4
1901100 136.4
1901110 136.4
1901120 136.4
1901130 136.4
1901140 136.6
1901150 136.7
1901160 136.7
1901170 136.9
1901180 137.0
1901190 137.0
1901200 137.1
1901210 137.3
1901220 137.3
1901230 137.3
1901240 137.3
1901250 137.3
1901260 137.1
1901270 137.0
1901280 137.0
1901290 136.9
1901300 136.8
1901310 136.8
1901320 136.8
1901330 136.8
1901340 136.8
1901350 136.7
1901360 136.6
1901370 136.6
1901380 136.5
1901390 136.5
1901400 136.5
1901410 136.4
1901420 136.4
1901430 136.4
1901440 136.4
1901450 136.4
1901460 136.4
1901470 136.3
1901480 136.2
1901490 136.2
1901500 136.2
1901510 136.2
1901520 136.2
1901530 136.3
1901540 136.3
1901550 136.2
1901560 136.3
1901570 136.4
1901580 136.4
1901590 136.4
1901600 136.4
1901610 136.4
1901620 136.5
1901630 136.7
1901640 136.7
1901650 136.8
1901660 136.9
1901670 136.9
1901680 137.0
1901690 137.1
1901700 137.1
1901710 137.2
1901720 137.1
1901730 137.1
1901740 137.1
1901750 137.2
1901760 137.2
1901770 137.1
1901780 137.1
1901790 137.1
1901800 136.8
1901810 136.6
1901820 136.6
1901830 136.6
1901840 136.4
1901850 136.4
1901860 136.2
1901870 135.9
1901880 136.1
1901890 136.1
1901900 136.6
1901910 135.7
1901920 135.7
1901930 134.7
1901940 133.9
1901950 133.9
1901960 131.7
1901970 131.8
1901980 131.8
1901990 134.8
1902000 134.9
1902010 134.9
1902020 135.1
1902030 135.1
1902040 135.1
1902050 135.2
1902060 135.2
1902070 135.2
1902080 135.1
1902090 135.0
1902100 135.0
1902110 134.7
1902120 134.1
1902130 134.1
1902140 134.0
1902150 134.2
1902160 134.2
1902170 134.3
1902180 134.2
1902190 134.2
1902200 134.0
1902210 134.6
1902220 134.6
1902230 134.9
1902240 134.7
1902250 134.7
1902260 134.7
1902270 134.8
1902280 134.8
1902290 134.8
1902300 134.9
1902310 134.9
1902320 135.0
1902330 135.1
1902340 135.1
1902350 135.0
1902360 135.0
1902370 135.0
1902380 135.1
1902390 135.0
1902400 135.0
1902410 134.9
1902420 134.9
1902430 134.9
1902440 135.0
1902450 134.8
1902460 134.8
1902470 134.7
1902480 134.9
1902490 134.9
1902500 135.0
1902510 135.0
1902520 135.0
1902530 134.7
1902540 134.6
1902550 134.6
1902560 134.9
1902570 134.9
1902580 134.9
1902590 134.9
1902600 134.9
1902610 134.9
1902620 135.0
