1900000 136.7
1900010 136.6
1900020 136.6
1900030 136.7
1900040 136.6
1900050 136.6
1900060 136.6
1900070 136.6
1900080 136.6
1900090 136.7
1900100 136.8
1900110 136.8
1900120 137.0
1900130 137.3
1900140 137.3
1900150 137.5
1900160 137.7
1900170 137.7
1900180 137.7
1900190 137.6
1900200 137.6
1900210 137.7
1900220 138.0
1900230 138.0
1900240 138.1
1900250 138.1
1900260 138.1
1900270 137.7
1900280 137.5
1900290 137.5
1900300 137.0
1900310 137.4
1900320 137.4
1900330 137.5
1900340 137.1
1900350 137.1
1900360 137.3
1900370 136.6
1900380 136.6
1900390 135.9
1900400 135.6
1900410 136.0
1900420 137.1
1900430 137.5
1900440 137.5
1900450 137.4
1900460 137.1
1900470 137.1
1900480 136.6
1900490 136.5
1900500 136.5
1900510 136.7
1900520 136.7
1900530 136.7
1900540 136.3
1900550 136.1
1900560 136.1
1900570 135.9
1900580 135.7
1900590 135.7
1900600 135.7
1900610 135.7
1900620 135.7
1900630 135.7
1900640 135.6
1900650 135.6
1900660 135.5
1900670 135.5
1900680 135.5
1900690 135.6
1900700 135.6
1900710 135.6
1900720 135.7
1900730 134.9
1900740 134.9
1900750 134.9
1900760 135.0
1900770 135.0
1900780 135.4
1900790 135.4
1900800 135.4
1900810 135.9
1900820 136.1
1900830 136.1
1900840 136.3
1900850 136.5
1900860 136.5
1900870 136.7
1900880 136.8
1900890 136.8
1900900 136.8
1900910 136.8
1900920 136.7
1900930 136.7
1900940 136.7
1900950 136.6
1900960 136.6
1900970 136.6
1900980 136.6
1900990 136.6
1901000 136.6
1901010 136.7
1901020 136.7
1901030 136.7
1901040 136.7
1901050 136.7
1901060 136.7
1901070 136.7
1901080 136.7
1901090 136.8
1901100 136.8
1901110 136.8
1901120 136.9
1901130 137.0
1901140 137.0
1901150 137.1
1901160 137.2
1901170 137.2
1901180 137.2
1901190 137.2
1901200 137.2
1901210 137.2
1901220 137.2
1901230 137.2
1901240 137.3
1901250 137.3
1901260 137.3
1901270 137.4
1901280 137.3
1901290 137.3
1901300 137.3
1901310 137.2
1901320 137.2
1901330 137.1
1901340 137.0
1901350 136.8
1901360 136.7
1901370 136.6
1901380 136.6
1901390 136.5
1901400 136.4
1901410 136.4
1901420 136.3
1901430 136.3
1901440 136.3
1901450 136.3
1901460 136.4
1901470 136.4
1901480 136.4
1901490 136.4
1901500 136.4
1901510 136.4
1901520 136.4
1901530 136.4
1901540 136.3
1901550 136.3
1901560 136.3
1901570 136.3
1901580 136.3
1901590 136.3
1901600 136.3
1901610 136.1
1901620 136.1
1901630 136.0
1901640 136.0
1901650 136.0
1901660 136.3
1901670 136.5
1901680 136.5
1901690 136.7
1901700 136.9
1901710 136.9
1901720 137.1
1901730 137.2
1901740 137.2
1901750 137.0
1901760 137.1
1901770 137.1
1901780 137.7
1901790 137.0
1901800 137.0
1901810 136.6
1901820 136.6
1901830 136.6
1901840 137.1
1901850 137.6
1901860 137.6
1901870 137.2
1901880 136.6
1901890 136.6
1901900 135.5
1901910 134.9
1901920 134.9
1901930 134.2
1901940 132.7
1901950 132.7
1901960 132.6
1901970 134.4
1901980 134.4
1901990 135.0
1902000 134.8
1902010 134.8
1902020 135.0
1902030 135.1
1902040 135.1
1902050 135.0
1902060 134.9
1902070 134.9
1902080 134.8
1902090 134.9
1902100 134.9
1902110 134.8
1902120 134.8
1902130 134.8
1902140 134.9
1902150 134.8
1902160 134.8
1902170 134.7
1902180 134.8
1902190 134.8
1902200 134.8
1902210 134.9
1902220 134.9
1902230 134.8
1902240 134.7
1902250 134.7
1902260 134.7
1902270 134.8
1902280 134.7
1902290 134.5
1902300 134.7
1902310 134.7
1902320 134.9
1902330 134.9
1902340 134.9
1902350 134.9
1902360 135.0
1902370 135.0
1902380 135.0
1902390 135.0
1902400 135.0
1902410 135.1
1902420 135.0
1902430 135.0
1902440 134.9
1902450 134.8
1902460 134.8
1902470 134.6
1902480 134.6
1902490 134.6
1902500 134.6
1902510 134.8
1902520 134.8
1902530 134.9
1902540 134.9
1902550 134.9
1902560 134.9
1902570 134.9
1902580 134.9
1902590 134.7
1902600 134.6
1902610 134.6
1902620 134.7
1902630 134.8
1902640 134.8
