1900000 137.7
1900010 137.7
1900020 137.7
1900030 137.7
1900040 137.7
1900050 137.7
1900060 137.7
1900070 137.8
1900080 137.6
1900090 137.6
1900100 136.6
1900110 135.0
1900120 135.0
1900130 136.1
1900140 135.9
1900150 135.9
1900160 135.9
1900170 135.9
1900180 135.9
1900190 135.7
1900200 135.6
1900210 135.6
1900220 135.7
1900230 136.1
1900240 136.1
1900250 136.1
1900260 136.2
1900270 136.2
1900280 136.0
1900290 135.7
1900300 135.7
1900310 135.6
1900320 135.3
1900330 135.3
1900340 135.0
1900350 136.8
1900360 136.8
1900370 137.9
1900380 138.1
1900390 138.2
1900400 138.2
1900410 138.2
1900420 137.9
1900430 137.9
1900440 138.0
1900450 135.6
1900460 135.6
1900470 134.6
1900480 134.7
1900490 134.7
1900500 134.9
1900510 134.9
1900520 134.9
1900530 134.9
1900540 135.0
1900550 135.0
1900560 135.0
1900570 135.0
1900580 135.0
1900590 135.0
1900600 135.1
1900610 135.1
1900620 134.8
1900630 134.7
1900640 134.7
1900650 134.7
1900660 134.7
1900670 134.7
1900680 134.7
1900690 134.6
1900700 134.6
1900710 134.7
1900720 134.7
1900730 134.6
1900740 134.5
1900750 134.5
1900760 134.5
1900770 134.6
1900780 134.6
1900790 134.6
1900800 134.5
1900810 134.5
1900820 134.5
1900830 134.4
1900840 134.4
1900850 134.4
1900860 134.4
1900870 134.3
1900880 134.3
1900890 134.3
1900900 134.2
1900910 134.2
1900920 134.2
1900930 134.3
1900940 134.3
1900950 134.4
1900960 134.4
1900970 134.4
1900980 134.5
1900990 134.7
1901000 134.7
1901010 134.8
1901020 134.9
1901030 134.9
1901040 134.9
1901050 135.0
1901060 135.0
1901070 135.0
1901080 135.0
1901090 135.0
1901100 135.0
1901110 135.0
1901120 135.0
1901130 134.9
1901140 134.8
1901150 134.8
1901160 134.7
1901170 134.6
1901180 134.6
1901190 134.5
1901200 134.6
1901210 134.6
1901220 134.8
1901230 134.9
1901240 134.9
1901250 135.0
1901260 135.1
1901270 135.1
1901280 135.2
1901290 135.3
1901300 135.3
1901310 135.4
1901320 135.5
1901330 135.5
1901340 135.6
1901350 135.2
1901360 135.2
1901370 135.4
1901380 135.5
1901390 135.5
1901400 135.7
1901410 135.9
1901420 135.9
1901430 136.1
1901440 136.2
1901450 136.2
1901460 136.3
1901470 136.3
1901480 136.3
1901490 136.3
1901500 136.3
1901510 136.3
1901520 136.4
1901530 136.5
1901540 136.5
1901550 136.4
1901560 136.4
1901570 136.4
1901580 136.5
1901590 136.6
1901600 136.6
1901610 136.7
1901620 136.7
1901630 136.7
1901640 136.8
1901650 136.9
1901660 136.9
1901670 136.9
1901680 136.9
1901690 136.9
1901700 136.7
1901710 136.7
1901720 136.7
1901730 136.6
1901740 136.6
1901750 136.6
1901760 136.5
1901770 136.5
1901780 136.5
1901790 136.6
1901800 136.3
1901810 136.3
1901820 136.2
1901830 136.2
1901840 136.2
1901850 136.5
1901860 136.8
1901870 136.8
1901880 136.8
1901890 136.9
1901900 136.9
1901910 137.0
1901920 136.8
1901930 136.8
1901940 135.7
1901950 134.7
1901960 134.7
1901970 133.5
1901980 135.4
1901990 135.4
1902000 135.5
1902010 135.6
1902020 135.6
1902030 135.4
1902040 135.0
1902050 135.0
1902060 135.1
1902070 135.2
1902080 135.2
1902090 135.2
1902100 134.8
1902110 134.8
1902120 134.8
1902130 134.9
1902140 134.9
1902150 134.9
1902160 135.0
1902170 135.0
1902180 135.1
1902190 135.0
1902200 135.0
1902210 134.8
1902220 134.7
1902230 134.7
1902240 134.6
1902250 134.8
1902260 134.8
1902270 135.0
1902280 134.8
1902290 134.8
1902300 134.9
1902310 135.0
1902320 135.0
1902330 135.1
1902340 135.0
1902350 135.0
1902360 135.1
1902370 135.4
1902380 135.5
1902390 135.5
1902400 135.4
1902410 135.3
1902420 135.3
1902430 135.1
1902440 135.0
1902450 135.0
1902460 135.2
1902470 135.2
1902480 135.2
1902490 135.0
1902500 135.1
1902510 135.1
1902520 135.0
1902530 135.0
1902540 135.0
1902550 135.1
1902560 135.1
1902570 135.1
1902580 135.0
1902590 135.2
1902600 135.2
1902610 135.2
1902620 135.2
1902630 135.2
1902640 135.2
1902650 135.3
1902660 135.3
1902670 135.3
1902680 134.3
1902690 134.3
1902700 133.3
1902710 132.9
1902720 132.9
1902730 132.7
1902740 132.7
1902750 132.7
1902760 132.7
1902770 132.8
1902780 132.8
1902790 133.7
1902800 133.7
1902810 133.7
1902820 134.3
1902830 134.6
1902840 134.6
1902850 134.7
1902860 134.8
1902870 134.8
1902880 134.8
1902890 134.9
1902900 134.8
1902910 134.7
1902920 134.7
1902930 134.7
1902940 134.6
1902950 134.6
1902960 134.6
1902970 134.7
1902980 134.7
1902990 134.7
1903000 134.8
1903010 134.8
1903020 134.8
1903030 134.8
1903040 134.9
1903050 134.9
1903060 134.9
