1900000 136.9
1900010 136.8
1900020 136.7
1900030 136.7
1900040 136.8
1900050 136.9
1900060 136.9
1900070 136.9
1900080 137.0
1900090 137.0
1900100 137.1
1900110 137.4
1900120 137.4
1900130 137.5
1900140 137.6
1900150 137.6
1900160 137.7
1900170 137.8
1900180 137.8
1900190 138.1
1900200 138.0
1900210 138.0
1900220 137.5
1900230 137.1
1900240 137.1
1900250 137.6
1900260 137.3
1900270 137.3
1900280 137.6
1900290 137.5
1900300 137.5
1900310 137.4
1900320 137.5
1900330 137.5
1900340 137.6
1900350 137.6
1900360 137.6
1900370 137.5
1900380 137.5
1900390 137.5
1900400 137.5
1900410 137.5
1900420 137.5
1900430 137.5
1900440 137.5
1900450 137.5
1900460 137.5
1900470 137.4
1900480 137.4
1900490 137.4
1900500 137.3
1900510 137.3
1900520 137.2
1900530 137.3
1900540 137.3
1900550 137.2
1900560 137.0
1900570 137.0
1900580 136.9
1900590 136.9
1900600 136.9
1900610 136.8
1900620 136.9
1900630 137.0
1900640 137.0
1900650 137.1
1900660 137.2
1900670 137.2
1900680 137.3
1900690 137.3
1900700 137.3
1900710 137.1
1900720 136.7
1900730 136.7
1900740 136.5
1900750 136.3
1900760 136.3
1900770 136.2
1900780 136.2
1900790 136.2
1900800 136.3
1900810 136.3
1900820 136.3
1900830 136.5
1900840 136.6
1900850 136.6
1900860 136.8
1900870 136.9
1900880 136.9
1900890 136.9
1900900 136.9
1900910 136.9
1900920 136.9
1900930 137.0
1900940 137.0
1900950 137.0
1900960 137.0
1900970 137.0
1900980 136.9
1900990 136.8
1901000 136.8
1901010 136.7
1901020 136.6
1901030 136.6
1901040 136.7
1901050 136.7
1901060 136.7
1901070 136.7
1901080 136.7
1901090 136.7
1901100 136.8
1901110 136.8
1901120 136.8
1901130 136.9
1901140 136.9
1901150 136.9
1901160 136.9
1901170 136.9
1901180 136.9
1901190 137.0
1901200 137.0
1901210 137.0
1901220 137.0
1901230 137.0
1901240 137.0
1901250 137.0
1901260 137.0
1901270 137.0
1901280 137.0
1901290 137.1
1901300 137.1
1901310 137.1
1901320 137.1
1901330 137.1
1901340 137.0
1901350 137.0
1901360 137.0
1901370 136.9
1901380 136.9
1901390 136.9
1901400 136.8
1901410 136.6
1901420 136.6
1901430 136.5
1901440 136.4
1901450 136.4
1901460 136.4
1901470 136.3
1901480 136.3
1901490 136.3
1901500 136.4
1901510 136.4
1901520 136.7
1901530 136.9
1901540 136.9
1901550 137.1
1901560 137.0
1901570 137.0
1901580 137.0
1901590 136.9
1901600 136.9
1901610 136.8
1901620 136.8
1901630 136.8
1901640 136.6
1901650 136.5
1901660 136.4
1901670 136.4
1901680 136.4
1901690 136.4
1901700 136.4
1901710 136.4
1901720 136.4
1901730 136.4
1901740 136.5
1901750 136.5
1901760 136.7
1901770 137.1
1901780 137.1
1901790 137.3
1901800 137.2
1901810 137.2
1901820 137.3
1901830 137.3
1901840 137.3
1901850 137.3
1901860 137.0
1901870 137.0
1901880 136.5
1901890 134.7
1901900 134.7
1901910 133.6
1901920 133.0
1901930 133.0
1901940 134.3
1901950 135.2
1901960 135.2
1901970 134.9
1901980 134.9
1901990 134.9
1902000 134.7
1902010 134.4
1902020 134.4
1902030 134.5
1902040 134.9
1902050 134.9
1902060 135.0
1902070 135.0
1902080 135.0
1902090 134.9
1902100 134.7
1902110 134.7
1902120 134.5
1902130 134.5
1902140 134.5
1902150 134.5
1902160 134.2
1902170 134.2
1902180 134.0
1902190 134.1
1902200 134.1
1902210 134.5
1902220 134.1
1902230 134.1
1902240 134.0
1902250 134.3
1902260 134.3
1902270 134.4
1902280 134.5
1902290 134.5
1902300 134.7
1902310 134.8
1902320 134.8
1902330 134.7
1902340 134.6
1902350 134.6
1902360 134.6
1902370 134.7
1902380 134.7
1902390 134.7
1902400 134.6
1902410 134.6
1902420 134.5
1902430 134.5
1902440 134.5
1902450 134.6
1902460 134.7
1902470 134.7
1902480 134.6
1902490 134.7
1902500 134.7
1902510 134.8
1902520 134.8
1902530 134.8
1902540 134.8
1902550 134.8
1902560 134.8
1902570 134.7
1902580 134.5
1902590 134.5
1902600 134.5
1902610 134.6
1902620 134.6
1902630 134.6
1902640 134.7
1902650 134.8
1902660 134.8
