1900000 137.0
1900010 137.0
1900020 137.0
1900030 137.1
1900040 137.1
1900050 137.0
1900060 137.1
1900070 137.1
1900080 137.2
1900090 137.2
1900100 137.3
1900110 137.1
1900120 137.0
1900130 137.0
1900140 136.9
1900150 137.3
1900160 137.3
1900170 137.8
1900180 137.8
1900190 137.8
1900200 137.5
1900210 137.3
1900220 137.3
1900230 137.1
1900240 136.7
1900250 136.7
1900260 136.6
1900270 136.6
1900280 136.6
1900290 136.6
1900300 136.6
1900310 136.6
1900320 136.8
1900330 137.1
1900340 137.1
1900350 137.5
1900360 137.6
1900370 137.6
1900380 137.6
1900390 137.0
1900400 137.0
1900410 135.8
1900420 135.4
1900430 135.4
1900440 135.4
1900450 135.4
1900460 135.4
1900470 135.4
1900480 135.6
1900490 135.6
1900500 135.4
1900510 135.1
1900520 135.1
1900530 135.0
1900540 135.1
1900550 135.1
1900560 135.1
1900570 135.1
1900580 135.1
1900590 135.0
1900600 135.0
1900610 135.0
1900620 134.8
1900630 134.9
1900640 134.9
1900650 135.0
1900660 135.0
1900670 135.1
1900680 135.1
1900690 135.1
1900700 135.1
1900710 135.1
1900720 135.1
1900730 134.8
1900740 134.8
1900750 134.7
1900760 134.8
1900770 134.8
1900780 134.8
1900790 134.8
1900800 134.8
1900810 134.9
1900820 135.0
1900830 135.0
1900840 135.1
1900850 135.1
1900860 135.1
1900870 135.1
1900880 135.1
1900890 135.1
1900900 135.2
1900910 135.1
1900920 135.1
1900930 135.1
1900940 135.0
1900950 135.0
1900960 134.8
1900970 134.6
1900980 134.6
1900990 134.5
1901000 134.4
1901010 134.4
1901020 134.4
1901030 134.7
1901040 134.5
1901050 134.6
1901060 134.9
1901070 134.9
1901080 135.1
1901090 135.5
1901100 135.5
1901110 135.9
1901120 136.3
1901130 136.3
1901140 136.5
1901150 136.5
1901160 136.5
1901170 136.6
1901180 136.8
1901190 136.8
1901200 136.8
1901210 136.9
1901220 136.9
1901230 137.0
1901240 137.0
1901250 137.0
1901260 137.0
1901270 136.9
1901280 136.9
1901290 136.9
1901300 136.7
1901310 136.7
1901320 136.6
1901330 136.5
1901340 136.5
1901350 136.3
1901360 136.3
1901370 136.3
1901380 136.3
1901390 136.4
1901400 136.4
1901410 136.4
1901420 136.4
1901430 136.4
1901440 136.4
1901450 136.4
1901460 136.4
1901470 136.3
1901480 136.3
1901490 136.3
1901500 136.3
1901510 136.3
1901520 136.3
1901530 136.3
1901540 136.2
1901550 136.2
1901560 136.3
1901570 136.4
1901580 136.4
1901590 136.5
1901600 136.7
1901610 136.7
1901620 136.9
1901630 137.1
1901640 137.1
1901650 137.2
1901660 137.3
1901670 137.3
1901680 137.3
1901690 137.3
1901700 137.3
1901710 137.2
1901720 137.0
1901730 137.0
1901740 136.8
1901750 136.7
1901760 136.7
1901770 136.9
1901780 137.1
1901790 137.1
1901800 137.0
1901810 136.4
1901820 136.4
1901830 136.4
1901840 136.4
1901850 136.4
1901860 136.5
1901870 136.4
1901880 136.4
1901890 136.3
1901900 136.2
1901910 136.2
1901920 136.4
1901930 135.5
1901940 135.5
1901950 134.5
1901960 132.3
1901970 132.4
1901980 131.5
1901990 132.2
1902000 132.2
1902010 135.2
1902020 135.4
1902030 135.4
1902040 135.1
1902050 134.9
1902060 134.9
1902070 135.0
1902080 134.8
1902090 134.8
1902100 134.4
1902110 134.3
1902120 134.3
1902130 134.4
1902140 134.5
1902150 134.5
1902160 134.5
1902170 134.3
1902180 134.3
1902190 134.4
1902200 134.5
1902210 134.5
1902220 134.4
1902230 134.7
1902240 134.7
1902250 134.8
1902260 134.9
1902270 134.9
1902280 134.9
1902290 134.9
1902300 134.9
1902310 135.0
1902320 134.9
1902330 134.9
1902340 135.0
1902350 135.0
1902360 135.0
1902370 135.1
1902380 135.2
1902390 135.2
1902400 135.2
1902410 135.1
1902420 135.1
1902430 135.1
1902440 135.0
1902450 135.0
1902460 134.9
1902470 135.0
1902480 135.0
1902490 135.1
1902500 134.9
1902510 134.9
1902520 134.8
1902530 134.8
1902540 134.8
1902550 134.9
1902560 135.0
1902570 135.0
1902580 135.0
1902590 135.0
1902600 135.0
1902610 135.0
