1900000 138.1
1900010 138.1
1900020 137.6
1900030 136.5
1900040 136.5
1900050 136.1
1900060 135.2
1900070 135.2
1900080 135.0
1900090 134.9
1900100 134.9
1900110 134.9
1900120 135.0
1900130 135.0
1900140 135.1
1900150 135.2
1900160 135.2
1900170 135.3
1900180 135.3
1900190 135.3
1900200 135.5
1900210 135.8
1900220 135.8
1900230 135.2
1900240 134.6
1900250 134.6
1900260 134.5
1900270 135.0
1900280 135.0
1900290 135.6
1900300 135.6
1900310 135.6
1900320 135.6
1900330 135.5
1900340 135.5
1900350 135.4
1900360 135.2
1900370 135.2
1900380 135.2
1900390 135.2
1900400 135.2
1900410 135.5
1900420 135.7
1900430 135.7
1900440 135.7
1900450 135.7
1900460 135.7
1900470 135.6
1900480 135.6
1900490 135.6
1900500 135.4
1900510 135.4
1900520 135.5
1900530 135.5
1900540 135.5
1900550 135.5
1900560 137.1
1900570 137.0
1900580 137.0
1900590 135.7
1900600 135.5
1900610 135.5
1900620 135.5
1900630 135.4
1900640 135.4
1900650 135.5
1900660 135.5
1900670 135.5
1900680 135.5
1900690 135.6
1900700 135.6
1900710 135.6
1900720 135.7
1900730 135.7
1900740 135.7
1900750 135.6
1900760 135.6
1900770 135.7
1900780 135.7
1900790 135.7
1900800 135.7
1900810 135.6
1900820 135.6
1900830 135.7
1900840 135.5
1900850 135.5
1900860 135.4
1900870 135.4
1900880 135.4
1900890 135.3
1900900 135.4
1900910 135.4
1900920 135.5
1900930 135.7
1900940 135.7
1900950 135.7
1900960 135.6
1900970 135.6
1900980 135.7
1900990 135.5
1901000 135.5
1901010 135.4
1901020 135.3
1901030 135.3
1901040 135.2
1901050 135.1
1901060 135.1
1901070 135.1
1901080 135.1
1901090 135.1
1901100 135.1
1901110 135.2
1901120 135.2
1901130 135.3
1901140 135.4
1901150 135.4
1901160 135.4
1901170 135.4
1901180 135.4
1901190 135.4
1901200 135.3
1901210 135.3
1901220 135.3
1901230 135.2
1901240 135.2
1901250 135.1
1901260 135.0
1901270 135.0
1901280 135.1
1901290 135.1
1901300 135.1
1901310 135.1
1901320 135.1
1901330 135.1
1901340 135.1
1901350 135.1
1901360 135.1
1901370 135.1
1901380 135.1
1901390 135.1
1901400 135.0
1901410 134.8
1901420 134.8
1901430 134.6
1901440 134.6
1901450 134.7
1901460 134.7
1901470 134.7
1901480 134.7
1901490 134.7
1901500 134.7
1901510 134.7
1901520 134.7
1901530 134.7
1901540 134.7
1901550 134.7
1901560 134.6
1901570 134.6
1901580 134.5
1901590 134.4
1901600 134.4
1901610 134.3
1901620 134.4
1901630 134.4
1901640 134.5
1901650 134.7
1901660 134.7
1901670 134.8
1901680 134.8
1901690 134.8
1901700 134.8
1901710 134.8
1901720 134.8
1901730 134.8
1901740 134.8
1901750 134.8
1901760 134.7
1901770 134.9
1901780 134.9
1901790 134.8
1901800 134.6
1901810 134.4
1901820 134.4
1901830 134.3
1901840 134.4
1901850 134.4
1901860 134.5
1901870 134.5
1901880 134.5
1901890 134.3
1901900 134.1
1901910 134.1
1901920 134.0
1901930 134.0
1901940 134.0
1901950 134.0
1901960 134.2
1901970 134.2
1901980 134.1
1901990 134.0
1902000 134.0
1902010 133.8
1902020 133.6
1902030 133.6
1902040 133.9
1902050 134.5
1902060 134.5
1902070 135.0
1902080 135.1
1902090 135.1
1902100 135.0
1902110 135.1
1902120 135.1
1902130 135.2
1902140 135.5
1902150 135.5
1902160 135.5
1902170 135.4
1902180 135.4
1902190 135.4
1902200 135.4
1902210 135.4
1902220 135.0
1902230 134.3
1902240 134.3
1902250 133.2
1902260 131.9
1902270 131.9
1902280 132.5
1902290 133.7
1902300 133.7
1902310 134.7
1902320 134.9
1902330 134.9
1902340 135.0
1902350 134.9
1902360 134.9
1902370 134.5
1902380 132.3
1902390 132.3
1902400 132.8
1902410 134.2
1902420 134.2
1902430 134.7
1902440 134.9
1902450 134.9
1902460 135.0
1902470 135.0
1902480 135.0
1902490 135.0
1902500 135.0
1902510 135.0
1902520 135.0
1902530 135.0
1902540 135.0
1902550 135.0
1902560 134.9
1902570 134.9
1902580 134.7
1902590 134.8
1902600 134.8
1902610 134.6
1902620 134.4
1902630 134.4
1902640 134.3
1902650 134.1
1902660 134.1
1902670 134.0
1902680 133.9
1902690 133.9
1902700 134.0
1902710 133.9
1902720 133.9
1902730 133.9
1902740 133.8
1902750 133.8
1902760 133.7
1902770 133.8
1902780 133.8
1902790 133.8
1902800 133.8
1902810 133.8
1902820 133.9
1902830 133.9
1902840 133.9
1902850 134.1
1902860 134.2
1902870 134.2
1902880 134.3
1902890 134.2
1902900 134.2
1902910 134.3
1902920 134.3
1902930 134.3
1902940 134.3
1902950 134.2
1902960 134.2
1902970 134.2
1902980 134.2
1902990 134.2
1903000 134.1
1903010 134.2
1903020 134.2
1903030 134.2
1903040 134.3
1903050 134.3
1903060 134.3
