1900000 138.2
1900010 138.1
1900020 138.2
1900030 138.2
1900040 137.4
1900050 134.3
1900060 134.3
1900070 133.5
1900080 133.4
1900090 133.4
1900100 133.7
1900110 135.3
1900120 135.3
1900130 135.9
1900140 135.9
1900150 135.9
1900160 135.9
1900170 135.9
1900180 135.9
1900190 136.0
1900200 136.0
1900210 136.0
1900220 135.9
1900230 135.8
1900240 135.8
1900250 135.7
1900260 135.5
1900270 135.5
1900280 135.4
1900290 135.3
1900300 135.3
1900310 135.3
1900320 135.4
1900330 135.4
1900340 135.0
1900350 134.2
1900360 134.2
1900370 133.8
1900380 133.8
1900390 133.8
1900400 134.8
1900410 133.7
1900420 133.7
1900430 134.0
1900440 137.4
1900450 137.4
1900460 137.9
1900470 137.0
1900480 137.0
1900490 134.4
1900500 134.3
1900510 134.3
1900520 134.2
1900530 134.4
1900540 134.4
1900550 134.5
1900560 134.8
1900570 134.8
1900580 134.9
1900590 135.1
1900600 135.1
1900610 135.1
1900620 135.0
1900630 135.0
1900640 134.9
1900650 134.9
1900660 134.9
1900670 134.9
1900680 134.8
1900690 134.8
1900700 134.7
1900710 134.5
1900720 134.5
1900730 134.4
1900740 134.4
1900750 134.4
1900760 134.4
1900770 134.4
1900780 134.4
1900790 134.4
1900800 134.4
1900810 134.4
1900820 134.4
1900830 134.4
1900840 134.4
1900850 134.3
1900860 134.3
1900870 134.3
1900880 134.2
1900890 134.2
1900900 134.2
1900910 134.2
1900920 134.2
1900930 134.2
1900940 134.2
1900950 134.3
1900960 134.3
1900970 134.3
1900980 134.3
1900990 134.3
1901000 134.4
1901010 134.4
1901020 134.4
1901030 134.5
1901040 134.5
1901050 134.5
1901060 134.6
1901070 134.7
1901080 134.7
1901090 134.9
1901100 135.0
1901110 135.0
1901120 135.1
1901130 135.2
1901140 135.2
1901150 135.1
1901160 135.0
1901170 135.0
1901180 135.0
1901190 135.0
1901200 135.0
1901210 134.8
1901220 134.6
1901230 134.6
1901240 134.5
1901250 134.4
1901260 134.4
1901270 134.4
1901280 134.5
1901290 134.5
1901300 134.6
1901310 134.8
1901320 134.8
1901330 135.0
1901340 135.0
1901350 135.0
1901360 135.0
1901370 135.0
1901380 134.9
1901390 134.9
1901400 134.9
1901410 134.9
1901420 134.9
1901430 134.8
1901440 135.0
1901450 135.0
1901460 135.1
1901470 135.4
1901480 135.4
1901490 135.6
1901500 135.7
1901510 135.7
1901520 135.9
1901530 136.0
1901540 136.0
1901550 136.1
1901560 136.1
1901570 136.1
1901580 136.1
1901590 136.1
1901600 136.1
1901610 136.1
1901620 136.0
1901630 136.0
1901640 135.9
1901650 135.8
1901660 135.8
1901670 135.8
1901680 135.8
1901690 135.8
1901700 135.7
1901710 135.6
1901720 135.6
1901730 135.5
1901740 135.2
1901750 135.2
1901760 135.1
1901770 135.1
1901780 135.1
1901790 135.2
1901800 135.3
1901810 135.3
1901820 135.1
1901830 135.1
1901840 135.1
1901850 135.2
1901860 135.2
1901870 134.6
1901880 134.6
1901890 134.5
1901900 134.5
1901910 134.7
1901920 134.8
1901930 134.8
1901940 134.9
1901950 135.0
1901960 135.0
1901970 134.9
1901980 135.1
1901990 135.1
1902000 133.8
1902010 131.9
1902020 131.9
1902030 132.0
1902040 134.3
1902050 134.3
1902060 135.2
1902070 135.2
1902080 135.2
1902090 135.2
1902100 135.1
1902110 135.1
1902120 134.9
1902130 134.9
1902140 134.9
1902150 135.0
1902160 134.8
1902170 134.8
1902180 134.7
1902190 134.9
1902200 134.9
1902210 134.9
1902220 134.7
1902230 134.7
1902240 134.7
1902250 134.7
1902260 134.7
1902270 135.0
1902280 134.9
1902290 134.9
1902300 134.7
1902310 134.8
1902320 134.8
1902330 135.0
1902340 135.2
1902350 135.2
1902360 135.2
1902370 135.4
1902380 135.4
1902390 135.4
1902400 135.4
1902410 135.4
1902420 135.2
1902430 135.1
1902440 135.1
1902450 135.2
1902460 135.4
1902470 135.4
1902480 135.3
1902490 135.1
1902500 135.1
1902510 135.2
1902520 135.0
1902530 135.0
1902540 135.0
1902550 135.2
1902560 135.2
1902570 135.3
1902580 135.3
1902590 135.3
1902600 135.3
1902610 135.1
1902620 135.1
1902630 134.1
1902640 132.9
1902650 132.9
1902660 132.8
1902670 133.3
1902680 133.3
1902690 133.4
1902700 133.2
1902710 133.2
1902720 133.7
1902730 134.8
1902740 134.8
1902750 134.8
1902760 135.0
1902770 135.0
1902780 134.9
1902790 134.8
1902800 134.8
1902810 134.8
1902820 134.8
1902830 134.8
1902840 134.8
1902850 134.8
1902860 134.8
1902870 134.7
1902880 134.7
1902890 134.7
1902900 134.7
1902910 134.6
1902920 134.6
1902930 134.6
1902940 134.6
1902950 134.6
1902960 134.5
1902970 134.4
1902980 134.4
1902990 134.4
1903000 134.3
1903010 134.3
1903020 134.3
1903030 134.3
1903040 134.3
1903050 134.4
1903060 134.5
1903070 134.5
