1900000 136.3
1900010 136.3
1900020 135.4
1900030 135.0
1900040 135.0
1900050 135.2
1900060 136.0
1900070 136.0
1900080 135.5
1900090 134.8
1900100 134.8
1900110 134.7
1900120 134.8
1900130 134.8
1900140 135.0
1900150 135.1
1900160 135.1
1900170 134.9
1900180 134.5
1900190 134.5
1900200 134.1
1900210 135.0
1900220 135.0
1900230 135.2
1900240 135.2
1900250 135.2
1900260 135.2
1900270 135.3
1900280 135.3
1900290 135.1
1900300 134.9
1900310 134.9
1900320 134.8
1900330 135.0
1900340 135.0
1900350 135.4
1900360 135.4
1900370 135.4
1900380 135.5
1900390 135.4
1900400 135.4
1900410 135.1
1900420 135.1
1900430 135.1
1900440 135.2
1900450 135.2
1900460 135.2
1900470 135.2
1900480 135.2
1900490 135.2
1900500 135.3
1900510 135.7
1900520 135.3
1900530 136.9
1900540 137.7
1900550 137.7
1900560 136.2
1900570 134.2
1900580 134.2
1900590 133.9
1900600 133.7
1900610 133.7
1900620 133.8
1900630 134.7
1900640 135.4
1900650 135.4
1900660 135.5
1900670 135.5
1900680 135.5
1900690 135.5
1900700 135.5
1900710 135.5
1900720 135.5
1900730 135.4
1900740 135.4
1900750 135.3
1900760 135.2
1900770 135.2
1900780 135.2
1900790 135.2
1900800 135.2
1900810 135.3
1900820 135.5
1900830 135.4
1900840 135.5
1900850 135.8
1900860 135.8
1900870 136.0
1900880 135.9
1900890 135.9
1900900 135.8
1900910 135.8
1900920 135.8
1900930 135.6
1900940 135.4
1900950 135.4
1900960 135.3
1900970 135.2
1900980 135.2
1900990 135.3
1901000 135.3
1901010 135.3
1901020 135.3
1901030 135.4
1901040 135.4
1901050 135.3
1901060 135.3
1901070 135.3
1901080 135.3
1901090 135.3
1901100 135.3
1901110 135.3
1901120 135.3
1901130 135.3
1901140 135.2
1901150 135.1
1901160 135.1
1901170 135.0
1901180 135.0
1901190 135.0
1901200 135.0
1901210 134.9
1901220 134.9
1901230 135.0
1901240 134.9
1901250 134.9
1901260 135.0
1901270 135.0
1901280 135.0
1901290 135.0
1901300 134.9
1901310 134.9
1901320 134.9
1901330 134.9
1901340 134.9
1901350 134.7
1901360 134.5
1901370 134.5
1901380 134.5
1901390 134.5
1901400 134.5
1901410 134.8
1901420 134.9
1901430 134.9
1901440 135.0
1901450 134.9
1901460 134.9
1901470 134.9
1901480 134.9
1901490 134.9
1901500 134.9
1901510 134.9
1901520 134.9
1901530 134.8
1901540 134.7
1901550 134.7
1901560 134.7
1901570 134.7
1901580 134.7
1901590 134.7
1901600 134.7
1901610 134.7
1901620 134.6
1901630 134.5
1901640 134.5
1901650 134.3
1901660 134.2
1901670 134.2
1901680 134.2
1901690 134.2
1901700 134.2
1901710 134.3
1901720 134.3
1901730 134.3
1901740 134.3
1901750 134.3
1901760 134.4
1901770 134.4
1901780 134.4
1901790 134.4
1901800 134.5
1901810 134.6
1901820 134.6
1901830 134.8
1901840 134.9
1901850 134.9
1901860 135.0
1901870 134.9
1901880 134.9
1901890 134.9
1901900 135.1
1901910 135.1
1901920 135.1
1901930 135.1
1901940 135.1
1901950 135.2
1901960 135.2
1901970 135.2
1901980 135.1
1901990 134.9
1902000 134.9
1902010 135.0
1902020 135.1
1902030 135.1
1902040 134.9
1902050 134.7
1902060 134.7
1902070 134.8
1902080 134.9
1902090 134.9
1902100 134.9
1902110 135.0
1902120 135.0
1902130 135.1
1902140 134.7
1902150 134.7
1902160 133.5
1902170 132.1
1902180 132.1
1902190 132.6
1902200 133.9
1902210 133.9
1902220 134.8
1902230 135.2
1902240 135.2
1902250 135.2
1902260 135.2
1902270 135.2
1902280 135.2
1902290 135.3
1902300 135.3
1902310 135.3
1902320 135.3
1902330 135.3
1902340 135.3
1902350 135.2
1902360 135.2
1902370 135.2
1902380 135.2
1902390 135.2
1902400 135.2
1902410 134.5
1902420 134.5
1902430 133.6
1902440 132.5
1902450 132.5
1902460 133.1
1902470 134.4
1902480 134.4
1902490 134.7
1902500 134.8
1902510 134.8
1902520 135.0
1902530 135.1
1902540 135.1
1902550 135.0
1902560 134.9
1902570 134.9
1902580 134.9
1902590 134.9
1902600 134.9
1902610 134.9
1902620 134.8
1902630 134.8
1902640 134.7
1902650 134.6
1902660 134.5
1902670 134.5
1902680 134.4
1902690 134.3
1902700 134.3
1902710 134.4
1902720 134.4
1902730 134.4
1902740 134.4
1902750 134.3
1902760 134.3
1902770 134.2
1902780 134.0
1902790 134.0
1902800 133.8
1902810 133.8
1902820 133.8
1902830 133.8
1902840 133.7
1902850 133.7
1902860 133.6
1902870 133.6
1902880 133.6
1902890 133.5
1902900 133.5
1902910 133.5
1902920 133.6
1902930 133.7
1902940 133.7
1902950 133.7
1902960 133.9
1902970 133.9
1902980 133.9
1902990 133.9
1903000 133.9
1903010 133.9
1903020 133.8
1903030 133.8
1903040 133.7
1903050 133.7
1903060 133.7
