1900000 136.6
1900010 136.6
1900020 136.6
1900030 136.7
1900040 136.8
1900050 136.8
1900060 136.8
1900070 136.9
1900080 136.9
1900090 137.3
1900100 137.8
1900110 137.8
1900120 137.8
1900130 137.0
1900140 137.0
1900150 137.6
1900160 137.6
1900170 137.6
1900180 137.5
1900190 137.6
1900200 137.6
1900210 137.6
1900220 137.7
1900230 137.7
1900240 137.6
1900250 137.4
1900260 137.4
1900270 137.5
1900280 137.5
1900290 137.5
1900300 137.4
1900310 137.4
1900320 137.4
1900330 137.4
1900340 137.4
1900350 137.4
1900360 137.3
1900370 137.2
1900380 137.2
1900390 137.1
1900400 137.1
1900410 137.1
1900420 137.1
1900430 137.1
1900440 137.1
1900450 137.1
1900460 137.1
1900470 137.1
1900480 136.9
1900490 136.8
1900500 136.8
1900510 136.7
1900520 136.6
1900530 136.6
1900540 136.4
1900550 136.4
1900560 136.4
1900570 136.2
1900580 136.3
1900590 136.3
1900600 136.2
1900610 136.2
1900620 136.2
1900630 136.3
1900640 136.4
1900650 136.4
1900660 136.6
1900670 136.8
1900680 136.8
1900690 137.2
1900700 137.4
1900710 137.4
1900720 137.8
1900730 138.1
1900740 138.1
1900750 138.1
1900760 137.9
1900770 137.9
1900780 137.7
1900790 137.4
1900800 137.4
1900810 137.2
1900820 137.0
1900830 136.8
1900840 136.7
1900850 136.5
1900860 136.5
1900870 136.5
1900880 136.4
1900890 136.4
1900900 136.6
1900910 136.9
1900920 136.9
1900930 137.2
1900940 137.2
1900950 137.2
1900960 137.2
1900970 137.1
1900980 137.1
1900990 137.0
1901000 136.8
1901010 136.8
1901020 136.7
1901030 136.6
1901040 136.6
1901050 136.5
1901060 136.6
1901070 136.6
1901080 136.7
1901090 136.7
1901100 136.7
1901110 136.8
1901120 136.9
1901130 136.9
1901140 136.9
1901150 136.8
1901160 136.8
1901170 136.7
1901180 136.7
1901190 136.7
1901200 136.8
1901210 136.7
1901220 136.7
1901230 136.6
1901240 136.6
1901250 136.6
1901260 136.5
1901270 136.5
1901280 136.5
1901290 136.5
1901300 136.4
1901310 136.4
1901320 136.5
1901330 136.7
1901340 136.7
1901350 136.8
1901360 136.9
1901370 136.9
1901380 136.8
1901390 136.7
1901400 136.7
1901410 136.7
1901420 136.7
1901430 136.7
1901440 136.6
1901450 136.5
1901460 136.5
1901470 136.5
1901480 136.6
1901490 136.6
1901500 136.6
1901510 136.4
1901520 136.4
1901530 136.4
1901540 136.3
1901550 136.3
1901560 136.3
1901570 136.3
1901580 136.3
1901590 136.3
1901600 136.4
1901610 136.4
1901620 136.4
1901630 136.5
1901640 136.5
1901650 136.6
1901660 136.7
1901670 136.7
1901680 136.7
1901690 136.7
1901700 136.7
1901710 136.5
1901720 136.4
1901730 136.4
1901740 136.1
1901750 136.3
1901760 136.3
1901770 136.5
1901780 136.9
1901790 136.9
1901800 136.9
1901810 136.9
1901820 136.9
1901830 137.0
1901840 137.1
1901850 137.1
1901860 137.1
1901870 137.1
1901880 137.1
1901890 135.9
1901900 135.8
1901910 137.1
1901920 137.1
1901930 136.7
1901940 136.7
1901950 136.7
1901960 134.0
1901970 132.1
1901980 132.1
1901990 133.7
1902000 134.8
1902010 134.8
1902020 134.8
1902030 134.7
1902040 134.7
1902050 134.8
1902060 134.7
1902070 134.9
1902080 134.5
1902090 134.4
1902100 134.4
1902110 134.5
1902120 134.8
1902130 134.8
1902140 135.0
1902150 134.9
1902160 134.9
1902170 134.7
1902180 134.5
1902190 134.5
1902200 134.4
1902210 134.4
1902220 134.4
1902230 134.3
1902240 134.1
1902250 134.1
1902260 134.3
1902270 134.5
1902280 134.5
1902290 134.6
1902300 134.7
1902310 134.7
1902320 134.6
1902330 134.5
1902340 134.5
1902350 134.3
1902360 134.3
1902370 134.3
1902380 134.2
1902390 134.2
1902400 134.2
1902410 134.1
1902420 134.1
1902430 134.1
1902440 134.2
1902450 134.2
1902460 134.2
1902470 134.3
1902480 134.2
1902490 134.2
1902500 134.3
1902510 134.2
1902520 134.2
1902530 134.1
1902540 134.0
1902550 134.0
1902560 134.1
1902570 134.1
1902580 134.1
1902590 134.0
1902600 134.1
1902610 134.1
1902620 134.1
1902630 134.1
1902640 134.1
1902650 134.1
1902660 134.1
1902670 134.1
1902680 134.1
