1900000 136.9
1900010 136.8
1900020 136.8
1900030 136.8
1900040 136.8
1900050 136.8
1900060 136.7
1900070 136.8
1900080 136.8
1900090 136.9
1900100 137.0
1900110 137.0
1900120 137.1
1900130 137.3
1900140 137.3
1900150 137.7
1900160 137.9
1900170 137.9
1900180 137.9
1900190 137.9
1900200 137.9
1900210 137.8
1900220 137.7
1900230 137.7
1900240 137.9
1900250 137.9
1900260 137.9
1900270 137.8
1900280 137.1
1900290 137.1
1900300 137.3
1900310 137.4
1900320 137.4
1900330 137.5
1900340 137.5
1900350 137.5
1900360 137.4
1900370 137.1
1900380 137.0
1900390 137.0
1900400 137.0
1900410 136.4
1900420 136.4
1900430 137.0
1900440 137.3
1900450 137.3
1900460 137.5
1900470 137.5
1900480 137.5
1900490 137.5
1900500 137.5
1900510 137.5
1900520 137.5
1900530 137.3
1900540 137.3
1900550 137.2
1900560 137.1
1900570 137.1
1900580 137.0
1900590 136.7
1900600 136.7
1900610 136.4
1900620 136.3
1900630 136.3
1900640 136.3
1900650 136.4
1900660 136.4
1900670 136.4
1900680 136.5
1900690 136.5
1900700 136.5
1900710 136.6
1900720 136.6
1900730 136.5
1900740 136.6
1900750 136.6
1900760 136.7
1900770 136.8
1900780 136.8
1900790 136.9
1900800 136.9
1900810 136.9
1900820 136.9
1900830 136.9
1900840 136.9
1900850 136.8
1900860 136.8
1900870 136.8
1900880 136.8
1900890 136.8
1900900 136.8
1900910 136.7
1900920 136.7
1900930 136.7
1900940 136.7
1900950 136.7
1900960 136.7
1900970 136.8
1900980 136.8
1900990 136.8
1901000 136.8
1901010 136.8
1901020 136.8
1901030 136.8
1901040 136.8
1901050 136.8
1901060 136.8
1901070 136.9
1901080 136.9
1901090 137.0
1901100 137.1
1901110 137.1
1901120 137.1
1901130 137.2
1901140 137.2
1901150 137.2
1901160 137.2
1901170 137.2
1901180 137.3
1901190 137.3
1901200 137.3
1901210 137.3
1901220 137.3
1901230 137.3
1901240 137.3
1901250 137.3
1901260 137.3
1901270 137.3
1901280 137.3
1901290 137.3
1901300 137.3
1901310 137.2
1901320 137.2
1901330 137.2
1901340 137.1
1901350 137.0
1901360 136.9
1901370 136.7
1901380 136.7
1901390 136.5
1901400 136.4
1901410 136.4
1901420 136.4
1901430 136.5
1901440 136.5
1901450 136.5
1901460 136.5
1901470 136.5
1901480 136.4
1901490 136.4
1901500 136.4
1901510 136.4
1901520 136.4
1901530 136.4
1901540 136.4
1901550 136.4
1901560 136.4
1901570 136.4
1901580 136.4
1901590 136.4
1901600 136.3
1901610 136.2
1901620 136.2
1901630 136.3
1901640 136.4
1901650 136.4
1901660 136.4
1901670 136.7
1901680 136.7
1901690 136.8
1901700 136.8
1901710 136.8
1901720 136.8
1901730 136.7
1901740 136.7
1901750 136.8
1901760 136.9
1901770 136.9
1901780 137.1
1901790 137.3
1901800 137.3
1901810 137.0
1901820 136.3
1901830 136.3
1901840 133.0
1901850 132.2
1901860 132.2
1901870 131.7
1901880 131.7
1901890 131.7
1901900 132.2
1901910 132.6
1901920 132.6
1901930 134.1
1901940 132.6
1901950 132.6
1901960 133.4
1901970 134.8
1901980 134.8
1901990 134.9
1902000 134.8
1902010 134.8
1902020 135.0
1902030 135.1
1902040 135.1
1902050 135.0
1902060 134.9
1902070 134.9
1902080 134.8
1902090 134.7
1902100 134.7
1902110 134.7
1902120 134.7
1902130 134.7
1902140 134.7
1902150 134.7
1902160 134.7
1902170 134.7
1902180 134.8
1902190 134.8
1902200 134.8
1902210 134.7
1902220 134.7
1902230 134.7
1902240 134.7
1902250 134.7
1902260 134.6
1902270 134.8
1902280 134.8
1902290 134.6
1902300 134.5
1902310 134.5
1902320 134.6
1902330 134.5
1902340 134.5
1902350 134.5
1902360 134.6
1902370 134.7
1902380 134.7
1902390 134.8
1902400 134.9
1902410 134.9
1902420 135.0
1902430 135.0
1902440 135.0
1902450 134.9
1902460 134.7
1902470 134.7
1902480 134.6
1902490 134.6
1902500 134.6
1902510 134.6
1902520 134.7
1902530 134.7
1902540 134.8
1902550 134.9
1902560 134.9
1902570 134.9
1902580 134.9
1902590 134.9
1902600 134.8
1902610 134.6
1902620 134.6
1902630 134.4
