1900000 137.1
1900010 134.3
1900020 134.3
1900030 133.8
1900040 133.5
1900050 133.5
1900060 134.8
1900070 135.8
1900080 135.8
1900090 135.7
1900100 135.6
1900110 135.6
1900120 135.4
1900130 134.8
1900140 134.8
1900150 134.4
1900160 134.4
1900170 134.4
1900180 134.3
1900190 133.7
1900200 133.7
1900210 133.5
1900220 133.6
1900230 133.6
1900240 134.1
1900250 134.2
1900260 134.2
1900270 134.1
1900280 134.1
1900290 134.1
1900300 133.9
1900310 133.3
1900320 133.3
1900330 133.2
1900340 133.5
1900350 133.5
1900360 133.9
1900370 134.8
1900380 134.8
1900390 135.4
1900400 135.5
1900410 135.5
1900420 135.4
1900430 135.2
1900440 135.2
1900450 134.6
1900460 134.1
1900470 134.1
1900480 133.8
1900490 135.4
1900500 135.4
1900510 137.9
1900520 138.0
1900530 138.0
1900540 135.4
1900550 134.3
1900560 134.3
1900570 133.8
1900580 133.5
1900590 133.5
1900600 133.3
1900610 133.3
1900620 133.3
1900630 133.4
1900640 133.4
1900650 133.4
1900660 133.5
1900670 133.5
1900680 133.5
1900690 133.7
1900700 134.8
1900710 134.8
1900720 135.2
1900730 135.3
1900740 135.3
1900750 135.2
1900760 135.2
1900770 135.2
1900780 135.4
1900790 135.4
1900800 135.4
1900810 135.3
1900820 135.5
1900830 135.5
1900840 135.5
1900850 135.4
1900860 135.4
1900870 135.1
1900880 135.1
1900890 135.1
1900900 135.0
1900910 135.0
1900920 135.0
1900930 135.0
1900940 135.1
1900950 135.1
1900960 135.2
1900970 135.3
1900980 135.3
1900990 135.2
1901000 135.1
1901010 135.1
1901020 135.0
1901030 134.9
1901040 134.9
1901050 134.8
1901060 134.7
1901070 134.7
1901080 134.6
1901090 134.7
1901100 134.7
1901110 134.8
1901120 135.0
1901130 135.0
1901140 135.2
1901150 135.3
1901160 135.3
1901170 135.2
1901180 135.2
1901190 135.2
1901200 135.1
1901210 135.2
1901220 135.2
1901230 135.3
1901240 135.2
1901250 135.0
1901260 134.9
1901270 134.9
1901280 134.9
1901290 134.9
1901300 134.9
1901310 134.9
1901320 134.7
1901330 134.6
1901340 134.6
1901350 134.5
1901360 134.6
1901370 134.6
1901380 134.9
1901390 135.0
1901400 135.0
1901410 135.0
1901420 135.0
1901430 135.0
1901440 135.1
1901450 135.1
1901460 135.1
1901470 135.0
1901480 134.9
1901490 134.9
1901500 134.9
1901510 134.8
1901520 134.8
1901530 134.8
1901540 134.7
1901550 134.7
1901560 134.8
1901570 134.8
1901580 134.8
1901590 134.8
1901600 134.8
1901610 134.8
1901620 134.8
1901630 134.8
1901640 134.8
1901650 134.7
1901660 134.6
1901670 134.6
1901680 134.6
1901690 134.6
1901700 134.7
1901710 134.7
1901720 134.8
1901730 134.9
1901740 134.9
1901750 134.9
1901760 134.9
1901770 134.9
1901780 134.8
1901790 134.7
1901800 134.7
1901810 134.7
1901820 134.7
1901830 134.7
1901840 134.6
1901850 134.8
1901860 134.8
1901870 135.1
1901880 135.2
1901890 135.2
1901900 135.4
1901910 135.3
1901920 135.3
1901930 135.2
1901940 135.2
1901950 135.2
1901960 135.1
1901970 135.0
1901980 135.0
1901990 135.1
1902000 135.1
1902010 135.1
1902020 135.0
1902030 134.9
1902040 134.9
1902050 135.0
1902060 134.9
1902070 134.9
1902080 134.1
1902090 132.4
1902100 132.4
1902110 132.2
1902120 133.7
1902130 133.7
1902140 134.8
1902150 135.2
1902160 135.2
1902170 135.2
1902180 135.3
1902190 135.3
1902200 135.3
1902210 135.3
1902220 135.3
1902230 135.3
1902240 135.2
1902250 135.2
1902260 135.2
1902270 135.2
1902280 135.2
1902290 135.2
1902300 135.0
1902310 135.0
1902320 135.0
1902330 135.0
1902340 135.0
1902350 135.0
1902360 135.0
1902370 135.0
1902380 135.0
1902390 135.1
1902400 135.1
1902410 135.0
1902420 135.0
1902430 135.0
1902440 135.1
1902450 135.1
1902460 135.1
1902470 135.1
1902480 134.8
1902490 133.7
1902500 133.2
1902510 133.4
1902520 133.4
1902530 134.4
1902540 134.9
1902550 134.9
1902560 134.9
1902570 134.9
1902580 134.9
1902590 134.8
1902600 134.6
1902610 134.6
1902620 134.7
1902630 134.8
1902640 134.8
1902650 134.9
1902660 134.8
1902670 134.8
1902680 134.7
1902690 134.7
1902700 134.7
1902710 134.5
1902720 134.5
1902730 134.5
1902740 134.5
1902750 134.5
1902760 134.5
1902770 134.4
1902780 134.3
1902790 134.3
1902800 134.2
1902810 134.3
1902820 134.3
1902830 134.1
1902840 134.2
1902850 134.2
1902860 134.1
1902870 134.1
1902880 134.1
1902890 134.0
1902900 133.9
1902910 133.9
1902920 133.9
1902930 133.8
1902940 133.8
1902950 133.7
1902960 133.6
1902970 133.6
1902980 133.5
1902990 133.5
1903000 133.5
1903010 133.5
1903020 133.6
1903030 133.6
1903040 133.7
1903050 133.9
1903060 133.9
1903070 134.1
