1900000 137.9
1900010 138.0
1900020 138.0
1900030 138.0
1900040 138.0
1900050 137.8
1900060 137.8
1900070 135.0
1900080 133.5
1900090 133.5
1900100 133.4
1900110 134.4
1900120 134.4
1900130 135.9
1900140 135.9
1900150 135.9
1900160 135.9
1900170 135.8
1900180 135.8
1900190 135.8
1900200 135.8
1900210 135.8
1900220 136.0
1900230 136.1
1900240 136.1
1900250 135.9
1900260 135.7
1900270 135.7
1900280 135.6
1900290 135.6
1900300 135.6
1900310 135.4
1900320 135.2
1900330 135.2
1900340 134.6
1900350 134.1
1900360 134.1
1900370 134.3
1900380 137.0
1900390 137.0
1900400 137.8
1900410 137.8
1900420 137.8
1900430 138.0
1900440 137.9
1900450 137.9
1900460 137.4
1900470 134.6
1900480 134.6
1900490 134.6
1900500 134.8
1900510 134.8
1900520 134.8
1900530 134.9
1900540 134.9
1900550 135.1
1900560 134.9
1900570 134.9
1900580 135.1
1900590 135.1
1900600 135.1
1900610 135.1
1900620 135.0
1900630 135.0
1900640 134.9
1900650 134.9
1900660 134.9
1900670 134.6
1900680 134.6
1900690 134.6
1900700 134.5
1900710 134.4
1900720 134.4
1900730 134.4
1900740 134.5
1900750 134.5
1900760 134.5
1900770 134.4
1900780 134.4
1900790 134.4
1900800 134.5
1900810 134.4
1900820 134.4
1900830 134.4
1900840 134.4
1900850 134.4
1900860 134.3
1900870 134.3
1900880 134.3
1900890 134.3
1900900 134.3
1900910 134.3
1900920 134.3
1900930 134.3
1900940 134.3
1900950 134.3
1900960 134.3
1900970 134.3
1900980 134.4
1900990 134.4
1901000 134.4
1901010 134.5
1901020 134.6
1901030 134.6
1901040 134.7
1901050 134.8
1901060 134.8
1901070 135.0
1901080 135.1
1901090 135.1
1901100 135.1
1901110 135.1
1901120 135.1
1901130 135.0
1901140 135.0
1901150 135.0
1901160 135.0
1901170 134.8
1901180 134.8
1901190 134.7
1901200 134.6
1901210 134.6
1901220 134.5
1901230 134.7
1901240 134.7
1901250 134.6
1901260 134.7
1901270 134.7
1901280 134.9
1901290 134.9
1901300 134.9
1901310 134.8
1901320 134.8
1901330 134.8
1901340 134.8
1901350 134.8
1901360 134.8
1901370 135.0
1901380 135.2
1901390 135.2
1901400 135.5
1901410 135.8
1901420 135.8
1901430 136.1
1901440 136.1
1901450 136.1
1901460 136.1
1901470 136.2
1901480 136.2
1901490 136.2
1901500 136.3
1901510 136.3
1901520 136.2
1901530 136.2
1901540 136.2
1901550 136.2
1901560 136.2
1901570 136.2
1901580 136.3
1901590 136.4
1901600 136.4
1901610 136.6
1901620 136.7
1901630 136.7
1901640 136.7
1901650 136.7
1901660 136.7
1901670 136.7
1901680 136.6
1901690 136.6
1901700 136.5
1901710 136.3
1901720 136.3
1901730 136.2
1901740 136.2
1901750 136.2
1901760 136.2
1901770 136.2
1901780 136.2
1901790 136.4
1901800 136.1
1901810 136.1
1901820 135.9
1901830 136.0
1901840 136.0
1901850 136.2
1901860 136.8
1901870 136.0
1901880 136.3
1901890 135.9
1901900 135.9
1901910 135.2
1901920 134.5
1901930 134.5
1901940 133.0
1901950 132.4
1901960 132.4
1901970 133.1
1901980 135.1
1901990 135.1
1902000 134.5
1902010 133.3
1902020 133.3
1902030 134.1
1902040 134.9
1902050 134.9
1902060 135.1
1902070 135.3
1902080 135.3
1902090 135.3
1902100 135.0
1902110 135.0
1902120 134.7
1902130 134.8
1902140 134.8
1902150 135.1
1902160 135.2
1902170 135.2
1902180 134.8
1902190 134.7
1902200 134.7
1902210 134.7
1902220 134.7
1902230 134.7
1902240 134.6
1902250 134.8
1902260 134.8
1902270 134.8
1902280 134.8
1902290 134.8
1902300 134.4
1902310 134.9
1902320 134.9
1902330 135.0
1902340 134.9
1902350 134.9
1902360 134.9
1902370 135.4
1902380 135.4
1902390 135.4
1902400 135.3
1902410 135.3
1902420 135.3
1902430 135.0
1902440 135.0
1902450 135.0
1902460 135.3
1902470 135.3
1902480 135.2
1902490 135.2
1902500 135.2
1902510 135.2
1902520 135.1
1902530 135.1
1902540 135.1
1902550 135.1
1902560 135.1
1902570 135.1
1902580 135.2
1902590 135.2
1902600 135.2
1902610 135.2
1902620 135.2
1902630 135.3
1902640 135.3
1902650 135.3
1902660 135.0
1902670 133.9
1902680 133.9
1902690 133.0
1902700 133.0
1902710 133.0
1902720 132.8
1902730 132.9
1902740 132.9
1902750 133.1
1902760 134.0
1902770 134.6
1902780 134.6
1902790 134.9
1902800 134.8
1902810 134.8
1902820 134.5
1902830 134.6
1902840 134.6
1902850 134.7
1902860 134.7
1902870 134.7
1902880 134.7
1902890 134.8
1902900 134.8
1902910 134.8
1902920 134.8
1902930 134.8
1902940 134.8
1902950 134.9
1902960 134.9
1902970 134.9
1902980 134.9
1902990 134.9
1903000 134.9
1903010 134.9
1903020 134.9
1903030 134.9
1903040 134.9
1903050 134.9
1903060 135.0
