1900000 138.0
1900010 138.0
1900020 138.2
1900030 138.2
1900040 138.4
1900050 138.4
1900060 138.4
1900070 138.2
1900080 138.0
1900090 138.0
1900100 138.1
1900110 138.2
1900120 138.2
1900130 138.3
1900140 138.2
1900150 138.2
1900160 138.0
1900170 137.3
1900180 137.3
1900190 136.7
1900200 136.5
1900210 136.5
1900220 136.3
1900230 136.3
1900240 136.3
1900250 136.4
1900260 136.2
1900270 136.2
1900280 135.9
1900290 135.6
1900300 135.6
1900310 135.3
1900320 135.8
1900330 135.8
1900340 136.3
1900350 136.4
1900360 136.4
1900370 136.3
1900380 136.2
1900390 136.2
1900400 136.1
1900410 136.0
1900420 136.0
1900430 136.1
1900440 136.0
1900450 136.0
1900460 136.0
1900470 136.1
1900480 136.1
1900490 136.0
1900500 135.9
1900510 135.9
1900520 135.9
1900530 135.8
1900540 135.8
1900550 135.8
1900560 135.9
1900570 135.9
1900580 135.9
1900590 135.8
1900600 135.8
1900610 136.1
1900620 136.5
1900630 136.5
1900640 136.6
1900650 136.4
1900660 136.4
1900670 136.3
1900680 136.3
1900690 136.3
1900700 136.3
1900710 136.3
1900720 136.3
1900730 136.4
1900740 136.3
1900750 136.3
1900760 136.3
1900770 136.2
1900780 136.2
1900790 136.1
1900800 136.1
1900810 136.1
1900820 136.2
1900830 137.2
1900840 136.7
1900850 136.7
1900860 136.1
1900870 136.1
1900880 135.9
1900890 135.9
1900900 135.9
1900910 136.1
1900920 136.3
1900930 136.3
1900940 136.3
1900950 136.2
1900960 136.2
1900970 135.6
1900980 134.9
1900990 134.9
1901000 134.5
1901010 134.7
1901020 134.7
1901030 135.2
1901040 135.6
1901050 135.6
1901060 135.9
1901070 135.9
1901080 135.9
1901090 135.8
1901100 135.7
1901110 135.7
1901120 135.7
1901130 135.7
1901140 135.7
1901150 135.6
1901160 135.6
1901170 135.6
1901180 135.6
1901190 135.6
1901200 135.6
1901210 135.6
1901220 135.5
1901230 135.5
1901240 135.5
1901250 135.4
1901260 135.4
1901270 135.4
1901280 135.5
1901290 135.5
1901300 135.6
1901310 135.5
1901320 135.5
1901330 135.6
1901340 135.7
1901350 135.7
1901360 136.0
1901370 135.8
1901380 135.8
1901390 135.5
1901400 135.4
1901410 135.4
1901420 135.5
1901430 135.2
1901440 135.2
1901450 134.7
1901460 134.4
1901470 134.4
1901480 135.0
1901490 135.7
1901500 135.7
1901510 136.0
1901520 136.0
1901530 136.0
1901540 136.1
1901550 136.1
1901560 136.1
1901570 136.1
1901580 136.1
1901590 136.1
1901600 136.1
1901610 136.0
1901620 136.0
1901630 136.0
1901640 136.1
1901650 136.1
1901660 136.1
1901670 136.1
1901680 136.1
1901690 136.1
1901700 136.1
1901710 136.0
1901720 136.0
1901730 135.8
1901740 135.8
1901750 135.8
1901760 135.7
1901770 135.8
1901780 135.8
1901790 135.7
1901800 135.7
1901810 135.7
1901820 135.6
1901830 135.6
1901840 135.6
1901850 135.5
1901860 135.4
1901870 135.4
1901880 135.2
1901890 135.2
1901900 135.2
1901910 135.3
1901920 135.5
1901930 135.5
1901940 135.6
1901950 135.7
1901960 135.7
1901970 135.8
1901980 135.6
1901990 135.6
1902000 135.3
1902010 135.2
1902020 135.2
1902030 135.0
1902040 135.0
1902050 135.0
1902060 135.0
1902070 135.0
1902080 135.1
1902090 135.1
1902100 135.1
1902110 135.1
1902120 135.1
1902130 135.1
1902140 135.1
1902150 135.2
1902160 135.2
1902170 135.2
1902180 135.3
1902190 135.3
1902200 135.3
1902210 135.3
1902220 135.3
1902230 135.3
1902240 135.2
1902250 135.2
1902260 135.2
1902270 135.2
1902280 135.2
1902290 135.2
1902300 135.2
1902310 135.2
1902320 135.2
1902330 135.2
1902340 135.2
1902350 135.2
1902360 135.2
1902370 135.1
1902380 135.1
1902390 134.9
1902400 134.8
1902410 134.8
1902420 134.7
1902430 134.6
1902440 134.6
1902450 134.6
1902460 134.6
1902470 134.6
1902480 134.5
1902490 134.6
1902500 134.6
1902510 134.7
1902520 134.7
1902530 134.7
1902540 134.8
1902550 134.7
1902560 134.7
1902570 134.7
1902580 134.7
1902590 134.7
1902600 134.7
1902610 134.6
1902620 134.6
1902630 134.6
1902640 134.5
1902650 134.5
1902660 134.4
1902670 134.4
1902680 134.4
1902690 134.5
1902700 134.7
1902710 134.7
1902720 134.8
1902730 134.7
1902740 134.7
1902750 134.6
1902760 134.4
1902770 134.4
1902780 134.3
1902790 134.2
1902800 134.2
1902810 134.1
1902820 133.9
1902830 133.9
1902840 133.7
1902850 133.5
1902860 133.5
1902870 133.5
1902880 133.6
1902890 133.6
1902900 133.8
1902910 133.9
1902920 133.9
1902930 133.9
1902940 133.8
1902950 133.8
1902960 133.8
1902970 133.7
1902980 133.7
1902990 133.7
1903000 133.7
1903010 133.9
1903020 133.8
1903030 133.7
1903040 133.7
1903050 133.7
1903060 133.8
1903070 133.8
