1900000 137.1
1900010 136.8
1900020 136.8
1900030 136.6
1900040 136.6
1900050 136.6
1900060 136.7
1900070 136.7
1900080 136.7
1900090 136.6
1900100 136.4
1900110 136.4
1900120 136.2
1900130 136.0
1900140 136.0
1900150 135.8
1900160 135.7
1900170 135.7
1900180 135.5
1900190 135.4
1900200 135.4
1900210 135.4
1900220 135.4
1900230 135.4
1900240 135.4
1900250 135.5
1900260 135.5
1900270 135.4
1900280 135.5
1900290 135.5
1900300 135.5
1900310 135.7
1900320 135.7
1900330 136.0
1900340 136.2
1900350 136.2
1900360 136.3
1900370 136.4
1900380 136.4
1900390 136.6
1900400 136.5
1900410 136.5
1900420 136.5
1900430 136.4
1900440 136.4
1900450 136.3
1900460 136.2
1900470 136.2
1900480 136.1
1900490 136.0
1900500 136.0
1900510 136.1
1900520 136.1
1900530 136.1
1900540 136.1
1900550 136.2
1900560 136.2
1900570 136.3
1900580 136.0
1900590 136.0
1900600 135.7
1900610 136.1
1900620 136.1
1900630 136.3
1900640 136.2
1900650 136.2
1900660 136.0
1900670 135.9
1900680 135.9
1900690 136.0
1900700 136.1
1900710 136.1
1900720 136.1
1900730 136.1
1900740 136.1
1900750 136.8
1900760 136.8
1900770 136.8
1900780 136.1
1900790 136.0
1900800 136.0
1900810 135.9
1900820 135.9
1900830 135.9
1900840 135.9
1900850 135.9
1900860 135.9
1900870 135.9
1900880 135.8
1900890 135.8
1900900 135.8
1900910 135.8
1900920 135.8
1900930 135.8
1900940 135.7
1900950 135.7
1900960 135.7
1900970 135.7
1900980 135.7
1900990 135.7
1901000 135.8
1901010 135.8
1901020 135.9
1901030 136.1
1901040 136.1
1901050 136.3
1901060 136.3
1901070 136.3
1901080 136.1
1901090 136.0
1901100 136.0
1901110 136.0
1901120 136.0
1901130 136.0
1901140 136.0
1901150 136.0
1901160 136.0
1901170 135.9
1901180 135.7
1901190 135.7
1901200 135.4
1901210 135.2
1901220 135.2
1901230 135.1
1901240 134.9
1901250 134.9
1901260 134.9
1901270 134.8
1901280 134.8
1901290 134.7
1901300 134.5
1901310 134.5
1901320 134.7
1901330 135.1
1901340 135.1
1901350 135.7
1901360 136.0
1901370 136.0
1901380 136.2
1901390 136.2
1901400 136.2
1901410 136.3
1901420 136.3
1901430 136.3
1901440 136.3
1901450 136.3
1901460 136.4
1901470 136.3
1901480 136.1
1901490 136.1
1901500 136.1
1901510 136.1
1901520 136.1
1901530 136.1
1901540 136.1
1901550 136.1
1901560 136.0
1901570 135.9
1901580 135.9
1901590 135.9
1901600 135.8
1901610 135.8
1901620 135.9
1901630 136.1
1901640 136.2
1901650 136.2
1901660 136.1
1901670 136.1
1901680 136.1
1901690 136.1
1901700 135.9
1901710 135.9
1901720 135.8
1901730 135.7
1901740 135.7
1901750 135.7
1901760 135.7
1901770 135.7
1901780 135.7
1901790 135.6
1901800 135.6
1901810 135.5
1901820 135.5
1901830 135.5
1901840 135.5
1901850 135.5
1901860 135.5
1901870 135.5
1901880 135.5
1901890 135.5
1901900 135.5
1901910 135.5
1901920 135.5
1901930 135.5
1901940 135.5
1901950 135.5
1901960 135.6
1901970 135.7
1901980 135.7
1901990 135.6
1902000 135.6
1902010 135.6
1902020 135.6
1902030 135.5
1902040 135.5
1902050 135.3
1902060 135.2
1902070 135.2
1902080 135.1
1902090 135.1
1902100 135.1
1902110 135.1
1902120 135.1
1902130 135.1
1902140 135.1
1902150 135.1
1902160 135.1
1902170 135.1
1902180 135.1
1902190 135.1
1902200 135.1
1902210 135.1
1902220 135.1
1902230 135.1
1902240 135.1
1902250 135.1
1902260 135.2
1902270 135.2
1902280 135.2
1902290 135.2
1902300 135.1
1902310 135.1
1902320 135.0
1902330 134.9
1902340 134.9
1902350 134.9
1902360 134.9
1902370 134.9
1902380 134.9
1902390 134.9
1902400 134.9
1902410 134.9
1902420 134.9
1902430 134.9
1902440 134.9
1902450 134.8
1902460 134.8
1902470 134.8
1902480 134.7
1902490 134.7
1902500 134.7
1902510 134.6
1902520 134.6
1902530 134.5
1902540 134.5
1902550 134.5
1902560 134.5
1902570 134.5
1902580 134.5
1902590 134.4
1902600 134.3
1902610 134.3
1902620 134.2
1902630 134.2
1902640 134.2
1902650 134.2
1902660 134.1
1902670 134.1
1902680 134.0
1902690 133.8
1902700 134.0
1902710 133.8
1902720 133.6
1902730 133.6
1902740 133.6
1902750 133.7
1902760 133.7
1902770 133.8
1902780 133.9
1902790 133.9
1902800 133.9
1902810 133.9
1902820 133.9
1902830 133.9
1902840 134.0
1902850 134.0
1902860 134.1
1902870 134.1
1902880 134.1
1902890 134.1
1902900 134.1
1902910 134.1
1902920 134.1
1902930 134.1
1902940 134.1
1902950 134.1
1902960 134.1
1902970 134.1
1902980 134.1
1902990 134.1
1903000 134.1
1903010 134.1
1903020 134.1
1903030 134.1
1903040 134.1
1903050 134.2
1903060 134.2
1903070 134.2
