1900000 137.0
1900010 136.9
1900020 136.4
1900030 136.4
1900040 136.1
1900050 136.0
1900060 136.0
1900070 135.9
1900080 135.9
1900090 135.9
1900100 135.5
1900110 135.1
1900120 135.1
1900130 134.8
1900140 134.7
1900150 134.7
1900160 134.7
1900170 133.6
1900180 133.6
1900190 133.2
1900200 133.2
1900210 133.2
1900220 133.2
1900230 133.9
1900240 133.9
1900250 134.9
1900260 134.9
1900270 134.9
1900280 135.0
1900290 135.2
1900300 135.2
1900310 135.6
1900320 135.9
1900330 135.9
1900340 136.1
1900350 136.1
1900360 136.1
1900370 136.0
1900380 136.0
1900390 136.0
1900400 136.0
1900410 136.0
1900420 136.0
1900430 136.0
1900440 136.1
1900450 136.1
1900460 136.2
1900470 136.2
1900480 136.2
1900490 136.2
1900500 136.2
1900510 136.2
1900520 136.2
1900530 135.9
1900540 135.9
1900550 136.0
1900560 136.0
1900570 136.0
1900580 136.0
1900590 136.0
1900600 136.0
1900610 136.0
1900620 135.7
1900630 135.7
1900640 135.7
1900650 135.8
1900660 135.8
1900670 136.0
1900680 136.1
1900690 136.1
1900700 137.1
1900710 136.6
1900720 136.4
1900730 136.4
1900740 136.2
1900750 136.0
1900760 136.0
1900770 135.8
1900780 135.7
1900790 135.7
1900800 135.8
1900810 135.9
1900820 135.9
1900830 136.0
1900840 135.9
1900850 135.9
1900860 135.9
1900870 135.8
1900880 135.8
1900890 135.7
1900900 135.6
1900910 135.6
1900920 135.6
1900930 135.5
1900940 135.5
1900950 135.6
1900960 135.6
1900970 135.6
1900980 135.6
1900990 135.6
1901000 135.6
1901010 135.6
1901020 135.6
1901030 135.6
1901040 135.6
1901050 135.5
1901060 135.5
1901070 135.6
1901080 135.6
1901090 135.6
1901100 135.7
1901110 135.8
1901120 135.8
1901130 135.9
1901140 135.9
1901150 135.9
1901160 135.9
1901170 135.9
1901180 135.9
1901190 135.9
1901200 136.0
1901210 136.0
1901220 136.1
1901230 136.3
1901240 136.3
1901250 136.3
1901260 136.3
1901270 136.3
1901280 136.2
1901290 136.2
1901300 136.2
1901310 136.1
1901320 136.0
1901330 136.0
1901340 135.9
1901350 135.9
1901360 135.9
1901370 135.9
1901380 135.9
1901390 135.9
1901400 136.0
1901410 136.2
1901420 136.2
1901430 136.4
1901440 136.4
1901450 136.4
1901460 136.2
1901470 136.2
1901480 136.2
1901490 136.3
1901500 136.0
1901510 136.0
1901520 135.8
1901530 135.7
1901540 135.7
1901550 135.7
1901560 135.7
1901570 135.7
1901580 135.7
1901590 135.7
1901600 135.7
1901610 135.7
1901620 135.7
1901630 135.7
1901640 135.7
1901650 135.7
1901660 135.7
1901670 135.8
1901680 135.8
1901690 135.8
1901700 135.8
1901710 135.8
1901720 135.8
1901730 135.7
1901740 135.7
1901750 135.7
1901760 135.6
1901770 135.5
1901780 135.5
1901790 135.5
1901800 135.4
1901810 135.4
1901820 135.4
1901830 135.4
1901840 135.4
1901850 135.5
1901860 135.5
1901870 135.5
1901880 135.6
1901890 135.6
1901900 135.6
1901910 135.6
1901920 135.6
1901930 135.6
1901940 135.5
1901950 135.4
1901960 135.4
1901970 135.4
1901980 135.4
1901990 135.4
1902000 135.3
1902010 135.3
1902020 135.3
1902030 135.3
1902040 135.3
1902050 135.3
1902060 135.3
1902070 135.2
1902080 135.2
1902090 135.1
1902100 135.0
1902110 135.0
1902120 134.9
1902130 134.9
1902140 134.9
1902150 134.8
1902160 134.9
1902170 134.9
1902180 134.9
1902190 135.0
1902200 135.0
1902210 135.1
1902220 135.0
1902230 135.0
1902240 135.0
1902250 135.0
1902260 135.0
1902270 135.1
1902280 135.2
1902290 135.2
1902300 135.1
1902310 135.0
1902320 135.0
1902330 134.8
1902340 134.7
1902350 134.7
1902360 134.7
1902370 134.7
1902380 134.7
1902390 134.7
1902400 134.7
1902410 134.7
1902420 134.8
1902430 134.8
1902440 134.8
1902450 134.8
1902460 134.8
1902470 134.8
1902480 134.8
1902490 134.8
1902500 134.8
1902510 134.7
1902520 134.6
1902530 134.6
1902540 134.6
1902550 134.5
1902560 134.5
1902570 134.5
1902580 134.5
1902590 134.5
1902600 134.4
1902610 134.4
1902620 134.4
1902630 134.4
1902640 134.3
1902650 134.3
1902660 134.3
1902670 134.2
1902680 134.2
1902690 134.2
1902700 134.2
1902710 134.2
1902720 134.2
1902730 134.1
1902740 134.1
1902750 134.0
1902760 133.9
1902770 133.9
1902780 133.9
1902790 133.8
1902800 133.7
1902810 133.7
1902820 133.7
1902830 133.8
1902840 133.8
1902850 133.9
1902860 134.0
1902870 134.0
1902880 134.2
1902890 134.3
1902900 134.3
1902910 134.6
1902920 134.4
1902930 134.4
1902940 134.3
1902950 134.2
1902960 134.2
1902970 134.1
1902980 134.2
1902990 134.2
1903000 134.3
1903010 134.3
1903020 134.3
1903030 134.4
1903040 134.5
1903050 134.5
1903060 134.5
