1900000 138.0
1900010 137.8
1900020 137.8
1900030 137.8
1900040 137.9
1900050 137.6
1900060 137.6
1900070 137.4
1900080 137.3
1900090 137.3
1900100 137.3
1900110 136.6
1900120 136.6
1900130 136.2
1900140 136.1
1900150 136.1
1900160 136.2
1900170 136.5
1900180 136.5
1900190 136.6
1900200 136.6
1900210 136.6
1900220 136.5
1900230 136.3
1900240 136.3
1900250 135.7
1900260 135.2
1900270 135.2
1900280 135.2
1900290 136.1
1900300 136.1
1900310 136.3
1900320 136.3
1900330 136.2
1900340 136.2
1900350 136.2
1900360 136.2
1900370 136.2
1900380 136.1
1900390 136.1
1900400 136.3
1900410 136.3
1900420 136.3
1900430 136.2
1900440 136.2
1900450 136.2
1900460 136.2
1900470 136.1
1900480 136.1
1900490 136.0
1900500 136.0
1900510 136.0
1900520 136.1
1900530 136.3
1900540 136.3
1900550 136.3
1900560 136.3
1900570 136.3
1900580 136.2
1900590 136.5
1900600 136.5
1900610 136.2
1900620 135.8
1900630 135.8
1900640 135.7
1900650 135.7
1900660 135.7
1900670 135.5
1900680 135.5
1900690 135.5
1900700 135.5
1900710 135.4
1900720 135.4
1900730 135.0
1900740 134.7
1900750 134.7
1900760 135.4
1900770 136.0
1900780 136.0
1900790 136.0
1900800 136.1
1900810 136.1
1900820 136.1
1900830 136.1
1900840 136.1
1900850 135.9
1900860 135.7
1900870 135.7
1900880 135.9
1900890 135.8
1900900 135.8
1900910 135.7
1900920 135.8
1900930 135.8
1900940 136.8
1900950 137.1
1900960 137.1
1900970 135.9
1900980 135.4
1900990 135.4
1901000 135.2
1901010 135.2
1901020 135.2
1901030 135.3
1901040 135.3
1901050 135.2
1901060 135.2
1901070 135.2
1901080 135.3
1901090 135.3
1901100 135.3
1901110 135.3
1901120 135.3
1901130 135.2
1901140 135.1
1901150 135.1
1901160 135.1
1901170 135.0
1901180 135.0
1901190 135.0
1901200 135.1
1901210 135.1
1901220 135.1
1901230 135.1
1901240 135.1
1901250 135.1
1901260 135.0
1901270 135.0
1901280 135.1
1901290 135.1
1901300 135.1
1901310 135.1
1901320 135.1
1901330 135.1
1901340 135.1
1901350 135.2
1901360 135.2
1901370 135.3
1901380 135.4
1901390 135.4
1901400 135.4
1901410 135.5
1901420 135.5
1901430 135.6
1901440 135.7
1901450 135.7
1901460 135.8
1901470 135.7
1901480 135.7
1901490 135.7
1901500 135.6
1901510 135.6
1901520 135.3
1901530 134.9
1901540 134.9
1901550 134.6
1901560 134.6
1901570 134.6
1901580 134.7
1901590 135.0
1901600 135.0
1901610 135.5
1901620 135.9
1901630 135.9
1901640 135.9
1901650 135.8
1901660 135.8
1901670 135.8
1901680 135.8
1901690 135.8
1901700 135.7
1901710 135.8
1901720 135.8
1901730 135.8
1901740 135.8
1901750 135.8
1901760 135.9
1901770 135.8
1901780 135.8
1901790 135.5
1901800 135.4
1901810 135.4
1901820 135.4
1901830 135.3
1901840 135.3
1901850 135.4
1901860 135.4
1901870 135.4
1901880 135.5
1901890 135.6
1901900 135.6
1901910 135.7
1901920 135.7
1901930 135.7
1901940 135.7
1901950 135.6
1901960 135.6
1901970 135.6
1901980 135.5
1901990 135.5
1902000 135.4
1902010 135.4
1902020 135.4
1902030 135.4
1902040 135.3
1902050 135.3
1902060 135.3
1902070 135.2
1902080 135.2
1902090 135.2
1902100 135.2
1902110 135.2
1902120 135.2
1902130 135.2
1902140 135.2
1902150 135.1
1902160 135.1
1902170 135.1
1902180 135.0
1902190 135.0
1902200 135.0
1902210 134.9
1902220 134.9
1902230 134.9
1902240 134.9
1902250 135.0
1902260 135.0
1902270 135.1
1902280 135.0
1902290 135.0
1902300 135.1
1902310 135.2
1902320 135.2
1902330 135.4
1902340 135.4
1902350 135.4
1902360 135.4
1902370 135.4
1902380 135.4
1902390 135.3
1902400 135.2
1902410 135.2
1902420 135.0
1902430 134.9
1902440 134.9
1902450 134.8
1902460 134.8
1902470 134.8
1902480 134.8
1902490 134.8
1902500 134.7
1902510 134.7
1902520 134.9
1902530 134.9
1902540 135.1
1902550 135.2
1902560 135.2
1902570 135.3
1902580 135.3
1902590 135.3
1902600 135.2
1902610 135.2
1902620 135.2
1902630 135.2
1902640 135.2
1902650 135.2
1902660 135.2
1902670 135.2
1902680 135.2
1902690 135.2
1902700 135.3
1902710 135.3
1902720 135.3
1902730 135.3
1902740 135.3
1902750 135.3
1902760 135.3
1902770 135.3
1902780 135.3
1902790 135.3
1902800 135.3
1902810 135.3
1902820 135.3
1902830 135.3
1902840 135.3
1902850 135.3
1902860 135.3
1902870 135.3
1902880 135.3
1902890 135.3
1902900 135.3
1902910 135.2
1902920 135.2
1902930 135.1
1902940 135.1
1902950 135.1
1902960 135.0
1902970 135.0
1902980 135.0
1902990 134.9
1903000 134.9
1903010 134.9
1903020 134.9
1903030 134.8
1903040 134.8
1903050 134.7
1903060 134.6
1903070 134.6
1903080 134.5
