1900000 137.8
1900010 137.8
1900020 137.8
1900030 137.9
1900040 137.9
1900050 137.9
1900060 137.9
1900070 137.8
1900080 137.8
1900090 137.7
1900100 137.6
1900110 137.6
1900120 137.7
1900130 137.7
1900140 137.7
1900150 136.7
1900160 136.4
1900170 136.4
1900180 136.4
1900190 136.5
1900200 136.5
1900210 136.5
1900220 136.4
1900230 136.4
1900240 136.4
1900250 136.2
1900260 136.2
1900270 136.1
1900280 135.7
1900290 135.7
1900300 136.3
1900310 136.5
1900320 136.5
1900330 136.4
1900340 136.1
1900350 136.1
1900360 136.0
1900370 136.1
1900380 136.1
1900390 136.1
1900400 136.0
1900410 136.0
1900420 136.0
1900430 135.7
1900440 135.7
1900450 135.7
1900460 135.7
1900470 135.7
1900480 135.8
1900490 135.8
1900500 135.8
1900510 135.9
1900520 136.1
1900530 136.1
1900540 136.1
1900550 136.2
1900560 136.2
1900570 136.2
1900580 136.1
1900590 136.1
1900600 136.1
1900610 135.7
1900620 135.7
1900630 135.6
1900640 135.6
1900650 135.6
1900660 135.8
1900670 136.0
1900680 136.0
1900690 136.3
1900700 136.4
1900710 136.4
1900720 136.4
1900730 136.3
1900740 136.3
1900750 136.4
1900760 136.3
1900770 136.3
1900780 136.1
1900790 136.0
1900800 136.0
1900810 136.1
1900820 136.3
1900830 136.3
1900840 136.3
1900850 136.2
1900860 136.2
1900870 136.4
1900880 137.1
1900890 137.1
1900900 136.1
1900910 136.0
1900920 136.0
1900930 136.0
1900940 135.7
1900950 135.7
1900960 135.0
1900970 134.6
1900980 134.6
1900990 134.7
1901000 135.5
1901010 135.5
1901020 135.8
1901030 135.8
1901040 135.8
1901050 135.6
1901060 135.5
1901070 135.5
1901080 135.4
1901090 135.4
1901100 135.4
1901110 135.4
1901120 135.4
1901130 135.4
1901140 135.4
1901150 135.5
1901160 135.5
1901170 135.5
1901180 135.5
1901190 135.5
1901200 135.5
1901210 135.6
1901220 135.6
1901230 135.6
1901240 135.6
1901250 135.6
1901260 135.6
1901270 135.6
1901280 135.6
1901290 135.6
1901300 135.7
1901310 135.7
1901320 135.6
1901330 135.6
1901340 135.6
1901350 135.6
1901360 135.5
1901370 135.5
1901380 135.4
1901390 135.5
1901400 135.5
1901410 135.6
1901420 135.6
1901430 135.6
1901440 135.7
1901450 135.4
1901460 135.4
1901470 134.8
1901480 134.4
1901490 134.4
1901500 135.0
1901510 136.4
1901520 136.4
1901530 136.5
1901540 136.2
1901550 136.2
1901560 135.9
1901570 135.7
1901580 135.7
1901590 135.7
1901600 135.7
1901610 135.7
1901620 135.8
1901630 135.7
1901640 135.7
1901650 135.7
1901660 135.8
1901670 135.7
1901680 135.7
1901690 135.7
1901700 135.7
1901710 135.7
1901720 135.7
1901730 135.7
1901740 135.7
1901750 135.7
1901760 135.7
1901770 135.6
1901780 135.5
1901790 135.5
1901800 135.5
1901810 135.5
1901820 135.4
1901830 135.4
1901840 135.5
1901850 135.6
1901860 135.6
1901870 135.6
1901880 135.5
1901890 135.5
1901900 135.5
1901910 135.4
1901920 135.4
1901930 135.3
1901940 135.3
1901950 135.3
1901960 135.4
1901970 135.4
1901980 135.4
1901990 135.4
1902000 135.4
1902010 135.4
1902020 135.3
1902030 135.2
1902040 135.2
1902050 135.2
1902060 135.4
1902070 135.4
1902080 135.5
1902090 135.6
1902100 135.6
1902110 135.6
1902120 135.7
1902130 135.7
1902140 135.4
1902150 135.3
1902160 135.3
1902170 135.2
1902180 135.2
1902190 135.2
1902200 135.2
1902210 135.2
1902220 135.2
1902230 135.1
1902240 135.1
1902250 135.1
1902260 135.2
1902270 135.3
1902280 135.3
1902290 135.3
1902300 135.3
1902310 135.3
1902320 135.3
1902330 135.3
1902340 135.3
1902350 135.3
1902360 135.3
1902370 135.3
1902380 135.2
1902390 135.3
1902400 135.3
1902410 135.3
1902420 135.2
1902430 135.2
1902440 135.1
1902450 134.9
1902460 134.9
1902470 134.8
1902480 134.7
1902490 134.7
1902500 134.8
1902510 134.9
1902520 134.9
1902530 135.1
1902540 135.2
1902550 135.2
1902560 135.2
1902570 135.2
1902580 135.2
1902590 135.1
1902600 134.9
1902610 134.9
1902620 134.9
1902630 134.9
1902640 134.9
1902650 134.9
1902660 135.0
1902670 135.0
1902680 135.0
1902690 135.1
1902700 135.1
1902710 135.1
1902720 135.1
1902730 135.1
1902740 135.0
1902750 134.9
1902760 134.9
1902770 134.7
1902780 134.6
1902790 134.6
1902800 134.5
1902810 134.5
1902820 134.5
1902830 134.5
1902840 134.5
1902850 134.5
1902860 134.4
1902870 134.3
1902880 134.3
1902890 134.2
1902900 134.1
1902910 134.2
1902920 134.1
1902930 134.0
1902940 134.0
1902950 133.8
1902960 133.7
1902970 133.7
1902980 133.6
1902990 133.6
1903000 133.6
1903010 133.6
1903020 133.6
1903030 133.6
1903040 133.6
1903050 133.8
1903060 133.8
1903070 133.8
