1900000 137.6
1900010 137.4
1900020 137.4
1900030 137.4
1900040 137.4
1900050 137.7
1900060 137.7
1900070 137.9
1900080 137.8
1900090 137.8
1900100 137.1
1900110 136.4
1900120 136.4
1900130 136.3
1900140 136.2
1900150 136.2
1900160 136.4
1900170 136.7
1900180 136.7
1900190 136.9
1900200 137.0
1900210 137.0
1900220 136.3
1900230 135.8
1900240 135.8
1900250 135.2
1900260 135.6
1900270 135.6
1900280 136.4
1900290 136.4
1900300 136.4
1900310 136.2
1900320 136.0
1900330 136.0
1900340 136.1
1900350 136.2
1900360 136.2
1900370 136.2
1900380 136.2
1900390 136.2
1900400 136.2
1900410 136.2
1900420 136.2
1900430 136.2
1900440 136.1
1900450 136.1
1900460 136.1
1900470 136.2
1900480 136.2
1900490 136.2
1900500 136.1
1900510 136.1
1900520 136.0
1900530 136.0
1900540 136.0
1900550 136.0
1900560 136.1
1900570 136.1
1900580 136.1
1900590 136.6
1900600 136.6
1900610 136.4
1900620 136.2
1900630 136.2
1900640 136.2
1900650 136.5
1900660 136.5
1900670 135.9
1900680 135.4
1900690 135.4
1900700 134.8
1900710 134.5
1900720 134.5
1900730 134.4
1900740 134.3
1900750 134.3
1900760 134.3
1900770 134.2
1900780 134.2
1900790 134.0
1900800 134.1
1900810 134.1
1900820 135.1
1900830 135.9
1900840 135.9
1900850 135.5
1900860 135.7
1900870 135.7
1900880 135.9
1900890 135.8
1900900 135.8
1900910 135.7
1900920 135.6
1900930 135.6
1900940 135.4
1900950 136.0
1900960 136.0
1900970 137.2
1900980 136.0
1900990 136.0
1901000 135.5
1901010 135.4
1901020 135.4
1901030 135.4
1901040 135.3
1901050 135.3
1901060 135.3
1901070 135.4
1901080 135.4
1901090 135.4
1901100 135.4
1901110 135.4
1901120 135.2
1901130 135.1
1901140 135.1
1901150 135.1
1901160 135.1
1901170 135.1
1901180 135.2
1901190 135.1
1901200 135.1
1901210 135.1
1901220 135.0
1901230 135.0
1901240 135.0
1901250 135.0
1901260 135.0
1901270 135.0
1901280 135.0
1901290 135.0
1901300 135.1
1901310 135.0
1901320 135.0
1901330 135.0
1901340 135.1
1901350 135.1
1901360 135.1
1901370 135.1
1901380 135.1
1901390 135.0
1901400 135.1
1901410 135.1
1901420 135.2
1901430 135.4
1901440 135.4
1901450 135.5
1901460 135.7
1901470 135.5
1901480 135.6
1901490 135.7
1901500 135.7
1901510 135.7
1901520 135.7
1901530 135.7
1901540 135.6
1901550 135.5
1901560 135.5
1901570 135.2
1901580 134.8
1901590 134.8
1901600 134.6
1901610 134.5
1901620 134.5
1901630 134.7
1901640 135.2
1901650 135.2
1901660 135.7
1901670 135.9
1901680 135.9
1901690 136.0
1901700 136.0
1901710 136.0
1901720 135.9
1901730 135.8
1901740 135.8
1901750 135.7
1901760 135.7
1901770 135.7
1901780 135.7
1901790 135.7
1901800 135.7
1901810 135.8
1901820 135.9
1901830 135.9
1901840 136.0
1901850 136.0
1901860 136.0
1901870 135.8
1901880 135.6
1901890 135.6
1901900 135.5
1901910 135.4
1901920 135.4
1901930 135.4
1901940 135.5
1901950 135.5
1901960 135.4
1901970 135.4
1901980 135.4
1901990 135.4
1902000 135.3
1902010 135.3
1902020 135.3
1902030 135.2
1902040 135.2
1902050 135.1
1902060 135.0
1902070 135.0
1902080 135.0
1902090 134.9
1902100 135.0
1902110 135.0
1902120 135.1
1902130 135.1
1902140 135.1
1902150 135.1
1902160 135.2
1902170 135.2
1902180 135.3
1902190 135.2
1902200 135.2
1902210 135.1
1902220 134.9
1902230 134.9
1902240 134.8
1902250 134.8
1902260 134.8
1902270 135.0
1902280 135.2
1902290 135.2
1902300 135.2
1902310 135.2
1902320 135.2
1902330 135.1
1902340 135.0
1902350 135.0
1902360 135.1
1902370 135.1
1902380 135.1
1902390 135.3
1902400 135.2
1902410 135.2
1902420 135.2
1902430 135.2
1902440 135.2
1902450 135.2
1902460 135.1
1902470 135.1
1902480 134.9
1902490 134.7
1902500 134.7
1902510 134.5
1902520 134.5
1902530 134.5
1902540 134.5
1902550 134.5
1902560 134.5
1902570 134.5
1902580 134.6
1902590 134.6
1902600 134.6
1902610 134.7
1902620 134.7
1902630 134.8
1902640 134.9
1902650 134.9
1902660 135.1
1902670 135.3
1902680 135.3
1902690 135.3
1902700 135.4
1902710 135.5
1902720 135.4
1902730 135.4
1902740 135.4
1902750 135.4
1902760 135.3
1902770 135.3
1902780 135.4
1902790 135.5
1902800 135.5
1902810 135.5
1902820 135.5
1902830 135.5
1902840 135.5
1902850 135.5
1902860 135.5
1902870 135.5
1902880 135.4
1902890 135.4
1902900 135.4
1902910 135.3
1902920 135.3
1902930 135.3
1902940 135.3
1902950 135.3
1902960 135.3
1902970 135.2
1902980 135.2
1902990 135.2
1903000 135.2
1903010 135.2
1903020 135.1
1903030 135.0
1903040 135.0
1903050 135.0
1903060 135.0
1903070 135.0
