1900000 137.5
1900010 137.4
1900020 137.4
1900030 137.4
1900040 137.4
1900050 137.4
1900060 137.5
1900070 137.5
1900080 137.5
1900090 137.4
1900100 137.4
1900110 137.4
1900120 136.6
1900130 136.6
1900140 136.4
1900150 136.5
1900160 136.5
1900170 136.7
1900180 136.8
1900190 136.8
1900200 136.8
1900210 136.7
1900220 136.7
1900230 136.5
1900240 136.1
1900250 136.1
1900260 135.6
1900270 135.1
1900280 135.1
1900290 135.6
1900300 136.3
1900310 136.3
1900320 136.2
1900330 136.0
1900340 136.0
1900350 135.9
1900360 135.8
1900370 135.8
1900380 135.8
1900390 135.8
1900400 135.8
1900410 135.8
1900420 135.9
1900430 135.9
1900440 135.9
1900450 135.9
1900460 135.9
1900470 136.1
1900480 136.1
1900490 136.1
1900500 136.0
1900510 135.9
1900520 135.9
1900530 135.8
1900540 135.7
1900550 135.7
1900560 135.7
1900570 135.7
1900580 135.7
1900590 135.7
1900600 135.7
1900610 135.7
1900620 135.7
1900630 135.6
1900640 135.6
1900650 135.6
1900660 135.6
1900670 135.6
1900680 135.7
1900690 135.7
1900700 135.7
1900710 135.8
1900720 135.8
1900730 135.8
1900740 135.7
1900750 135.7
1900760 135.7
1900770 135.8
1900780 135.8
1900790 135.8
1900800 135.7
1900810 135.9
1900820 135.9
1900830 136.1
1900840 136.1
1900850 136.1
1900860 136.2
1900870 136.2
1900880 136.2
1900890 136.2
1900900 136.2
1900910 136.2
1900920 136.9
1900930 136.7
1900940 136.7
1900950 135.9
1900960 135.6
1900970 135.6
1900980 135.5
1900990 135.4
1901000 135.4
1901010 135.4
1901020 135.4
1901030 135.4
1901040 135.4
1901050 135.3
1901060 135.3
1901070 135.3
1901080 135.2
1901090 135.2
1901100 135.2
1901110 135.1
1901120 135.1
1901130 135.2
1901140 135.2
1901150 135.2
1901160 135.2
1901170 135.1
1901180 135.1
1901190 135.1
1901200 135.0
1901210 135.0
1901220 135.1
1901230 135.2
1901240 135.2
1901250 135.3
1901260 135.3
1901270 135.3
1901280 135.3
1901290 135.3
1901300 135.3
1901310 135.3
1901320 135.4
1901330 135.4
1901340 135.5
1901350 135.5
1901360 135.4
1901370 135.5
1901380 135.5
1901390 135.5
1901400 135.7
1901410 135.8
1901420 135.8
1901430 135.7
1901440 135.5
1901450 135.5
1901460 135.4
1901470 135.5
1901480 135.5
1901490 135.3
1901500 134.8
1901510 134.8
1901520 134.5
1901530 134.6
1901540 134.6
1901550 135.0
1901560 135.6
1901570 135.6
1901580 135.9
1901590 136.0
1901600 136.0
1901610 135.9
1901620 135.9
1901630 135.9
1901640 135.9
1901650 136.0
1901660 136.0
1901670 136.0
1901680 136.0
1901690 136.0
1901700 136.1
1901710 136.1
1901720 136.1
1901730 135.8
1901740 135.6
1901750 135.6
1901760 135.5
1901770 135.5
1901780 135.5
1901790 135.6
1901800 135.5
1901810 135.5
1901820 135.4
1901830 135.4
1901840 135.4
1901850 135.4
1901860 135.4
1901870 135.4
1901880 135.5
1901890 135.4
1901900 135.4
1901910 135.4
1901920 135.3
1901930 135.3
1901940 135.4
1901950 135.6
1901960 135.6
1901970 135.6
1901980 135.7
1901990 135.7
1902000 135.6
1902010 135.5
1902020 135.5
1902030 135.5
1902040 135.5
1902050 135.5
1902060 135.4
1902070 135.4
1902080 135.4
1902090 135.3
1902100 135.3
1902110 135.3
1902120 135.2
1902130 135.1
1902140 135.1
1902150 135.1
1902160 135.1
1902170 135.0
1902180 135.0
1902190 135.0
1902200 135.0
1902210 135.0
1902220 135.3
1902230 135.5
1902240 135.5
1902250 135.7
1902260 135.8
1902270 135.8
1902280 135.8
1902290 135.6
1902300 135.6
1902310 135.7
1902320 135.6
1902330 135.6
1902340 135.5
1902350 135.5
1902360 135.5
1902370 135.4
1902380 135.2
1902390 135.2
1902400 135.1
1902410 135.0
1902420 135.0
1902430 135.0
1902440 135.0
1902450 135.0
1902460 135.1
1902470 135.1
1902480 135.1
1902490 135.2
1902500 135.2
1902510 135.2
1902520 135.3
1902530 135.3
1902540 135.3
1902550 135.3
1902560 135.3
1902570 135.3
1902580 135.2
1902590 135.1
1902600 135.2
1902610 135.1
1902620 135.1
1902630 135.1
1902640 135.1
1902650 135.1
1902660 135.1
1902670 135.1
1902680 135.1
1902690 135.1
1902700 135.2
1902710 135.2
1902720 135.2
1902730 135.2
1902740 135.2
1902750 135.2
1902760 135.2
1902770 135.2
1902780 135.2
1902790 135.2
1902800 135.1
1902810 135.1
1902820 135.1
1902830 135.0
1902840 135.0
1902850 135.0
1902860 134.9
1902870 134.9
1902880 134.9
1902890 135.0
1902900 135.0
1902910 135.2
1902920 135.1
1902930 135.1
1902940 135.0
1902950 134.9
1902960 134.9
1902970 134.8
1902980 134.7
1902990 134.7
1903000 134.6
1903010 134.5
1903020 134.5
1903030 134.4
1903040 134.3
1903050 134.3
1903060 134.3
1903070 134.3
1903080 134.3
