1900000 137.4
1900010 137.4
1900020 137.4
1900030 137.6
1900040 137.5
1900050 137.5
1900060 137.5
1900070 137.4
1900080 137.4
1900090 137.0
1900100 136.5
1900110 136.5
1900120 136.4
1900130 136.4
1900140 136.4
1900150 136.1
1900160 135.9
1900170 135.9
1900180 135.5
1900190 135.5
1900200 135.5
1900210 135.5
1900220 135.4
1900230 135.6
1900240 136.0
1900250 136.6
1900260 136.6
1900270 136.6
1900280 136.5
1900290 136.5
1900300 136.5
1900310 136.6
1900320 136.6
1900330 136.6
1900340 136.4
1900350 136.4
1900360 136.2
1900370 136.2
1900380 136.2
1900390 136.2
1900400 136.2
1900410 136.2
1900420 136.3
1900430 136.3
1900440 136.3
1900450 136.2
1900460 136.2
1900470 136.2
1900480 136.2
1900490 136.2
1900500 136.2
1900510 136.1
1900520 136.0
1900530 136.0
1900540 136.1
1900550 136.0
1900560 136.0
1900570 136.0
1900580 136.1
1900590 136.1
1900600 136.1
1900610 135.9
1900620 135.9
1900630 135.7
1900640 135.2
1900650 135.2
1900660 134.7
1900670 134.4
1900680 134.4
1900690 134.3
1900700 134.2
1900710 134.2
1900720 134.0
1900730 134.0
1900740 134.0
1900750 133.9
1900760 133.7
1900770 133.7
1900780 133.6
1900790 133.5
1900800 133.5
1900810 133.3
1900820 133.6
1900830 133.6
1900840 133.8
1900850 134.4
1900860 134.4
1900870 135.4
1900880 135.5
1900890 135.5
1900900 135.8
1900910 135.8
1900920 135.8
1900930 135.7
1900940 135.7
1900950 135.7
1900960 135.8
1900970 135.8
1900980 135.8
1900990 136.2
1901000 137.1
1901010 137.1
1901020 135.8
1901030 135.4
1901040 135.4
1901050 135.3
1901060 135.3
1901070 135.3
1901080 135.2
1901090 135.1
1901100 135.1
1901110 135.1
1901120 135.2
1901130 135.2
1901140 135.3
1901150 135.2
1901160 135.2
1901170 135.1
1901180 135.2
1901190 135.2
1901200 135.2
1901210 135.2
1901220 135.2
1901230 135.2
1901240 135.2
1901250 135.2
1901260 135.1
1901270 135.1
1901280 135.1
1901290 135.1
1901300 135.1
1901310 135.1
1901320 135.0
1901330 135.0
1901340 135.0
1901350 135.0
1901360 135.0
1901370 135.0
1901380 135.0
1901390 135.0
1901400 135.0
1901410 135.1
1901420 135.1
1901430 135.1
1901440 135.2
1901450 135.2
1901460 135.2
1901470 135.2
1901480 135.2
1901490 135.2
1901500 135.3
1901510 135.3
1901520 135.3
1901530 135.5
1901540 135.6
1901550 135.6
1901560 135.6
1901570 135.6
1901580 135.6
1901590 135.7
1901600 135.7
1901610 135.7
1901620 135.7
1901630 135.4
1901640 135.4
1901650 134.9
1901660 134.5
1901670 134.5
1901680 134.7
1901690 135.4
1901700 135.4
1901710 135.8
1901720 135.9
1901730 135.9
1901740 135.9
1901750 135.8
1901760 135.8
1901770 135.8
1901780 135.7
1901790 135.7
1901800 135.7
1901810 135.8
1901820 135.8
1901830 135.8
1901840 135.8
1901850 135.7
1901860 135.7
1901870 135.7
1901880 135.6
1901890 135.6
1901900 135.6
1901910 135.6
1901920 135.6
1901930 135.7
1901940 135.8
1901950 135.8
1901960 135.8
1901970 135.7
1901980 135.7
1901990 135.5
1902000 135.2
1902010 135.2
1902020 135.1
1902030 135.1
1902040 135.1
1902050 135.1
1902060 135.2
1902070 135.2
1902080 135.1
1902090 135.3
1902100 135.3
1902110 135.3
1902120 135.3
1902130 135.3
1902140 135.3
1902150 135.3
1902160 135.3
1902170 135.2
1902180 135.2
1902190 135.2
1902200 135.2
1902210 135.1
1902220 135.1
1902230 135.0
1902240 134.8
1902250 134.8
1902260 134.7
1902270 134.6
1902280 134.6
1902290 134.5
1902300 134.2
1902310 134.2
1902320 134.0
1902330 134.2
1902340 134.2
1902350 134.5
1902360 134.6
1902370 134.6
1902380 134.7
1902390 134.8
1902400 134.2
1902410 134.3
1902420 134.4
1902430 134.4
1902440 134.3
1902450 134.3
1902460 134.3
1902470 134.3
1902480 134.3
1902490 134.3
1902500 134.4
1902510 134.5
1902520 134.5
1902530 134.6
1902540 134.6
1902550 134.6
1902560 135.1
1902570 134.9
1902580 134.9
1902590 134.5
1902600 134.3
1902610 134.3
1902620 134.2
1902630 134.2
1902640 134.2
1902650 134.2
1902660 134.4
1902670 134.4
1902680 134.6
1902690 134.8
1902700 134.8
1902710 135.2
1902720 135.3
1902730 135.3
1902740 135.3
1902750 135.3
1902760 135.3
1902770 135.3
1902780 135.3
1902790 135.3
1902800 135.3
1902810 135.3
1902820 135.3
1902830 135.2
1902840 135.0
1902850 135.0
1902860 134.7
1902870 134.4
1902880 134.4
1902890 134.2
1902900 134.0
1902910 134.0
1902920 134.0
1902930 134.0
1902940 134.0
1902950 134.2
1902960 134.6
1902970 134.6
1902980 134.9
1902990 135.1
1903000 135.1
1903010 135.2
1903020 134.9
1903030 134.9
1903040 135.1
1903050 135.2
1903060 135.2
1903070 135.2
