1900000 137.2
1900010 137.4
1900020 137.5
1900030 137.6
1900040 137.6
1900050 137.5
1900060 137.3
1900070 137.3
1900080 137.3
1900090 137.7
1900100 137.7
1900110 137.8
1900120 137.7
1900130 137.7
1900140 137.4
1900150 137.1
1900160 137.1
1900170 136.9
1900180 136.8
1900190 136.8
1900200 136.3
1900210 136.1
1900220 136.1
1900230 136.0
1900240 136.1
1900250 136.1
1900260 136.1
1900270 136.0
1900280 136.0
1900290 135.9
1900300 136.0
1900310 136.0
1900320 136.2
1900330 136.4
1900340 136.4
1900350 136.5
1900360 136.5
1900370 136.5
1900380 136.5
1900390 136.6
1900400 136.6
1900410 136.7
1900420 136.6
1900430 136.6
1900440 134.4
1900450 134.1
1900460 134.1
1900470 136.0
1900480 136.4
1900490 136.4
1900500 136.3
1900510 136.3
1900520 136.3
1900530 136.4
1900540 136.0
1900550 136.0
1900560 135.9
1900570 136.3
1900580 136.3
1900590 136.4
1900600 136.4
1900610 136.4
1900620 136.3
1900630 136.3
1900640 136.3
1900650 136.3
1900660 136.3
1900670 136.3
1900680 136.2
1900690 135.8
1900700 135.8
1900710 136.2
1900720 136.5
1900730 136.5
1900740 136.9
1900750 136.6
1900760 136.6
1900770 136.3
1900780 137.1
1900790 137.1
1900800 136.4
1900810 135.9
1900820 135.9
1900830 135.8
1900840 135.9
1900850 135.9
1900860 135.9
1900870 135.9
1900880 135.9
1900890 135.9
1900900 135.8
1900910 135.8
1900920 135.8
1900930 135.8
1900940 135.8
1900950 135.9
1900960 136.0
1900970 136.0
1900980 136.0
1900990 136.0
1901000 136.0
1901010 136.0
1901020 136.1
1901030 136.1
1901040 136.1
1901050 136.1
1901060 136.0
1901070 136.0
1901080 135.7
1901090 135.4
1901100 135.4
1901110 135.0
1901120 134.4
1901130 134.4
1901140 134.1
1901150 134.7
1901160 134.7
1901170 134.9
1901180 135.0
1901190 135.0
1901200 135.1
1901210 135.3
1901220 135.3
1901230 135.3
1901240 135.4
1901250 135.3
1901260 135.4
1901270 135.5
1901280 135.5
1901290 135.6
1901300 135.5
1901310 135.5
1901320 135.6
1901330 135.6
1901340 135.6
1901350 135.5
1901360 135.3
1901370 135.3
1901380 135.0
1901390 134.6
1901400 134.6
1901410 134.1
1901420 133.9
1901430 133.9
1901440 134.0
1901450 134.6
1901460 134.6
1901470 135.2
1901480 135.6
1901490 135.6
1901500 135.9
1901510 136.1
1901520 136.1
1901530 136.2
1901540 136.2
1901550 136.2
1901560 136.1
1901570 136.2
1901580 136.2
1901590 136.2
1901600 136.2
1901610 136.2
1901620 136.1
1901630 136.0
1901640 136.0
1901650 135.9
1901660 135.8
1901670 135.8
1901680 135.7
1901690 135.7
1901700 135.7
1901710 135.8
1901720 136.0
1901730 136.0
1901740 136.1
1901750 136.1
1901760 136.1
1901770 136.1
1901780 136.0
1901790 136.0
1901800 135.9
1901810 135.8
1901820 135.8
1901830 135.7
1901840 135.7
1901850 135.7
1901860 135.7
1901870 135.8
1901880 135.7
1901890 135.5
1901900 135.4
1901910 135.4
1901920 135.3
1901930 135.3
1901940 135.3
1901950 135.3
1901960 135.2
1901970 135.2
1901980 135.2
1901990 135.3
1902000 135.3
1902010 135.3
1902020 135.3
1902030 135.3
1902040 135.2
1902050 135.2
1902060 135.2
1902070 135.2
1902080 135.1
1902090 135.1
1902100 135.2
1902110 135.2
1902120 135.2
1902130 135.2
1902140 135.1
1902150 135.1
1902160 135.1
1902170 135.1
1902180 135.1
1902190 135.1
1902200 135.1
1902210 135.1
1902220 135.0
1902230 135.0
1902240 135.0
1902250 135.0
1902260 135.0
1902270 135.0
1902280 135.0
1902290 135.1
1902300 135.1
1902310 135.1
1902320 135.1
1902330 135.1
1902340 135.1
1902350 135.0
1902360 135.0
1902370 134.9
1902380 134.9
1902390 134.9
1902400 134.9
1902410 134.9
1902420 134.9
1902430 134.9
1902440 134.8
1902450 134.8
1902460 134.8
1902470 134.7
1902480 134.7
1902490 134.6
1902500 134.4
1902510 134.4
1902520 134.4
1902530 134.4
1902540 134.4
1902550 134.4
1902560 134.4
1902570 134.4
1902580 134.5
1902590 134.5
1902600 134.5
1902610 134.3
1902620 134.0
1902630 134.0
1902640 133.8
1902650 133.9
1902660 133.9
1902670 134.0
1902680 134.2
1902690 134.2
1902700 134.2
1902710 134.1
1902720 134.1
1902730 134.0
1902740 133.9
1902750 133.9
1902760 133.6
1902770 133.6
1902780 133.6
1902790 133.6
1902800 133.6
1902810 133.6
1902820 133.7
1902830 133.7
1902840 133.7
1902850 133.8
1902860 133.9
1902870 133.9
1902880 133.9
1902890 133.9
1902900 133.9
1902910 133.9
1902920 133.9
1902930 133.9
1902940 134.0
1902950 134.2
1902960 134.2
1902970 134.3
1902980 134.4
1902990 134.4
1903000 134.5
1903010 134.5
1903020 134.5
1903030 134.4
1903040 134.4
1903050 134.3
1903060 134.3
1903070 134.2
