1900000 136.4
1900010 136.4
1900020 136.5
1900030 136.4
1900040 136.4
1900050 136.5
1900060 136.1
1900070 136.1
1900080 135.6
1900090 136.3
1900100 136.3
1900110 136.3
1900120 136.4
1900130 136.4
1900140 136.4
1900150 136.4
1900160 136.4
1900170 136.4
1900180 136.3
1900190 136.3
1900200 136.2
1900210 136.3
1900220 136.3
1900230 136.4
1900240 136.2
1900250 136.2
1900260 136.2
1900270 136.0
1900280 136.0
1900290 135.7
1900300 135.6
1900310 135.6
1900320 135.7
1900330 135.9
1900340 136.0
1900350 136.3
1900360 136.2
1900370 136.2
1900380 136.2
1900390 136.2
1900400 136.2
1900410 136.3
1900420 136.3
1900430 136.3
1900440 136.3
1900450 136.2
1900460 136.2
1900470 136.2
1900480 136.2
1900490 136.2
1900500 136.3
1900510 136.4
1900520 136.4
1900530 136.5
1900540 136.5
1900550 136.5
1900560 136.4
1900570 136.2
1900580 136.2
1900590 136.2
1900600 136.2
1900610 136.2
1900620 136.2
1900630 136.3
1900640 136.3
1900650 136.3
1900660 136.4
1900670 136.4
1900680 136.5
1900690 136.5
1900700 136.5
1900710 136.4
1900720 136.3
1900730 136.3
1900740 136.2
1900750 135.9
1900760 135.9
1900770 135.7
1900780 135.7
1900790 135.7
1900800 136.0
1900810 136.2
1900820 136.2
1900830 136.5
1900840 136.5
1900850 136.5
1900860 136.4
1900870 136.3
1900880 136.3
1900890 136.3
1900900 136.4
1900910 136.4
1900920 136.8
1900930 136.6
1900940 136.6
1900950 136.5
1900960 136.5
1900970 136.5
1900980 136.5
1900990 136.4
1901000 136.4
1901010 136.4
1901020 136.3
1901030 136.3
1901040 136.2
1901050 136.1
1901060 136.1
1901070 136.1
1901080 136.1
1901090 136.1
1901100 136.1
1901110 136.1
1901120 136.1
1901130 136.2
1901140 136.1
1901150 136.1
1901160 136.1
1901170 136.1
1901180 136.1
1901190 136.2
1901200 136.2
1901210 136.2
1901220 136.2
1901230 136.2
1901240 136.2
1901250 136.1
1901260 136.3
1901270 136.2
1901280 137.2
1901290 136.4
1901300 136.4
1901310 136.0
1901320 136.0
1901330 136.0
1901340 136.0
1901350 136.0
1901360 136.0
1901370 136.0
1901380 136.0
1901390 136.0
1901400 136.0
1901410 136.0
1901420 136.0
1901430 136.0
1901440 136.0
1901450 136.0
1901460 135.9
1901470 136.0
1901480 136.0
1901490 136.0
1901500 136.0
1901510 136.0
1901520 136.0
1901530 135.9
1901540 135.9
1901550 135.7
1901560 135.7
1901570 135.7
1901580 135.5
1901590 135.4
1901600 135.4
1901610 135.5
1901620 135.6
1901630 135.6
1901640 135.7
1901650 135.8
1901660 135.8
1901670 135.8
1901680 135.8
1901690 135.8
1901700 135.7
1901710 135.5
1901720 135.5
1901730 135.2
1901740 134.8
1901750 134.8
1901760 134.5
1901770 134.4
1901780 134.4
1901790 134.2
1901800 133.8
1901810 133.8
1901820 133.5
1901830 133.5
1901840 133.5
1901850 134.0
1901860 135.0
1901870 135.0
1901880 134.5
1901890 134.6
1901900 134.0
1901910 134.0
1901920 133.6
1901930 133.5
1901940 133.5
1901950 133.6
1901960 133.7
1901970 133.7
1901980 133.8
1901990 133.8
1902000 133.8
1902010 133.9
1902020 134.1
1902030 134.1
1902040 134.5
1902050 134.9
1902060 134.9
1902070 135.0
1902080 135.2
1902090 135.2
1902100 135.4
1902110 135.4
1902120 135.4
1902130 135.4
1902140 135.4
1902150 135.4
1902160 135.4
1902170 135.3
1902180 135.3
1902190 135.4
1902200 135.5
1902210 135.5
1902220 135.5
1902230 135.5
1902240 135.5
1902250 135.5
1902260 135.5
1902270 135.5
1902280 135.6
1902290 135.5
1902300 135.5
1902310 135.5
1902320 135.4
1902330 135.4
1902340 135.5
1902350 135.5
1902360 135.5
1902370 135.6
1902380 135.6
1902390 135.6
1902400 135.6
1902410 135.6
1902420 135.6
1902430 135.8
1902440 135.7
1902450 135.7
1902460 135.6
1902470 135.5
1902480 135.5
1902490 135.3
1902500 135.0
1902510 135.0
1902520 134.7
1902530 134.6
1902540 134.6
1902550 134.6
1902560 134.5
1902570 134.5
1902580 134.4
1902590 134.3
1902600 134.3
1902610 134.3
1902620 134.3
1902630 134.3
1902640 134.3
1902650 134.2
1902660 134.2
1902670 134.2
1902680 134.2
1902690 134.2
1902700 134.1
1902710 134.1
1902720 134.1
1902730 134.2
1902740 134.2
1902750 134.2
1902760 134.2
1902770 134.4
1902780 134.4
1902790 134.9
1902800 135.3
1902810 135.3
1902820 135.1
1902830 134.3
1902840 134.3
1902850 133.5
1902860 133.3
1902870 133.3
1902880 133.5
1902890 133.8
1902900 133.8
1902910 134.0
1902920 134.0
1902930 134.0
1902940 134.0
1902950 134.0
1902960 134.0
1902970 134.0
1902980 134.0
1902990 134.0
1903000 134.1
1903010 134.1
1903020 134.1
1903030 134.3
1903040 134.2
1903050 134.2
1903060 134.1
1903070 134.0
1903080 134.0
