1900000 135.8
1900010 136.2
1900020 136.3
1900030 136.3
1900040 136.2
1900050 136.1
1900060 136.1
1900070 136.2
1900080 136.2
1900090 136.2
1900100 136.3
1900110 136.3
1900120 136.3
1900130 136.3
1900140 136.2
1900150 136.2
1900160 136.0
1900170 135.8
1900180 135.8
1900190 135.9
1900200 136.0
1900210 136.0
1900220 136.0
1900230 136.2
1900240 136.2
1900250 136.2
1900260 135.8
1900270 135.8
1900280 135.6
1900290 135.7
1900300 135.7
1900310 135.8
1900320 135.9
1900330 135.9
1900340 136.0
1900350 136.2
1900360 136.2
1900370 136.0
1900380 136.0
1900390 136.0
1900400 135.9
1900410 135.9
1900420 135.9
1900430 135.8
1900440 135.8
1900450 135.8
1900460 135.9
1900470 135.9
1900480 135.9
1900490 135.9
1900500 135.8
1900510 135.8
1900520 135.8
1900530 135.9
1900540 135.9
1900550 135.9
1900560 135.9
1900570 135.9
1900580 135.9
1900590 135.8
1900600 135.8
1900610 135.8
1900620 135.8
1900630 135.8
1900640 135.8
1900650 135.8
1900660 135.8
1900670 135.8
1900680 135.6
1900690 135.6
1900700 135.5
1900710 135.5
1900720 135.5
1900730 135.5
1900740 135.5
1900750 135.4
1900760 135.4
1900770 135.4
1900780 135.5
1900790 135.5
1900800 135.5
1900810 135.5
1900820 135.5
1900830 135.6
1900840 135.7
1900850 135.7
1900860 135.7
1900870 135.8
1900880 135.8
1900890 135.9
1900900 136.0
1900910 136.0
1900920 136.1
1900930 136.2
1900940 136.2
1900950 136.3
1900960 136.3
1900970 136.4
1900980 136.3
1900990 136.3
1901000 136.3
1901010 136.0
1901020 135.4
1901030 135.4
1901040 135.1
1901050 135.2
1901060 135.2
1901070 135.9
1901080 136.6
1901090 136.6
1901100 136.7
1901110 136.6
1901120 136.6
1901130 136.2
1901140 136.1
1901150 136.1
1901160 135.9
1901170 136.0
1901180 136.0
1901190 136.1
1901200 136.2
1901210 136.2
1901220 136.2
1901230 136.2
1901240 136.2
1901250 136.2
1901260 136.2
1901270 136.2
1901280 136.2
1901290 136.1
1901300 136.1
1901310 136.1
1901320 136.1
1901330 136.1
1901340 136.1
1901350 136.1
1901360 136.1
1901370 136.1
1901380 136.1
1901390 136.1
1901400 136.3
1901410 137.2
1901420 137.2
1901430 136.4
1901440 136.2
1901450 136.2
1901460 136.2
1901470 136.2
1901480 136.2
1901490 136.1
1901500 136.1
1901510 136.1
1901520 136.1
1901530 136.1
1901540 136.1
1901550 136.1
1901560 136.1
1901570 136.1
1901580 136.0
1901590 136.1
1901600 136.1
1901610 136.1
1901620 136.0
1901630 136.0
1901640 136.0
1901650 136.0
1901660 136.0
1901670 136.0
1901680 135.9
1901690 135.9
1901700 135.9
1901710 135.9
1901720 135.9
1901730 135.9
1901740 135.9
1901750 135.9
1901760 135.9
1901770 135.9
1901780 135.9
1901790 135.9
1901800 136.0
1901810 136.0
1901820 136.0
1901830 136.1
1901840 136.1
1901850 136.0
1901860 136.0
1901870 136.0
1901880 136.0
1901890 136.0
1901900 135.9
1901910 135.9
1901920 135.9
1901930 135.9
1901940 135.9
1901950 135.9
1901960 135.9
1901970 135.9
1901980 135.9
1901990 135.9
1902000 135.9
1902010 135.9
1902020 135.9
1902030 135.9
1902040 135.9
1902050 135.9
1902060 135.9
1902070 135.8
1902080 135.8
1902090 135.8
1902100 135.7
1902110 135.7
1902120 135.7
1902130 135.7
1902140 135.7
1902150 135.8
1902160 135.8
1902170 135.8
1902180 135.9
1902190 135.9
1902200 135.9
1902210 135.9
1902220 135.9
1902230 135.9
1902240 135.9
1902250 136.0
1902260 136.0
1902270 136.1
1902280 135.9
1902290 135.9
1902300 136.0
1902310 135.8
1902320 135.8
1902330 135.7
1902340 135.7
1902350 135.7
1902360 135.6
1902370 135.6
1902380 135.6
1902390 135.4
1902400 135.3
1902410 135.3
1902420 135.3
1902430 135.3
1902440 135.3
1902450 135.5
1902460 135.6
1902470 135.6
1902480 135.7
1902490 135.7
1902500 135.7
1902510 135.5
1902520 135.2
1902530 135.2
1902540 134.9
1902550 134.9
1902560 134.9
1902570 134.8
1902580 134.8
1902590 134.8
1902600 134.7
1902610 134.8
1902620 134.8
1902630 134.8
1902640 134.9
1902650 134.9
1902660 134.8
1902670 134.7
1902680 134.7
1902690 134.6
1902700 134.5
1902710 134.5
1902720 134.4
1902730 134.3
1902740 134.3
1902750 134.4
1902760 134.4
1902770 134.4
1902780 134.4
1902790 134.4
1902800 134.4
1902810 134.3
1902820 134.2
1902830 134.3
1902840 134.2
1902850 134.2
1902860 134.2
1902870 134.2
1902880 134.1
1902890 134.1
1902900 134.0
1902910 134.0
1902920 134.0
1902930 134.2
1902940 134.8
1902950 134.8
1902960 135.3
1902970 135.5
1902980 135.5
1902990 135.5
1903000 135.4
1903010 135.3
1903020 135.3
1903030 135.3
1903040 135.3
1903050 135.3
1903060 135.2
1903070 135.2
1903080 135.2
