1900000 136.0
1900010 136.0
1900020 136.0
1900030 135.4
1900040 135.7
1900050 136.1
1900060 136.1
1900070 136.3
1900080 136.4
1900090 136.4
1900100 136.4
1900110 136.5
1900120 136.5
1900130 136.5
1900140 136.5
1900150 136.5
1900160 136.5
1900170 136.4
1900180 136.4
1900190 136.3
1900200 136.3
1900210 136.3
1900220 136.3
1900230 136.3
1900240 136.3
1900250 136.3
1900260 136.3
1900270 136.3
1900280 136.2
1900290 136.3
1900300 136.3
1900310 136.3
1900320 136.3
1900330 136.3
1900340 136.4
1900350 136.4
1900360 136.4
1900370 136.4
1900380 136.3
1900390 136.3
1900400 136.3
1900410 136.3
1900420 136.3
1900430 136.4
1900440 136.4
1900450 136.4
1900460 136.3
1900470 136.4
1900480 136.4
1900490 136.5
1900500 136.5
1900510 136.5
1900520 136.4
1900530 136.4
1900540 136.4
1900550 136.3
1900560 136.3
1900570 136.3
1900580 136.4
1900590 136.4
1900600 136.4
1900610 136.4
1900620 136.4
1900630 136.4
1900640 136.3
1900650 135.5
1900660 135.5
1900670 135.3
1900680 135.1
1900690 135.1
1900700 134.9
1900710 134.7
1900720 134.7
1900730 134.8
1900740 134.8
1900750 134.8
1900760 134.7
1900770 134.8
1900780 134.8
1900790 134.7
1900800 134.7
1900810 134.7
1900820 134.8
1900830 135.2
1900840 135.2
1900850 136.0
1900860 136.3
1900870 136.3
1900880 136.4
1900890 136.5
1900900 136.5
1900910 136.4
1900920 136.4
1900930 136.4
1900940 136.7
1900950 136.7
1900960 136.8
1900970 136.5
1900980 136.2
1900990 136.2
1901000 136.0
1901010 136.0
1901020 136.0
1901030 136.1
1901040 136.3
1901050 136.3
1901060 136.3
1901070 136.3
1901080 136.3
1901090 136.3
1901100 136.3
1901110 136.3
1901120 136.3
1901130 136.3
1901140 136.3
1901150 136.3
1901160 136.3
1901170 136.3
1901180 136.2
1901190 136.3
1901200 136.3
1901210 136.3
1901220 136.4
1901230 136.4
1901240 136.4
1901250 136.3
1901260 136.3
1901270 136.3
1901280 136.2
1901290 136.2
1901300 136.1
1901310 136.4
1901320 136.4
1901330 137.1
1901340 136.2
1901350 136.2
1901360 136.0
1901370 135.9
1901380 135.9
1901390 135.9
1901400 135.9
1901410 135.9
1901420 135.9
1901430 135.9
1901440 135.9
1901450 135.9
1901460 135.9
1901470 135.9
1901480 135.9
1901490 135.9
1901500 135.9
1901510 135.8
1901520 135.6
1901530 135.6
1901540 135.6
1901550 135.6
1901560 135.6
1901570 135.6
1901580 135.7
1901590 135.7
1901600 135.7
1901610 135.7
1901620 135.7
1901630 135.6
1901640 135.5
1901650 135.5
1901660 135.6
1901670 135.6
1901680 135.6
1901690 135.7
1901700 135.7
1901710 135.7
1901720 135.8
1901730 135.8
1901740 135.8
1901750 135.8
1901760 135.9
1901770 135.9
1901780 135.9
1901790 135.9
1901800 135.9
1901810 135.9
1901820 135.8
1901830 135.8
1901840 135.8
1901850 135.8
1901860 135.8
1901870 135.8
1901880 135.8
1901890 135.7
1901900 135.7
1901910 135.8
1901920 135.8
1901930 135.7
1901940 135.6
1901950 135.6
1901960 135.6
1901970 135.6
1901980 135.6
1901990 135.7
1902000 136.0
1902010 136.0
1902020 136.0
1902030 135.7
1902040 135.7
1902050 135.6
1902060 135.6
1902070 135.6
1902080 135.6
1902090 135.6
1902100 135.6
1902110 135.7
1902120 135.8
1902130 135.8
1902140 135.7
1902150 135.7
1902160 135.7
1902170 135.8
1902180 135.8
1902190 135.8
1902200 135.6
1902210 135.6
1902220 135.6
1902230 135.6
1902240 135.7
1902250 135.7
1902260 135.7
1902270 135.7
1902280 135.7
1902290 135.7
1902300 135.7
1902310 135.6
1902320 135.6
1902330 135.6
1902340 135.8
1902350 135.8
1902360 135.7
1902370 135.6
1902380 135.6
1902390 135.5
1902400 135.6
1902410 135.6
1902420 135.7
1902430 135.8
1902440 135.8
1902450 135.8
1902460 135.7
1902470 135.7
1902480 135.5
1902490 135.2
1902500 135.2
1902510 134.7
1902520 134.5
1902530 134.5
1902540 134.4
1902550 134.4
1902560 134.4
1902570 134.4
1902580 134.4
1902590 134.4
1902600 134.3
1902610 134.3
1902620 134.3
1902630 134.2
1902640 134.2
1902650 134.2
1902660 134.2
1902670 134.2
1902680 134.2
1902690 134.1
1902700 134.1
1902710 134.1
1902720 134.1
1902730 134.2
1902740 134.2
1902750 134.2
1902760 134.2
1902770 134.2
1902780 134.1
1902790 134.0
1902800 134.0
1902810 134.0
1902820 134.1
1902830 134.1
1902840 134.5
1902850 135.0
1902860 135.0
1902870 135.4
1902880 135.6
1902890 135.6
1902900 135.7
1902910 135.7
1902920 135.7
1902930 135.6
1902940 135.6
1902950 135.6
1902960 135.5
1902970 135.4
1902980 135.4
1902990 135.4
1903000 135.2
1903010 135.2
1903020 135.2
1903030 135.1
1903040 135.1
1903050 135.1
1903060 134.8
1903070 134.8
1903080 134.6
