1900000 136.1
1900010 136.1
1900020 136.1
1900030 136.2
1900040 136.2
1900050 136.2
1900060 136.1
1900070 136.1
1900080 136.1
1900090 136.1
1900100 136.1
1900110 136.1
1900120 136.2
1900130 136.2
1900140 136.2
1900150 136.1
1900160 136.1
1900170 136.2
1900180 136.3
1900190 136.3
1900200 136.3
1900210 136.3
1900220 136.3
1900230 136.3
1900240 136.5
1900250 136.5
1900260 136.5
1900270 136.4
1900280 136.4
1900290 136.1
1900300 136.2
1900310 136.2
1900320 135.9
1900330 135.7
1900340 135.6
1900350 135.3
1900360 135.2
1900370 135.2
1900380 135.5
1900390 135.6
1900400 135.6
1900410 135.6
1900420 135.7
1900430 135.7
1900440 135.8
1900450 135.9
1900460 135.9
1900470 136.0
1900480 136.0
1900490 136.0
1900500 136.1
1900510 136.1
1900520 136.1
1900530 136.2
1900540 136.2
1900550 136.2
1900560 136.3
1900570 136.3
1900580 136.3
1900590 136.2
1900600 136.1
1900610 136.1
1900620 136.0
1900630 136.0
1900640 136.0
1900650 136.0
1900660 135.9
1900670 135.9
1900680 135.9
1900690 135.9
1900700 135.9
1900710 135.9
1900720 135.9
1900730 135.9
1900740 135.9
1900750 135.9
1900760 135.9
1900770 135.9
1900780 136.0
1900790 136.0
1900800 136.0
1900810 136.1
1900820 136.1
1900830 136.2
1900840 136.2
1900850 136.2
1900860 136.2
1900870 136.1
1900880 136.1
1900890 136.2
1900900 136.3
1900910 136.3
1900920 136.2
1900930 136.0
1900940 136.0
1900950 136.2
1900960 136.2
1900970 136.4
1900980 136.7
1900990 136.5
1901000 136.5
1901010 136.7
1901020 136.7
1901030 136.7
1901040 136.7
1901050 136.7
1901060 136.4
1901070 136.4
1901080 136.4
1901090 136.4
1901100 136.4
1901110 136.5
1901120 136.5
1901130 136.5
1901140 136.4
1901150 136.4
1901160 136.4
1901170 136.4
1901180 136.4
1901190 136.4
1901200 136.3
1901210 136.3
1901220 136.3
1901230 136.3
1901240 136.3
1901250 136.3
1901260 136.2
1901270 136.2
1901280 136.1
1901290 136.1
1901300 136.1
1901310 136.1
1901320 136.2
1901330 136.4
1901340 136.4
1901350 136.2
1901360 136.2
1901370 136.2
1901380 137.2
1901390 136.3
1901400 136.3
1901410 135.9
1901420 135.9
1901430 135.9
1901440 135.9
1901450 135.9
1901460 135.9
1901470 135.8
1901480 135.8
1901490 135.8
1901500 135.8
1901510 135.9
1901520 135.9
1901530 135.9
1901540 136.0
1901550 136.0
1901560 136.0
1901570 136.3
1901580 136.3
1901590 143.3
1901600 144.2
1901610 144.2
1901620 144.3
1901630 144.4
1901640 144.4
1901650 144.7
1901660 145.8
1901670 145.8
1901680 146.7
1901690 146.8
1901700 146.8
1901710 146.4
1901720 146.8
1901730 146.8
1901740 146.8
1901750 147.0
1901760 147.0
1901770 144.9
1901780 139.9
1901790 139.9
1901800 136.1
1901810 135.7
1901820 135.7
1901830 135.9
1901840 135.9
1901850 135.9
1901860 135.9
1901870 135.9
1901880 135.9
1901890 135.8
1901900 135.8
1901910 135.8
1901920 135.8
1901930 135.8
1901940 135.8
1901950 135.8
1901960 135.8
1901970 135.8
1901980 135.9
1901990 135.9
1902000 135.9
1902010 135.9
1902020 135.9
1902030 135.9
1902040 135.9
1902050 135.9
1902060 135.9
1902070 135.9
1902080 135.8
1902090 135.8
1902100 135.7
1902110 135.8
1902120 135.8
1902130 135.8
1902140 136.0
1902150 136.0
1902160 136.2
1902170 135.9
1902180 135.9
1902190 135.6
1902200 135.6
1902210 135.7
1902220 135.6
1902230 135.5
1902240 135.5
1902250 135.7
1902260 135.4
1902270 135.4
1902280 135.4
1902290 135.5
1902300 135.5
1902310 135.6
1902320 135.7
1902330 135.7
1902340 135.7
1902350 135.6
1902360 135.6
1902370 135.5
1902380 135.5
1902390 135.5
1902400 135.4
1902410 135.4
1902420 135.4
1902430 135.4
1902440 135.4
1902450 135.4
1902460 135.3
1902470 135.3
1902480 135.3
1902490 135.2
1902500 134.9
1902510 134.9
1902520 134.7
1902530 134.4
1902540 134.4
1902550 134.4
1902560 134.4
1902570 134.4
1902580 134.5
1902590 134.6
1902600 134.6
1902610 134.7
1902620 134.8
1902630 134.8
1902640 134.7
1902650 134.6
1902660 134.6
1902670 134.5
1902680 134.4
1902690 134.4
1902700 134.3
1902710 134.3
1902720 134.3
1902730 134.3
1902740 134.3
1902750 134.3
1902760 134.3
1902770 134.3
1902780 134.3
1902790 134.2
1902800 134.2
1902810 134.2
1902820 134.2
1902830 134.2
1902840 134.2
1902850 134.1
1902860 133.9
1902870 133.9
1902880 133.9
1902890 134.1
1902900 134.1
1902910 134.7
1902920 135.3
1902930 135.3
1902940 135.6
1902950 135.7
1902960 135.7
1902970 135.8
1902980 135.7
1902990 135.7
1903000 135.7
1903010 135.6
1903020 135.6
1903030 135.6
1903040 135.5
1903050 135.5
1903060 135.5
1903070 135.4
1903080 135.4
1903090 135.4
