1900000 137.3
1900010 137.2
1900020 137.2
1900030 136.9
1900040 136.4
1900050 136.4
1900060 135.4
1900070 134.8
1900080 134.8
1900090 135.3
1900100 136.0
1900110 136.0
1900120 136.5
1900130 136.4
1900140 136.4
1900150 136.2
1900160 135.7
1900170 135.7
1900180 135.3
1900190 135.2
1900200 135.2
1900210 135.2
1900220 135.2
1900230 135.3
1900240 135.2
1900250 135.2
1900260 135.2
1900270 135.1
1900280 135.0
1900290 135.0
1900300 135.1
1900310 135.3
1900320 135.3
1900330 135.2
1900340 134.7
1900350 134.7
1900360 134.4
1900370 134.1
1900380 134.1
1900390 134.2
1900400 134.3
1900410 134.3
1900420 134.0
1900430 133.9
1900440 133.9
1900450 133.8
1900460 134.3
1900470 134.3
1900480 134.5
1900490 134.9
1900500 134.9
1900510 135.8
1900520 136.0
1900530 136.0
1900540 135.3
1900550 135.3
1900560 135.3
1900570 135.3
1900580 135.4
1900590 135.4
1900600 135.5
1900610 135.4
1900620 135.4
1900630 135.2
1900640 135.2
1900650 135.2
1900660 135.1
1900670 135.6
1900680 135.6
1900690 136.2
1900700 136.2
1900710 136.2
1900720 136.1
1900730 136.1
1900740 136.1
1900750 136.0
1900760 136.0
1900770 136.0
1900780 136.0
1900790 136.1
1900800 136.1
1900810 136.0
1900820 135.9
1900830 135.9
1900840 136.0
1900850 136.3
1900860 136.3
1900870 135.9
1900880 135.9
1900890 135.9
1900900 136.1
1900910 135.9
1900920 135.9
1900930 135.5
1900940 135.5
1900950 135.5
1900960 135.6
1900970 135.6
1900980 135.6
1900990 135.6
1901000 135.7
1901010 135.7
1901020 135.6
1901030 135.5
1901040 135.5
1901050 135.5
1901060 135.5
1901070 135.5
1901080 135.4
1901090 135.6
1901100 135.6
1901110 136.8
1901120 136.4
1901130 136.4
1901140 135.3
1901150 135.2
1901160 135.3
1901170 135.3
1901180 135.3
1901190 135.3
1901200 135.3
1901210 135.3
1901220 135.3
1901230 135.3
1901240 135.3
1901250 135.3
1901260 135.3
1901270 135.4
1901280 135.4
1901290 135.4
1901300 135.5
1901310 135.5
1901320 135.4
1901330 135.4
1901340 135.4
1901350 135.4
1901360 135.3
1901370 135.3
1901380 135.3
1901390 135.4
1901400 135.4
1901410 135.4
1901420 135.1
1901430 135.1
1901440 134.9
1901450 134.9
1901460 134.9
1901470 135.0
1901480 135.1
1901490 135.1
1901500 135.1
1901510 135.1
1901520 135.1
1901530 135.2
1901540 135.2
1901550 135.2
1901560 135.3
1901570 135.4
1901580 135.5
1901590 135.5
1901600 135.5
1901610 135.5
1901620 135.5
1901630 135.5
1901640 135.4
1901650 135.4
1901660 135.4
1901670 135.5
1901680 135.5
1901690 135.6
1901700 135.6
1901710 135.6
1901720 135.4
1901730 134.8
1901740 134.8
1901750 134.4
1901760 134.2
1901770 134.2
1901780 134.3
1901790 135.0
1901800 135.0
1901810 135.7
1901820 135.8
1901830 135.8
1901840 135.8
1901850 135.7
1901860 135.7
1901870 135.7
1901880 135.7
1901890 135.7
1901900 135.6
1901910 135.6
1901920 135.6
1901930 135.6
1901940 135.6
1901950 135.6
1901960 135.5
1901970 135.5
1901980 135.5
1901990 135.5
1902000 135.4
1902010 135.4
1902020 135.4
1902030 135.3
1902040 135.3
1902050 135.4
1902060 135.4
1902070 135.4
1902080 135.3
1902090 135.4
1902100 135.4
1902110 135.5
1902120 135.5
1902130 135.5
1902140 135.4
1902150 135.5
1902160 135.5
1902170 135.3
1902180 135.2
1902190 135.2
1902200 135.2
1902210 135.3
1902220 135.3
1902230 135.4
1902240 135.4
1902250 135.4
1902260 135.5
1902270 135.3
1902280 135.3
1902290 134.6
1902300 133.9
1902310 133.9
1902320 133.8
1902330 134.6
1902340 134.6
1902350 135.5
1902360 135.8
1902370 135.8
1902380 135.9
1902390 136.0
1902400 135.8
1902410 135.8
1902420 135.6
1902430 135.6
1902440 135.5
1902450 135.4
1902460 135.4
1902470 135.4
1902480 135.4
1902490 135.4
1902500 135.4
1902510 135.3
1902520 135.3
1902530 135.3
1902540 135.4
1902550 135.4
1902560 135.4
1902570 135.4
1902580 135.4
1902590 135.4
1902600 135.4
1902610 135.4
1902620 135.3
1902630 135.3
1902640 135.3
1902650 135.3
1902660 135.2
1902670 135.2
1902680 135.2
1902690 135.4
1902700 135.4
1902710 135.3
1902720 135.4
1902730 135.4
1902740 135.3
1902750 135.2
1902760 135.2
1902770 135.2
1902780 135.2
1902790 135.2
1902800 135.2
1902810 135.3
1902820 135.3
1902830 135.3
1902840 135.2
1902850 135.2
1902860 135.2
1902870 135.2
1902880 135.2
1902890 135.2
1902900 135.1
1902910 135.1
1902920 135.2
1902930 135.1
1902940 135.1
1902950 135.2
1902960 135.1
1902970 135.1
1902980 135.0
1902990 135.3
1903000 135.3
1903010 135.6
1903020 135.6
1903030 135.6
1903040 135.5
1903050 135.2
1903060 135.2
1903070 134.7
