1900000 136.0
1900010 135.9
1900020 135.9
1900030 135.8
1900040 135.3
1900050 135.3
1900060 135.1
1900070 135.2
1900080 135.2
1900090 136.0
1900100 136.3
1900110 136.3
1900120 136.4
1900130 136.4
1900140 136.4
1900150 136.5
1900160 136.5
1900170 136.5
1900180 136.5
1900190 136.4
1900200 136.4
1900210 136.3
1900220 136.2
1900230 136.2
1900240 136.2
1900250 136.2
1900260 136.2
1900270 136.3
1900280 136.3
1900290 136.3
1900300 136.3
1900310 136.3
1900320 136.3
1900330 136.4
1900340 136.4
1900350 136.4
1900360 136.5
1900370 136.5
1900380 136.5
1900390 136.4
1900400 136.5
1900410 136.5
1900420 136.7
1900430 136.6
1900440 136.6
1900450 136.5
1900460 136.3
1900470 136.3
1900480 136.2
1900490 136.0
1900500 136.0
1900510 135.9
1900520 135.5
1900530 135.5
1900540 135.2
1900550 135.1
1900560 135.1
1900570 134.9
1900580 134.8
1900590 134.8
1900600 134.8
1900610 134.9
1900620 134.9
1900630 135.1
1900640 135.2
1900650 135.7
1900660 135.8
1900670 135.9
1900680 135.9
1900690 136.0
1900700 136.1
1900710 136.1
1900720 136.2
1900730 136.3
1900740 136.3
1900750 136.3
1900760 136.2
1900770 136.2
1900780 136.2
1900790 136.2
1900800 136.2
1900810 136.3
1900820 136.3
1900830 136.3
1900840 135.9
1900850 135.3
1900860 135.3
1900870 135.3
1900880 135.4
1900890 135.4
1900900 135.5
1900910 135.7
1900920 135.7
1900930 136.0
1900940 136.3
1900950 136.3
1900960 136.4
1900970 136.5
1900980 136.5
1900990 136.7
1901000 136.5
1901010 136.5
1901020 136.6
1901030 136.8
1901040 136.8
1901050 136.7
1901060 136.8
1901070 136.8
1901080 136.6
1901090 136.5
1901100 136.5
1901110 136.5
1901120 136.5
1901130 136.5
1901140 136.5
1901150 136.5
1901160 136.5
1901170 136.5
1901180 136.5
1901190 136.5
1901200 136.5
1901210 136.5
1901220 136.5
1901230 136.4
1901240 136.4
1901250 136.4
1901260 136.4
1901270 136.3
1901280 136.3
1901290 136.3
1901300 136.2
1901310 136.2
1901320 136.2
1901330 136.2
1901340 137.1
1901350 137.1
1901360 136.2
1901370 136.0
1901380 136.0
1901390 136.0
1901400 135.9
1901410 135.9
1901420 135.9
1901430 135.9
1901440 135.9
1901450 135.8
1901460 135.8
1901470 135.8
1901480 135.8
1901490 135.8
1901500 135.8
1901510 135.8
1901520 135.8
1901530 135.8
1901540 135.8
1901550 135.7
1901560 135.7
1901570 135.7
1901580 135.6
1901590 135.7
1901600 135.7
1901610 135.8
1901620 135.8
1901630 135.9
1901640 135.9
1901650 135.9
1901660 135.9
1901670 135.9
1901680 135.9
1901690 135.9
1901700 135.8
1901710 135.8
1901720 135.8
1901730 135.9
1901740 135.9
1901750 135.9
1901760 136.0
1901770 136.0
1901780 136.0
1901790 136.0
1901800 136.0
1901810 136.0
1901820 136.0
1901830 136.0
1901840 136.1
1901850 136.1
1901860 136.1
1901870 136.1
1901880 136.0
1901890 136.0
1901900 136.0
1901910 136.0
1901920 136.0
1901930 135.9
1901940 135.9
1901950 135.9
1901960 135.9
1901970 135.9
1901980 135.9
1901990 135.9
1902000 135.8
1902010 135.8
1902020 135.8
1902030 135.8
1902040 135.8
1902050 135.9
1902060 136.0
1902070 136.0
1902080 135.9
1902090 135.6
1902100 135.6
1902110 135.6
1902120 135.7
1902130 135.7
1902140 135.6
1902150 135.5
1902160 135.5
1902170 135.5
1902180 135.5
1902190 135.5
1902200 135.5
1902210 135.5
1902220 135.5
1902230 135.4
1902240 135.4
1902250 135.4
1902260 135.4
1902270 135.4
1902280 135.4
1902290 135.4
1902300 135.6
1902310 135.6
1902320 135.5
1902330 135.4
1902340 135.4
1902350 135.4
1902360 135.4
1902370 135.4
1902380 135.4
1902390 135.4
1902400 135.4
1902410 135.5
1902420 135.5
1902430 135.5
1902440 135.5
1902450 135.5
1902460 135.5
1902470 135.4
1902480 135.3
1902490 135.3
1902500 135.0
1902510 134.5
1902520 134.5
1902530 134.3
1902540 134.4
1902550 134.4
1902560 134.5
1902570 134.6
1902580 134.6
1902590 134.5
1902600 134.4
1902610 134.4
1902620 134.4
1902630 134.3
1902640 134.3
1902650 134.3
1902660 134.2
1902670 134.2
1902680 134.2
1902690 134.2
1902700 134.2
1902710 134.2
1902720 134.1
1902730 134.1
1902740 134.1
1902750 134.1
1902760 134.1
1902770 134.1
1902780 134.1
1902790 134.1
1902800 134.1
1902810 134.0
1902820 134.0
1902830 133.9
1902840 134.0
1902850 134.0
1902860 134.4
1902870 134.9
1902880 134.9
1902890 135.4
1902900 135.6
1902910 135.6
1902920 135.5
1902930 135.5
1902940 135.5
1902950 135.5
1902960 135.4
1902970 135.4
1902980 135.4
1902990 135.5
1903000 135.5
1903010 135.5
1903020 135.5
1903030 135.5
1903040 135.4
1903050 135.4
1903060 135.4
1903070 135.3
1903080 135.3
1903090 135.3
