1900000 138.0
1900010 138.1
1900020 137.9
1900030 137.9
1900040 137.9
1900050 137.8
1900060 137.8
1900070 137.6
1900080 136.9
1900090 136.9
1900100 135.8
1900110 135.6
1900120 135.6
1900130 135.5
1900140 135.4
1900150 135.4
1900160 135.7
1900170 135.8
1900180 135.8
1900190 135.6
1900200 135.4
1900210 135.4
1900220 136.3
1900230 136.7
1900240 136.7
1900250 136.8
1900260 136.9
1900270 136.9
1900280 136.6
1900290 136.6
1900300 136.6
1900310 136.6
1900320 136.6
1900330 136.6
1900340 136.6
1900350 136.6
1900360 136.6
1900370 136.6
1900380 136.6
1900390 136.6
1900400 136.6
1900410 136.6
1900420 136.6
1900430 136.5
1900440 136.6
1900450 136.6
1900460 136.4
1900470 136.2
1900480 136.2
1900490 136.3
1900500 136.3
1900510 136.3
1900520 136.3
1900530 136.3
1900540 136.2
1900550 136.3
1900560 136.2
1900570 136.2
1900580 136.3
1900590 136.6
1900600 136.6
1900610 136.4
1900620 136.3
1900630 136.3
1900640 136.3
1900650 136.2
1900660 136.2
1900670 136.2
1900680 136.2
1900690 136.2
1900700 136.2
1900710 136.1
1900720 136.1
1900730 136.1
1900740 136.1
1900750 136.1
1900760 136.3
1900770 136.4
1900780 136.4
1900790 136.3
1900800 136.3
1900810 136.3
1900820 136.4
1900830 136.3
1900840 136.3
1900850 136.2
1900860 136.1
1900870 136.1
1900880 136.0
1900890 135.9
1900900 135.9
1900910 135.8
1900920 135.8
1900930 135.8
1900940 135.7
1900950 135.6
1900960 135.6
1900970 135.5
1900980 135.7
1900990 135.7
1901000 135.7
1901010 135.6
1901020 135.6
1901030 135.7
1901040 135.7
1901050 135.7
1901060 136.3
1901070 137.0
1901080 137.0
1901090 135.8
1901100 135.3
1901110 135.3
1901120 135.3
1901130 135.3
1901140 135.3
1901150 135.3
1901160 135.2
1901170 135.2
1901180 135.2
1901190 135.2
1901200 135.2
1901210 135.1
1901220 135.0
1901230 135.0
1901240 135.0
1901250 135.0
1901260 135.2
1901270 135.2
1901280 135.3
1901290 135.0
1901300 135.0
1901310 134.8
1901320 134.7
1901330 134.7
1901340 134.7
1901350 134.7
1901360 134.7
1901370 134.7
1901380 134.7
1901390 134.7
1901400 134.8
1901410 134.9
1901420 134.9
1901430 134.9
1901440 134.9
1901450 134.9
1901460 134.9
1901470 135.0
1901480 135.0
1901490 135.1
1901500 135.1
1901510 135.1
1901520 135.2
1901530 135.2
1901540 135.2
1901550 135.3
1901560 135.3
1901570 135.3
1901580 135.4
1901590 135.5
1901600 135.5
1901610 135.6
1901620 135.6
1901630 135.6
1901640 135.7
1901650 135.6
1901660 135.6
1901670 135.4
1901680 134.9
1901690 134.9
1901700 134.4
1901710 134.6
1901720 134.6
1901730 135.1
1901740 135.6
1901750 135.6
1901760 135.9
1901770 136.0
1901780 135.9
1901790 136.0
1901800 135.9
1901810 135.9
1901820 135.9
1901830 135.8
1901840 135.8
1901850 135.8
1901860 135.7
1901870 135.7
1901880 135.6
1901890 135.5
1901900 135.5
1901910 135.4
1901920 135.2
1901930 135.2
1901940 135.0
1901950 134.9
1901960 134.9
1901970 134.9
1901980 134.8
1901990 134.8
1902000 134.7
1902010 134.6
1902020 134.6
1902030 134.6
1902040 134.4
1902050 134.4
1902060 134.4
1902070 134.4
1902080 134.4
1902090 134.4
1902100 134.4
1902110 134.4
1902120 134.5
1902130 134.5
1902140 134.5
1902150 134.5
1902160 134.5
1902170 134.5
1902180 134.7
1902190 134.9
1902200 134.9
1902210 135.0
1902220 135.5
1902230 135.5
1902240 135.7
1902250 135.6
1902260 135.6
1902270 135.5
1902280 135.4
1902290 135.4
1902300 135.5
1902310 135.5
1902320 135.5
1902330 135.5
1902340 135.4
1902350 135.4
1902360 135.3
1902370 135.4
1902380 135.4
1902390 135.6
1902400 135.2
1902410 135.2
1902420 135.2
1902430 135.2
1902440 135.2
1902450 135.1
1902460 135.2
1902470 135.2
1902480 135.4
1902490 135.5
1902500 135.5
1902510 135.3
1902520 135.1
1902530 135.1
1902540 135.0
1902550 134.9
1902560 134.9
1902570 134.9
1902580 134.8
1902590 134.8
1902600 134.7
1902610 134.8
1902620 134.8
1902630 135.0
1902640 135.0
1902650 135.0
1902660 135.1
1902670 135.2
1902680 135.2
1902690 135.2
1902700 135.1
1902710 134.3
1902720 134.5
1902730 134.5
1902740 134.5
1902750 134.4
1902760 134.5
1902770 134.5
1902780 134.5
1902790 134.9
1902800 134.9
1902810 135.6
1902820 135.4
1902830 135.4
1902840 135.1
1902850 135.0
1902860 135.0
1902870 134.8
1902880 134.6
1902890 134.6
1902900 134.6
1902910 134.5
1902920 134.5
1902930 134.7
1902940 134.9
1902950 134.9
1902960 135.1
1902970 135.3
1902980 135.3
1902990 135.3
1903000 135.4
1903010 135.4
1903020 135.2
1903030 135.4
1903040 135.4
1903050 135.6
1903060 135.6
1903070 135.6
1903080 135.5
