1900000 136.0
1900010 136.0
1900020 136.0
1900030 136.1
1900040 136.1
1900050 136.0
1900060 136.2
1900070 136.2
1900080 136.2
1900090 136.0
1900100 136.0
1900110 136.0
1900120 136.1
1900130 136.1
1900140 136.1
1900150 135.6
1900160 135.6
1900170 135.4
1900180 135.5
1900190 135.5
1900200 135.5
1900210 135.7
1900220 135.7
1900230 135.7
1900240 136.2
1900250 136.2
1900260 136.2
1900270 136.0
1900280 136.0
1900290 135.7
1900300 135.7
1900310 135.7
1900320 135.8
1900330 135.8
1900340 135.8
1900350 135.8
1900360 136.0
1900370 136.0
1900380 136.0
1900390 136.1
1900400 136.1
1900410 136.1
1900420 136.0
1900430 136.0
1900440 136.0
1900450 136.0
1900460 136.0
1900470 136.1
1900480 136.1
1900490 136.1
1900500 136.1
1900510 136.1
1900520 136.1
1900530 136.1
1900540 136.1
1900550 135.9
1900560 136.0
1900570 135.9
1900580 135.9
1900590 135.9
1900600 135.8
1900610 135.8
1900620 135.8
1900630 135.8
1900640 135.8
1900650 135.8
1900660 135.8
1900670 135.8
1900680 135.7
1900690 135.7
1900700 135.7
1900710 135.6
1900720 135.6
1900730 135.6
1900740 135.5
1900750 135.4
1900760 135.4
1900770 135.5
1900780 135.6
1900790 135.6
1900800 135.6
1900810 135.6
1900820 135.6
1900830 135.8
1900840 136.0
1900850 136.0
1900860 136.0
1900870 136.1
1900880 136.1
1900890 136.2
1900900 136.2
1900910 136.2
1900920 136.4
1900930 136.4
1900940 136.4
1900950 136.3
1900960 136.3
1900970 136.3
1900980 136.4
1900990 136.6
1901000 136.6
1901010 136.7
1901020 136.7
1901030 136.7
1901040 136.5
1901050 136.6
1901060 136.6
1901070 136.7
1901080 136.7
1901090 136.7
1901100 136.6
1901110 136.5
1901120 136.5
1901130 136.5
1901140 136.4
1901150 136.4
1901160 136.5
1901170 136.3
1901180 136.3
1901190 136.3
1901200 136.3
1901210 136.3
1901220 136.3
1901230 136.3
1901240 136.3
1901250 136.3
1901260 136.2
1901270 136.2
1901280 136.2
1901290 136.2
1901300 136.2
1901310 136.1
1901320 136.1
1901330 136.1
1901340 136.1
1901350 136.0
1901360 136.0
1901370 136.0
1901380 136.1
1901390 136.1
1901400 137.0
1901410 136.2
1901420 136.2
1901430 135.8
1901440 135.9
1901450 135.9
1901460 136.0
1901470 136.0
1901480 136.1
1901490 136.2
1901500 136.2
1901510 136.2
1901520 136.2
1901530 136.1
1901540 136.1
1901550 136.1
1901560 136.1
1901570 136.1
1901580 136.0
1901590 136.1
1901600 136.1
1901610 137.2
1901620 137.1
1901630 137.1
1901640 138.0
1901650 139.1
1901660 139.1
1901670 139.4
1901680 139.0
1901690 139.0
1901700 138.5
1901710 138.6
1901720 138.6
1901730 137.9
1901740 137.5
1901750 137.5
1901760 136.8
1901770 136.0
1901780 136.0
1901790 135.5
1901800 135.5
1901810 135.5
1901820 135.4
1901830 135.5
1901840 135.5
1901850 135.5
1901860 135.6
1901870 135.6
1901880 135.6
1901890 135.7
1901900 135.7
1901910 135.8
1901920 135.7
1901930 135.7
1901940 135.7
1901950 135.7
1901960 135.7
1901970 135.7
1901980 135.6
1901990 135.6
1902000 135.6
1902010 135.6
1902020 135.6
1902030 135.6
1902040 135.7
1902050 135.7
1902060 135.8
1902070 135.8
1902080 135.8
1902090 135.8
1902100 135.8
1902110 135.8
1902120 135.8
1902130 135.7
1902140 135.7
1902150 135.7
1902160 135.8
1902170 135.8
1902180 135.8
1902190 135.8
1902200 135.8
1902210 135.8
1902220 136.0
1902230 135.9
1902240 135.9
1902250 135.9
1902260 135.7
1902270 135.7
1902280 135.6
1902290 135.5
1902300 135.5
1902310 135.4
1902320 135.4
1902330 135.4
1902340 135.3
1902350 135.3
1902360 135.3
1902370 135.4
1902380 135.6
1902390 135.6
1902400 135.7
1902410 135.6
1902420 135.6
1902430 135.6
1902440 135.6
1902450 135.6
1902460 135.6
1902470 135.6
1902480 135.6
1902490 135.6
1902500 135.4
1902510 135.4
1902520 135.0
1902530 134.8
1902540 134.8
1902550 134.6
1902560 134.6
1902570 134.6
1902580 134.7
1902590 134.8
1902600 134.8
1902610 134.8
1902620 134.9
1902630 134.9
1902640 134.8
1902650 134.7
1902660 134.7
1902670 134.5
1902680 134.4
1902690 134.4
1902700 134.4
1902710 134.4
1902720 134.4
1902730 134.4
1902740 134.4
1902750 134.4
1902760 134.4
1902770 134.4
1902780 134.4
1902790 134.3
1902800 134.3
1902810 134.3
1902820 134.2
1902830 134.2
1902840 134.2
1902850 134.2
1902860 134.1
1902870 134.1
1902880 133.9
1902890 133.8
1902900 133.8
1902910 134.1
1902920 134.7
1902930 134.7
1902940 135.3
1902950 135.5
1902960 135.5
1902970 135.6
1902980 135.6
1902990 135.6
1903000 135.6
1903010 135.5
1903020 135.5
1903030 135.5
1903040 135.4
1903050 135.4
1903060 135.4
1903070 135.3
1903080 135.3
