1900000 135.8
1900010 135.8
1900020 135.8
1900030 136.2
1900040 136.3
1900050 136.3
1900060 136.3
1900070 136.2
1900080 136.2
1900090 136.3
1900100 136.3
1900110 136.3
1900120 136.3
1900130 136.2
1900140 136.2
1900150 136.3
1900160 136.3
1900170 136.3
1900180 136.2
1900190 136.1
1900200 136.1
1900210 136.1
1900220 136.1
1900230 136.1
1900240 136.0
1900250 135.9
1900260 135.9
1900270 135.8
1900280 135.7
1900290 135.7
1900300 135.9
1900310 135.9
1900320 135.9
1900330 135.9
1900340 135.8
1900350 135.8
1900360 135.7
1900370 135.5
1900380 135.5
1900390 135.5
1900400 135.6
1900410 135.6
1900420 135.7
1900430 135.8
1900440 135.8
1900450 135.7
1900460 135.9
1900470 135.9
1900480 136.0
1900490 136.0
1900500 136.0
1900510 135.9
1900520 136.0
1900530 136.0
1900540 136.1
1900550 136.1
1900560 136.1
1900570 136.3
1900580 136.4
1900590 136.4
1900600 136.3
1900610 136.5
1900620 136.5
1900630 136.5
1900640 136.5
1900650 136.6
1900660 136.6
1900670 136.5
1900680 136.5
1900690 136.3
1900700 136.1
1900710 136.1
1900720 136.1
1900730 136.1
1900740 136.1
1900750 136.1
1900760 136.1
1900770 136.1
1900780 136.2
1900790 136.2
1900800 136.2
1900810 136.2
1900820 136.2
1900830 136.2
1900840 136.1
1900850 136.1
1900860 136.1
1900870 136.1
1900880 136.1
1900890 136.1
1900900 136.2
1900910 136.2
1900920 136.2
1900930 136.2
1900940 136.2
1900950 136.2
1900960 136.3
1900970 136.3
1900980 136.3
1900990 136.3
1901000 136.3
1901010 136.3
1901020 136.3
1901030 136.3
1901040 136.3
1901050 136.3
1901060 136.3
1901070 136.2
1901080 136.2
1901090 136.2
1901100 136.2
1901110 136.2
1901120 136.1
1901130 136.1
1901140 136.1
1901150 136.1
1901160 136.0
1901170 136.0
1901180 136.0
1901190 135.9
1901200 135.9
1901210 136.7
1901220 136.7
1901230 136.7
1901240 136.2
1901250 136.0
1901260 136.0
1901270 136.0
1901280 136.0
1901290 136.0
1901300 135.9
1901310 135.8
1901320 135.8
1901330 135.8
1901340 135.8
1901350 135.8
1901360 135.8
1901370 135.8
1901380 135.8
1901390 135.8
1901400 135.9
1901410 135.9
1901420 135.9
1901430 135.9
1901440 135.9
1901450 135.9
1901460 135.9
1901470 135.9
1901480 135.9
1901490 135.8
1901500 135.8
1901510 135.8
1901520 135.8
1901530 135.8
1901540 135.7
1901550 135.7
1901560 135.7
1901570 135.7
1901580 135.7
1901590 135.7
1901600 135.7
1901610 135.7
1901620 135.7
1901630 135.7
1901640 135.7
1901650 135.7
1901660 135.6
1901670 135.6
1901680 135.6
1901690 135.6
1901700 135.4
1901710 135.4
1901720 134.7
1901730 134.9
1901740 134.9
1901750 135.4
1901760 135.7
1901770 135.7
1901780 135.8
1901790 135.8
1901800 135.8
1901810 135.7
1901820 135.7
1901830 135.7
1901840 135.6
1901850 135.6
1901860 135.6
1901870 135.5
1901880 135.4
1901890 135.4
1901900 135.4
1901910 135.5
1901920 135.5
1901930 135.5
1901940 135.3
1901950 135.3
1901960 135.2
1901970 135.2
1901980 135.2
1901990 135.2
1902000 135.4
1902010 135.4
1902020 135.6
1902030 135.6
1902040 135.6
1902050 135.6
1902060 135.6
1902070 135.6
1902080 135.6
1902090 135.6
1902100 135.6
1902110 135.5
1902120 135.5
1902130 135.5
1902140 135.7
1902150 135.8
1902160 135.8
1902170 135.8
1902180 135.5
1902190 135.5
1902200 134.4
1902210 133.9
1902220 133.9
1902230 133.5
1902240 133.4
1902250 133.4
1902260 133.6
1902270 133.8
1902280 133.8
1902290 134.4
1902300 135.2
1902310 135.2
1902320 135.5
1902330 135.5
1902340 135.5
1902350 135.6
1902360 135.5
1902370 135.5
1902380 135.4
1902390 135.4
1902400 135.4
1902410 135.4
1902420 135.3
1902430 135.3
1902440 135.4
1902450 135.4
1902460 135.4
1902470 135.3
1902480 135.3
1902490 135.3
1902500 135.1
1902510 134.7
1902520 134.7
1902530 134.8
1902540 134.6
1902550 134.6
1902560 134.7
1902570 134.7
1902580 134.7
1902590 134.7
1902600 134.7
1902610 134.7
1902620 134.7
1902630 134.6
1902640 134.6
1902650 134.6
1902660 134.7
1902670 134.7
1902680 134.6
1902690 134.6
1902700 134.6
1902710 134.6
1902720 134.6
1902730 134.6
1902740 134.6
1902750 134.8
1902760 134.8
1902770 135.2
1902780 135.5
1902790 135.5
1902800 135.5
1902810 135.4
1902820 135.3
1902830 135.4
1902840 135.1
1902850 135.1
1902860 134.6
1902870 134.2
1902880 134.2
1902890 134.0
1902900 134.1
1902910 134.1
1902920 134.2
1902930 134.4
1902940 134.4
1902950 134.4
1902960 134.5
1902970 134.5
1902980 134.6
1902990 134.6
1903000 134.6
1903010 134.7
1903020 134.7
1903030 134.7
1903040 134.7
1903050 134.8
1903060 134.8
1903070 134.8
1903080 134.9
1903090 134.9
