1900000 137.7
1900010 137.5
1900020 137.5
1900030 137.4
1900040 137.3
1900050 137.3
1900060 137.2
1900070 137.0
1900080 137.0
1900090 136.9
1900100 136.5
1900110 136.5
1900120 136.2
1900130 134.9
1900140 134.9
1900150 133.9
1900160 133.2
1900170 133.2
1900180 134.7
1900190 134.9
1900200 134.9
1900210 134.8
1900220 134.8
1900230 135.0
1900240 134.9
1900250 134.8
1900260 134.8
1900270 134.8
1900280 134.8
1900290 134.8
1900300 135.1
1900310 135.5
1900320 135.5
1900330 135.6
1900340 135.4
1900350 135.4
1900360 135.1
1900370 135.2
1900380 135.2
1900390 134.7
1900400 135.4
1900410 135.4
1900420 136.2
1900430 136.2
1900440 136.2
1900450 136.3
1900460 135.8
1900470 135.8
1900480 136.0
1900490 136.0
1900500 136.0
1900510 136.0
1900520 136.1
1900530 136.1
1900540 135.9
1900550 135.9
1900560 135.9
1900570 136.0
1900580 136.0
1900590 136.0
1900600 136.0
1900610 136.1
1900620 136.1
1900630 136.1
1900640 136.1
1900650 136.1
1900660 135.9
1900670 135.8
1900680 135.8
1900690 136.0
1900700 136.1
1900710 136.1
1900720 136.3
1900730 136.1
1900740 136.1
1900750 135.9
1900760 135.8
1900770 135.8
1900780 135.9
1900790 136.0
1900800 136.0
1900810 136.0
1900820 136.1
1900830 136.1
1900840 136.1
1900850 135.9
1900860 135.9
1900870 136.0
1900880 136.1
1900890 136.1
1900900 135.8
1900910 135.7
1900920 135.7
1900930 135.7
1900940 135.8
1900950 135.8
1900960 135.8
1900970 135.8
1900980 135.8
1900990 135.8
1901000 135.7
1901010 135.5
1901020 135.5
1901030 135.6
1901040 135.7
1901050 135.7
1901060 135.6
1901070 135.4
1901080 135.4
1901090 136.5
1901100 136.9
1901110 136.9
1901120 135.5
1901130 135.3
1901140 135.3
1901150 135.2
1901160 135.2
1901170 135.2
1901180 135.1
1901190 135.1
1901200 135.1
1901210 135.1
1901220 135.1
1901230 135.1
1901240 135.1
1901250 135.0
1901260 135.0
1901270 135.0
1901280 135.0
1901290 135.0
1901300 135.0
1901310 135.0
1901320 135.0
1901330 135.0
1901340 135.0
1901350 135.0
1901360 135.2
1901370 135.4
1901380 135.4
1901390 135.1
1901400 134.8
1901410 134.8
1901420 134.8
1901430 134.7
1901440 134.7
1901450 134.8
1901460 135.0
1901470 135.0
1901480 135.0
1901490 135.1
1901500 135.1
1901510 135.1
1901520 135.1
1901530 135.1
1901540 135.2
1901550 135.3
1901560 135.3
1901570 135.3
1901580 135.4
1901590 135.4
1901600 135.5
1901610 135.5
1901620 135.5
1901630 135.5
1901640 135.5
1901650 135.5
1901660 135.4
1901670 135.5
1901680 135.5
1901690 135.6
1901700 135.4
1901710 135.4
1901720 134.9
1901730 134.4
1901740 134.4
1901750 134.1
1901760 134.5
1901770 134.5
1901780 134.8
1901790 135.6
1901800 135.6
1901810 135.8
1901820 135.9
1901830 135.9
1901840 135.8
1901850 135.7
1901860 135.7
1901870 135.7
1901880 135.6
1901890 135.6
1901900 135.7
1901910 135.7
1901920 135.7
1901930 135.6
1901940 135.6
1901950 135.6
1901960 135.6
1901970 135.5
1901980 135.5
1901990 135.5
1902000 135.4
1902010 135.4
1902020 135.4
1902030 135.4
1902040 135.4
1902050 135.3
1902060 135.3
1902070 135.3
1902080 135.4
1902090 135.3
1902100 135.3
1902110 135.4
1902120 135.5
1902130 135.5
1902140 135.5
1902150 135.4
1902160 135.4
1902170 135.5
1902180 135.5
1902190 135.5
1902200 135.4
1902210 135.4
1902220 135.4
1902230 135.4
1902240 135.5
1902250 135.5
1902260 135.5
1902270 135.3
1902280 135.3
1902290 134.6
1902300 133.7
1902310 133.7
1902320 133.5
1902330 134.1
1902340 134.1
1902350 135.7
1902360 136.0
1902370 136.0
1902380 135.9
1902390 135.6
1902400 135.9
1902410 135.7
1902420 135.7
1902430 135.7
1902440 135.7
1902450 135.6
1902460 135.6
1902470 135.6
1902480 135.5
1902490 135.5
1902500 135.5
1902510 135.6
1902520 135.6
1902530 135.6
1902540 135.5
1902550 135.5
1902560 135.6
1902570 135.6
1902580 135.6
1902590 135.5
1902600 135.6
1902610 135.6
1902620 135.6
1902630 135.6
1902640 135.6
1902650 135.6
1902660 135.6
1902670 135.6
1902680 135.6
1902690 135.5
1902700 135.5
1902710 135.5
1902720 135.5
1902730 135.5
1902740 135.6
1902750 135.5
1902760 135.5
1902770 135.5
1902780 135.4
1902790 135.4
1902800 135.4
1902810 135.4
1902820 135.4
1902830 135.3
1902840 135.3
1902850 135.3
1902860 135.2
1902870 135.2
1902880 135.2
1902890 135.5
1902900 135.3
1902910 135.3
1902920 135.3
1902930 135.4
1902940 135.4
1902950 135.5
1902960 135.7
1902970 135.7
1902980 135.6
1902990 135.4
1903000 135.4
1903010 135.3
1903020 135.3
1903030 135.3
1903040 134.8
1903050 134.0
1903060 134.0
1903070 133.5
1903080 133.4
1903090 133.4
