1900000 137.8
1900010 137.9
1900020 138.1
1900030 138.1
1900040 138.1
1900050 137.8
1900060 137.8
1900070 137.5
1900080 137.3
1900090 137.3
1900100 136.4
1900110 135.7
1900120 135.7
1900130 135.4
1900140 135.7
1900150 135.7
1900160 136.1
1900170 136.2
1900180 136.2
1900190 135.9
1900200 135.9
1900210 135.9
1900220 136.1
1900230 136.7
1900240 136.7
1900250 136.6
1900260 136.5
1900270 136.5
1900280 136.6
1900290 136.6
1900300 136.6
1900310 136.7
1900320 136.7
1900330 136.7
1900340 136.6
1900350 136.6
1900360 136.6
1900370 136.7
1900380 136.8
1900390 136.8
1900400 136.7
1900410 136.6
1900420 136.6
1900430 136.4
1900440 136.3
1900450 136.3
1900460 136.4
1900470 136.4
1900480 136.4
1900490 136.2
1900500 136.2
1900510 136.2
1900520 136.1
1900530 136.1
1900540 136.1
1900550 136.1
1900560 136.1
1900570 136.1
1900580 136.2
1900590 136.2
1900600 136.2
1900610 136.2
1900620 136.2
1900630 136.2
1900640 136.2
1900650 136.2
1900660 136.1
1900670 136.1
1900680 136.1
1900690 136.1
1900700 136.1
1900710 136.2
1900720 136.2
1900730 136.2
1900740 136.3
1900750 136.2
1900760 136.2
1900770 136.1
1900780 136.1
1900790 136.1
1900800 136.2
1900810 136.1
1900820 136.1
1900830 136.2
1900840 136.3
1900850 136.2
1900860 136.3
1900870 136.2
1900880 136.2
1900890 136.0
1900900 136.0
1900910 136.0
1900920 136.1
1900930 135.9
1900940 135.9
1900950 135.7
1900960 135.7
1900970 135.7
1900980 135.8
1900990 135.6
1901000 135.6
1901010 135.5
1901020 135.5
1901030 135.5
1901040 135.8
1901050 137.1
1901060 137.1
1901070 136.1
1901080 135.4
1901090 135.4
1901100 135.4
1901110 135.4
1901120 135.4
1901130 135.4
1901140 135.3
1901150 135.3
1901160 135.3
1901170 135.3
1901180 135.3
1901190 135.2
1901200 135.1
1901210 135.1
1901220 135.0
1901230 135.1
1901240 135.1
1901250 135.3
1901260 134.9
1901270 134.9
1901280 134.6
1901290 134.7
1901300 134.7
1901310 134.7
1901320 134.8
1901330 134.8
1901340 134.8
1901350 134.8
1901360 134.8
1901370 134.8
1901380 134.8
1901390 134.8
1901400 134.9
1901410 134.8
1901420 134.8
1901430 135.0
1901440 135.0
1901450 135.0
1901460 135.0
1901470 135.0
1901480 135.0
1901490 135.1
1901500 135.2
1901510 135.2
1901520 135.2
1901530 135.4
1901540 135.4
1901550 135.4
1901560 135.4
1901570 135.4
1901580 135.5
1901590 135.6
1901600 135.6
1901610 135.6
1901620 135.7
1901630 135.7
1901640 135.7
1901650 135.6
1901660 135.6
1901670 135.2
1901680 134.6
1901690 134.6
1901700 134.4
1901710 134.9
1901720 134.9
1901730 135.5
1901740 135.9
1901750 135.9
1901760 135.9
1901770 136.0
1901780 136.0
1901790 136.0
1901800 135.9
1901810 135.9
1901820 135.9
1901830 135.8
1901840 135.8
1901850 135.8
1901860 135.7
1901870 135.7
1901880 135.6
1901890 135.5
1901900 135.5
1901910 135.5
1901920 135.5
1901930 135.5
1901940 135.3
1901950 135.2
1901960 135.2
1901970 135.0
1901980 135.1
1901990 135.1
1902000 134.9
1902010 134.8
1902020 134.8
1902030 134.8
1902040 134.8
1902050 134.8
1902060 134.7
1902070 134.7
1902080 134.7
1902090 134.5
1902100 134.6
1902110 134.6
1902120 134.6
1902130 134.7
1902140 134.7
1902150 134.9
1902160 135.0
1902170 135.0
1902180 135.3
1902190 135.7
1902200 135.7
1902210 135.6
1902220 135.4
1902230 135.4
1902240 135.3
1902250 135.3
1902260 135.3
1902270 135.3
1902280 135.3
1902290 135.3
1902300 135.3
1902310 135.4
1902320 135.4
1902330 135.4
1902340 135.4
1902350 135.4
1902360 135.4
1902370 135.4
1902380 135.4
1902390 135.4
1902400 135.7
1902410 135.7
1902420 135.7
1902430 135.7
1902440 135.7
1902450 135.7
1902460 135.7
1902470 135.7
1902480 135.6
1902490 135.5
1902500 135.5
1902510 135.5
1902520 135.5
1902530 135.5
1902540 135.4
1902550 135.4
1902560 135.4
1902570 135.3
1902580 135.3
1902590 135.3
1902600 135.2
1902610 135.2
1902620 135.2
1902630 135.2
1902640 135.3
1902650 135.3
1902660 135.5
1902670 135.4
1902680 135.4
1902690 135.5
1902700 135.5
1902710 135.5
1902720 135.5
1902730 135.7
1902740 135.7
1902750 135.6
1902760 135.7
1902770 135.8
1902780 135.8
1902790 135.8
1902800 135.7
1902810 135.7
1902820 135.7
1902830 135.5
1902840 135.5
1902850 135.5
1902860 135.5
1902870 135.5
1902880 135.5
1902890 135.4
1902900 135.4
1902910 135.4
1902920 135.4
1902930 135.4
1902940 135.4
1902950 135.4
1902960 135.4
1902970 135.4
1902980 135.4
1902990 135.4
1903000 135.4
1903010 135.4
1903020 135.5
1903030 135.4
1903040 135.4
1903050 135.4
1903060 135.3
1903070 135.2
1903080 135.2
