1900000 136.1
1900010 136.2
1900020 136.2
1900030 136.3
1900040 136.4
1900050 136.4
1900060 136.3
1900070 136.3
1900080 136.3
1900090 136.3
1900100 136.2
1900110 136.2
1900120 136.1
1900130 136.2
1900140 136.2
1900150 136.2
1900160 136.2
1900170 136.2
1900180 136.3
1900190 136.3
1900200 136.3
1900210 136.2
1900220 136.0
1900230 136.0
1900240 136.0
1900250 136.0
1900260 136.0
1900270 136.0
1900280 136.0
1900290 136.0
1900300 135.9
1900310 135.9
1900320 135.9
1900330 135.8
1900340 135.9
1900350 135.9
1900360 135.9
1900370 136.0
1900380 136.0
1900390 136.1
1900400 135.9
1900410 135.9
1900420 135.8
1900430 135.8
1900440 135.8
1900450 135.8
1900460 135.9
1900470 135.9
1900480 135.9
1900490 135.8
1900500 135.8
1900510 135.8
1900520 135.8
1900530 135.8
1900540 135.9
1900550 135.9
1900560 135.9
1900570 135.9
1900580 136.1
1900590 136.1
1900600 136.2
1900610 136.2
1900620 136.2
1900630 136.2
1900640 136.3
1900650 136.3
1900660 136.4
1900670 136.5
1900680 136.5
1900690 136.2
1900700 136.3
1900710 136.3
1900720 136.5
1900730 136.5
1900740 136.5
1900750 136.3
1900760 136.3
1900770 136.3
1900780 136.3
1900790 136.3
1900800 136.3
1900810 136.3
1900820 136.3
1900830 136.3
1900840 136.3
1900850 136.3
1900860 136.3
1900870 136.3
1900880 136.3
1900890 136.3
1900900 136.3
1900910 136.3
1900920 136.3
1900930 136.3
1900940 136.4
1900950 136.4
1900960 136.4
1900970 136.4
1900980 136.4
1900990 136.5
1901000 136.5
1901010 136.5
1901020 136.5
1901030 136.5
1901040 136.5
1901050 136.5
1901060 136.4
1901070 136.4
1901080 136.3
1901090 136.2
1901100 136.2
1901110 136.2
1901120 136.2
1901130 136.2
1901140 136.1
1901150 136.1
1901160 136.1
1901170 136.0
1901180 136.0
1901190 136.0
1901200 136.0
1901210 136.0
1901220 136.0
1901230 136.4
1901240 137.2
1901250 137.2
1901260 136.1
1901270 135.9
1901280 135.9
1901290 135.9
1901300 136.0
1901310 136.0
1901320 136.0
1901330 136.0
1901340 136.0
1901350 136.0
1901360 136.0
1901370 136.0
1901380 135.9
1901390 135.9
1901400 135.9
1901410 135.9
1901420 135.9
1901430 135.9
1901440 135.9
1901450 135.9
1901460 135.9
1901470 135.9
1901480 135.8
1901490 135.8
1901500 135.8
1901510 135.9
1901520 135.9
1901530 135.8
1901540 135.8
1901550 135.8
1901560 135.8
1901570 135.9
1901580 135.9
1901590 135.9
1901600 135.8
1901610 135.8
1901620 135.8
1901630 135.8
1901640 135.8
1901650 135.7
1901660 135.7
1901670 135.7
1901680 135.6
1901690 134.9
1901700 134.9
1901710 134.1
1901720 133.8
1901730 133.8
1901740 133.8
1901750 134.4
1901760 134.4
1901770 135.1
1901780 135.4
1901790 135.4
1901800 135.7
1901810 135.7
1901820 135.7
1901830 135.7
1901840 135.7
1901850 135.7
1901860 135.6
1901870 135.7
1901880 135.7
1901890 135.7
1901900 135.7
1901910 135.7
1901920 135.7
1901930 135.7
1901940 135.7
1901950 135.7
1901960 135.7
1901970 135.7
1901980 135.7
1901990 135.6
1902000 135.6
1902010 135.6
1902020 135.5
1902030 135.5
1902040 135.5
1902050 135.4
1902060 135.4
1902070 135.3
1902080 135.0
1902090 135.0
1902100 134.7
1902110 134.4
1902120 134.4
1902130 133.9
1902140 133.5
1902150 133.5
1902160 133.3
1902170 133.2
1902180 133.2
1902190 133.2
1902200 133.6
1902210 134.4
1902220 134.4
1902230 135.0
1902240 135.5
1902250 135.5
1902260 135.3
1902270 134.8
1902280 134.8
1902290 134.6
1902300 134.7
1902310 134.7
1902320 134.8
1902330 134.7
1902340 134.7
1902350 134.6
1902360 134.7
1902370 134.7
1902380 134.8
1902390 135.0
1902400 135.0
1902410 135.0
1902420 135.1
1902430 135.1
1902440 135.1
1902450 135.2
1902460 135.2
1902470 135.1
1902480 135.2
1902490 135.2
1902500 134.9
1902510 134.6
1902520 134.6
1902530 134.4
1902540 134.5
1902550 134.5
1902560 134.6
1902570 134.5
1902580 134.5
1902590 134.4
1902600 134.4
1902610 134.4
1902620 134.4
1902630 134.4
1902640 134.4
1902650 134.4
1902660 134.5
1902670 134.5
1902680 134.6
1902690 134.6
1902700 134.6
1902710 134.6
1902720 134.5
1902730 134.5
1902740 134.4
1902750 134.1
1902760 134.1
1902770 133.6
1902780 133.1
1902790 133.1
1902800 132.9
1902810 132.8
1902820 133.1
1902830 133.2
1902840 133.4
1902850 133.4
1902860 133.8
1902870 134.2
1902880 134.2
1902890 134.7
1902900 135.0
1902910 135.0
1902920 134.8
1902930 134.6
1902940 134.6
1902950 134.3
1902960 134.3
1902970 134.3
1902980 134.3
1902990 134.3
1903000 134.3
1903010 134.4
1903020 134.4
1903030 134.4
1903040 134.5
1903050 134.5
1903060 134.5
1903070 134.6
1903080 134.6
1903090 134.6
