1900000 136.2
1900010 136.2
1900020 136.3
1900030 136.6
1900040 136.6
1900050 136.5
1900060 136.5
1900070 136.5
1900080 136.3
1900090 136.2
1900100 136.2
1900110 136.2
1900120 136.2
1900130 136.4
1900140 136.4
1900150 136.3
1900160 136.3
1900170 136.2
1900180 136.2
1900190 136.2
1900200 136.3
1900210 136.3
1900220 136.3
1900230 136.1
1900240 136.1
1900250 136.1
1900260 136.0
1900270 135.9
1900280 135.9
1900290 135.7
1900300 135.7
1900310 135.7
1900320 135.9
1900330 136.1
1900340 136.1
1900350 136.0
1900360 136.2
1900370 136.2
1900380 136.2
1900390 136.2
1900400 136.2
1900410 136.0
1900420 136.0
1900430 136.0
1900440 136.3
1900450 136.2
1900460 136.2
1900470 136.0
1900480 136.1
1900490 136.1
1900500 136.2
1900510 136.3
1900520 136.3
1900530 136.2
1900540 136.2
1900550 136.2
1900560 136.3
1900570 136.2
1900580 136.2
1900590 136.2
1900600 136.2
1900610 136.2
1900620 136.3
1900630 136.4
1900640 136.4
1900650 136.5
1900660 136.3
1900670 136.3
1900680 136.3
1900690 136.3
1900700 136.3
1900710 136.4
1900720 136.4
1900730 136.4
1900740 136.2
1900750 136.1
1900760 136.1
1900770 136.3
1900780 136.6
1900790 136.6
1900800 136.6
1900810 136.5
1900820 136.5
1900830 136.4
1900840 136.4
1900850 136.4
1900860 136.4
1900870 136.4
1900880 136.2
1900890 136.2
1900900 136.1
1900910 136.0
1900920 136.0
1900930 136.1
1900940 136.3
1900950 136.3
1900960 136.4
1900970 136.4
1900980 136.4
1900990 136.5
1901000 136.4
1901010 136.4
1901020 136.5
1901030 136.4
1901040 136.4
1901050 136.4
1901060 136.3
1901070 136.3
1901080 136.3
1901090 136.2
1901100 136.2
1901110 136.1
1901120 136.0
1901130 136.0
1901140 136.0
1901150 136.1
1901160 136.1
1901170 136.1
1901180 136.1
1901190 136.1
1901200 136.0
1901210 135.9
1901220 135.9
1901230 135.9
1901240 136.2
1901250 136.2
1901260 137.3
1901270 136.2
1901280 136.2
1901290 136.0
1901300 136.0
1901310 136.0
1901320 136.0
1901330 135.9
1901340 135.9
1901350 135.9
1901360 135.9
1901370 135.9
1901380 135.9
1901390 135.9
1901400 135.9
1901410 135.9
1901420 135.9
1901430 135.9
1901440 135.9
1901450 135.9
1901460 135.9
1901470 135.9
1901480 135.9
1901490 135.9
1901500 136.0
1901510 136.0
1901520 136.0
1901530 135.9
1901540 135.9
1901550 135.9
1901560 136.0
1901570 136.0
1901580 136.0
1901590 136.0
1901600 135.9
1901610 135.9
1901620 135.7
1901630 135.5
1901640 135.5
1901650 135.4
1901660 135.4
1901670 135.4
1901680 135.3
1901690 135.1
1901700 135.1
1901710 134.6
1901720 133.9
1901730 133.9
1901740 133.4
1901750 133.2
1901760 133.2
1901770 133.3
1901780 133.6
1901790 133.6
1901800 134.2
1901810 135.0
1901820 135.0
1901830 135.3
1901840 135.2
1901850 135.2
1901860 135.2
1901870 135.1
1901880 135.1
1901890 135.1
1901900 135.1
1901910 135.1
1901920 135.1
1901930 135.1
1901940 135.1
1901950 135.1
1901960 135.0
1901970 135.0
1901980 134.8
1901990 134.7
1902000 133.9
1902010 133.6
1902020 133.4
1902030 133.4
1902040 133.2
1902050 133.1
1902060 133.1
1902070 133.1
1902080 133.1
1902090 133.1
1902100 133.2
1902110 133.3
1902120 133.3
1902130 133.6
1902140 133.9
1902150 133.9
1902160 134.0
1902170 134.2
1902180 134.2
1902190 134.8
1902200 135.2
1902210 135.2
1902220 135.4
1902230 135.6
1902240 135.6
1902250 135.5
1902260 135.4
1902270 135.4
1902280 135.3
1902290 135.1
1902300 135.1
1902310 135.3
1902320 135.3
1902330 135.3
1902340 135.3
1902350 135.3
1902360 135.3
1902370 135.3
1902380 135.2
1902390 135.2
1902400 135.2
1902410 135.1
1902420 135.1
1902430 135.0
1902440 134.9
1902450 134.9
1902460 135.3
1902470 135.2
1902480 135.2
1902490 135.1
1902500 134.8
1902510 134.8
1902520 134.5
1902530 134.5
1902540 134.5
1902550 134.6
1902560 134.6
1902570 134.6
1902580 134.5
1902590 134.4
1902600 134.4
1902610 134.4
1902620 134.4
1902630 134.4
1902640 134.3
1902650 134.3
1902660 134.3
1902670 134.2
1902680 134.3
1902690 134.3
1902700 134.3
1902710 134.3
1902720 134.3
1902730 134.3
1902740 134.3
1902750 134.3
1902760 134.3
1902770 134.4
1902780 134.4
1902790 134.5
1902800 134.6
1902810 134.6
1902820 134.7
1902830 134.7
1902840 134.7
1902850 134.7
1902860 134.8
1902870 134.8
1902880 134.8
1902890 134.7
1902900 134.7
1902910 134.6
1902920 134.2
1902930 134.2
1902940 134.4
1902950 134.6
1902960 134.6
1902970 134.8
1902980 134.7
1902990 134.7
1903000 134.4
1903010 134.3
1903020 134.3
1903030 134.2
1903040 134.2
1903050 134.3
1903060 134.3
1903070 134.3
1903080 134.3
1903090 134.3
