1900000 138.2
1900010 138.4
1900020 138.1
1900030 138.1
1900040 137.8
1900050 137.5
1900060 137.5
1900070 137.2
1900080 136.4
1900090 136.4
1900100 135.2
1900110 135.0
1900120 135.0
1900130 135.5
1900140 135.7
1900150 135.7
1900160 135.4
1900170 135.3
1900180 135.3
1900190 135.4
1900200 135.5
1900210 135.5
1900220 136.2
1900230 136.7
1900240 136.7
1900250 136.5
1900260 136.4
1900270 136.4
1900280 136.5
1900290 136.5
1900300 136.5
1900310 136.6
1900320 136.6
1900330 136.6
1900340 136.5
1900350 136.5
1900360 136.5
1900370 136.5
1900380 136.5
1900390 136.5
1900400 136.6
1900410 136.6
1900420 136.6
1900430 136.5
1900440 136.5
1900450 136.5
1900460 136.6
1900470 136.5
1900480 136.5
1900490 136.4
1900500 136.3
1900510 136.3
1900520 136.2
1900530 136.3
1900540 136.2
1900550 136.3
1900560 136.3
1900570 136.3
1900580 136.3
1900590 136.2
1900600 136.2
1900610 136.2
1900620 136.2
1900630 136.2
1900640 136.1
1900650 136.1
1900660 136.1
1900670 136.2
1900680 136.2
1900690 136.2
1900700 136.2
1900710 136.2
1900720 136.2
1900730 136.2
1900740 136.3
1900750 136.3
1900760 136.4
1900770 136.4
1900780 136.4
1900790 136.4
1900800 136.3
1900810 136.3
1900820 136.2
1900830 136.2
1900840 136.2
1900850 136.0
1900860 135.9
1900870 135.9
1900880 135.6
1900890 135.6
1900900 135.6
1900910 135.6
1900920 135.5
1900930 135.5
1900940 135.5
1900950 135.7
1900960 135.7
1900970 135.8
1900980 135.7
1900990 135.7
1901000 135.8
1901010 135.7
1901020 135.7
1901030 135.5
1901040 135.4
1901050 135.4
1901060 135.5
1901070 136.8
1901080 136.8
1901090 136.5
1901100 135.3
1901110 135.3
1901120 135.3
1901130 135.3
1901140 135.3
1901150 135.2
1901160 135.1
1901170 135.1
1901180 135.1
1901190 135.1
1901200 135.1
1901210 135.1
1901220 135.2
1901230 135.2
1901240 135.1
1901250 135.1
1901260 135.1
1901270 135.1
1901280 135.0
1901290 135.0
1901300 135.1
1901310 135.2
1901320 135.2
1901330 134.9
1901340 134.8
1901350 134.8
1901360 134.8
1901370 134.7
1901380 134.7
1901390 134.8
1901400 134.9
1901410 134.9
1901420 134.8
1901430 134.8
1901440 134.8
1901450 134.8
1901460 134.9
1901470 134.9
1901480 135.0
1901490 135.1
1901500 135.1
1901510 135.1
1901520 135.1
1901530 135.1
1901540 135.2
1901550 135.3
1901560 135.3
1901570 135.3
1901580 135.4
1901590 135.4
1901600 135.5
1901610 135.5
1901620 135.5
1901630 135.6
1901640 135.6
1901650 135.6
1901660 135.6
1901670 135.6
1901680 135.6
1901690 135.3
1901700 134.7
1901710 134.7
1901720 134.3
1901730 134.6
1901740 134.6
1901750 135.2
1901760 135.7
1901770 135.7
1901780 135.9
1901790 135.9
1901800 135.9
1901810 136.0
1901820 135.9
1901830 135.9
1901840 135.8
1901850 135.8
1901860 135.8
1901870 135.8
1901880 135.7
1901890 135.6
1901900 135.6
1901910 135.5
1901920 135.3
1901930 135.3
1901940 135.3
1901950 135.2
1901960 135.2
1901970 135.0
1901980 134.9
1901990 134.9
1902000 134.9
1902010 134.8
1902020 134.8
1902030 134.7
1902040 134.7
1902050 134.7
1902060 134.6
1902070 134.6
1902080 134.6
1902090 134.9
1902100 134.9
1902110 134.9
1902120 134.8
1902130 134.7
1902140 134.7
1902150 134.8
1902160 134.9
1902170 134.9
1902180 134.9
1902190 134.9
1902200 134.9
1902210 135.1
1902220 135.3
1902230 135.3
1902240 135.6
1902250 135.8
1902260 135.8
1902270 136.1
1902280 136.1
1902290 136.1
1902300 135.6
1902310 135.0
1902320 135.0
1902330 134.5
1902340 134.2
1902350 134.2
1902360 134.2
1902370 134.2
1902380 134.2
1902390 134.2
1902400 133.9
1902410 133.9
1902420 133.9
1902430 134.0
1902440 134.0
1902450 134.2
1902460 134.2
1902470 134.2
1902480 134.1
1902490 134.2
1902500 134.2
1902510 134.3
1902520 134.2
1902530 134.2
1902540 134.2
1902550 134.2
1902560 134.2
1902570 134.1
1902580 134.1
1902590 134.1
1902600 134.2
1902610 134.2
1902620 134.2
1902630 134.2
1902640 134.2
1902650 134.2
1902660 134.1
1902670 134.0
1902680 134.0
1902690 133.9
1902700 134.0
1902710 134.4
1902720 134.2
1902730 134.2
1902740 134.2
1902750 134.1
1902760 134.0
1902770 134.0
1902780 134.0
1902790 134.7
1902800 134.7
1902810 135.2
1902820 134.6
1902830 134.6
1902840 134.8
1902850 134.4
1902860 134.4
1902870 134.2
1902880 133.9
1902890 133.9
1902900 133.9
1902910 133.8
1902920 133.8
1902930 133.7
1902940 133.7
1902950 133.7
1902960 133.7
1902970 133.7
1902980 133.7
1902990 133.8
1903000 134.0
1903010 134.0
1903020 133.9
1903030 134.1
1903040 134.1
1903050 134.5
1903060 135.1
1903070 135.1
1903080 135.4
