1900000 135.9
1900010 135.0
1900020 135.2
1900030 135.2
1900040 134.8
1900050 134.5
1900060 134.5
1900070 134.8
1900080 136.0
1900090 136.0
1900100 136.5
1900110 136.6
1900120 136.6
1900130 136.5
1900140 136.5
1900150 136.5
1900160 136.5
1900170 136.5
1900180 136.5
1900190 136.6
1900200 136.6
1900210 136.6
1900220 136.6
1900230 136.5
1900240 136.5
1900250 136.4
1900260 136.2
1900270 136.2
1900280 136.3
1900290 136.3
1900300 136.3
1900310 136.3
1900320 136.1
1900330 136.1
1900340 136.2
1900350 136.2
1900360 136.2
1900370 136.2
1900380 136.1
1900390 136.0
1900400 136.0
1900410 135.9
1900420 135.9
1900430 135.9
1900440 135.7
1900450 135.3
1900460 135.3
1900470 135.1
1900480 134.9
1900490 134.9
1900500 134.5
1900510 134.0
1900520 134.0
1900530 134.0
1900540 133.8
1900550 133.8
1900560 133.7
1900570 133.6
1900580 133.6
1900590 133.6
1900600 133.7
1900610 133.7
1900620 133.8
1900630 134.0
1900640 134.0
1900650 134.2
1900660 135.3
1900670 135.3
1900680 135.9
1900690 136.0
1900700 136.0
1900710 136.0
1900720 136.1
1900730 136.1
1900740 136.0
1900750 135.8
1900760 135.8
1900770 135.7
1900780 135.7
1900790 135.7
1900800 135.8
1900810 135.8
1900820 135.8
1900830 135.8
1900840 135.8
1900850 135.7
1900860 135.6
1900870 135.7
1900880 135.7
1900890 135.7
1900900 135.7
1900910 135.7
1900920 135.8
1900930 135.8
1900940 135.8
1900950 135.8
1900960 135.7
1900970 135.7
1900980 135.7
1900990 135.7
1901000 135.7
1901010 135.6
1901020 135.6
1901030 135.6
1901040 135.5
1901050 135.4
1901060 135.4
1901070 135.3
1901080 135.2
1901090 135.2
1901100 135.3
1901110 135.6
1901120 135.6
1901130 135.7
1901140 135.8
1901150 135.8
1901160 136.1
1901170 137.0
1901180 137.0
1901190 136.1
1901200 135.8
1901210 135.8
1901220 135.8
1901230 135.9
1901240 135.9
1901250 135.9
1901260 135.8
1901270 135.8
1901280 135.8
1901290 135.7
1901300 135.7
1901310 135.6
1901320 135.5
1901330 135.5
1901340 135.5
1901350 135.5
1901360 135.5
1901370 135.5
1901380 135.5
1901390 135.5
1901400 135.5
1901410 135.5
1901420 135.5
1901430 135.5
1901440 135.5
1901450 135.5
1901460 135.5
1901470 135.5
1901480 135.4
1901490 135.4
1901500 135.4
1901510 135.4
1901520 135.3
1901530 135.2
1901540 135.2
1901550 135.2
1901560 135.6
1901570 135.6
1901580 135.7
1901590 135.5
1901600 135.5
1901610 135.4
1901620 135.3
1901630 135.3
1901640 135.3
1901650 135.3
1901660 135.3
1901670 135.3
1901680 135.4
1901690 135.4
1901700 135.5
1901710 135.6
1901720 135.6
1901730 135.6
1901740 135.6
1901750 135.6
1901760 135.4
1901770 134.8
1901780 134.8
1901790 133.7
1901800 134.0
1901810 134.0
1901820 135.4
1901830 135.8
1901840 135.8
1901850 135.8
1901860 135.7
1901870 135.7
1901880 135.6
1901890 135.5
1901900 135.5
1901910 135.4
1901920 135.1
1901930 135.1
1901940 134.9
1901950 134.8
1901960 134.8
1901970 134.8
1901980 134.8
1901990 134.8
1902000 134.8
1902010 134.8
1902020 134.8
1902030 134.8
1902040 134.8
1902050 134.8
1902060 135.1
1902070 135.3
1902080 135.3
1902090 135.5
1902100 135.6
1902110 135.6
1902120 135.5
1902130 135.4
1902140 135.4
1902150 135.5
1902160 135.6
1902170 135.6
1902180 135.5
1902190 135.5
1902200 135.5
1902210 135.5
1902220 135.6
1902230 135.6
1902240 135.7
1902250 135.6
1902260 135.6
1902270 135.4
1902280 134.8
1902290 134.8
1902300 134.3
1902310 134.3
1902320 134.3
1902330 134.8
1902340 135.6
1902350 135.6
1902360 135.7
1902370 135.7
1902380 135.7
1902390 135.7
1902400 135.6
1902410 135.6
1902420 135.5
1902430 135.4
1902440 135.4
1902450 135.3
1902460 135.3
1902470 135.3
1902480 135.2
1902490 135.2
1902500 135.2
1902510 135.1
1902520 135.1
1902530 135.1
1902540 135.1
1902550 135.0
1902560 135.0
1902570 135.0
1902580 135.0
1902590 135.0
1902600 135.0
1902610 135.1
1902620 135.2
1902630 135.2
1902640 135.1
1902650 135.0
1902660 135.0
1902670 134.8
1902680 134.9
1902690 134.9
1902700 135.0
1902710 135.1
1902720 135.1
1902730 135.1
1902740 135.2
1902750 135.2
1902760 135.2
1902770 135.3
1902780 135.3
1902790 135.4
1902800 135.4
1902810 135.4
1902820 135.4
1902830 135.3
1902840 135.3
1902850 135.3
1902860 135.2
1902870 135.2
1902880 135.2
1902890 135.2
1902900 135.2
1902910 135.0
1902920 134.9
1902930 134.9
1902940 134.8
1902950 134.8
1902960 134.8
1902970 134.9
1902980 134.8
1902990 134.8
1903000 134.8
1903010 134.8
1903020 134.6
1903030 134.6
1903040 134.7
1903050 134.7
1903060 134.8
1903070 134.6
1903080 134.6
