1900000 136.6
1900010 136.6
1900020 136.7
1900030 136.1
1900040 136.1
1900050 135.2
1900060 134.7
1900070 134.7
1900080 134.4
1900090 134.1
1900100 134.1
1900110 133.8
1900120 135.3
1900130 135.3
1900140 136.5
1900150 136.7
1900160 136.7
1900170 136.7
1900180 136.6
1900190 136.6
1900200 136.5
1900210 136.6
1900220 136.6
1900230 136.5
1900240 136.4
1900250 136.4
1900260 136.4
1900270 136.4
1900280 136.4
1900290 136.4
1900300 136.6
1900310 136.6
1900320 136.5
1900330 136.2
1900340 136.2
1900350 136.0
1900360 136.0
1900370 136.0
1900380 136.0
1900390 135.9
1900400 135.9
1900410 135.8
1900420 135.5
1900430 135.5
1900440 135.2
1900450 134.6
1900460 134.6
1900470 134.8
1900480 134.8
1900490 134.8
1900500 134.6
1900510 134.7
1900520 134.7
1900530 134.6
1900540 134.0
1900550 134.0
1900560 134.0
1900570 133.9
1900580 133.9
1900590 133.7
1900600 133.6
1900610 133.6
1900620 133.7
1900630 134.0
1900640 134.0
1900650 134.2
1900660 134.1
1900670 134.1
1900680 135.0
1900690 135.8
1900700 135.8
1900710 136.1
1900720 136.1
1900730 136.1
1900740 136.1
1900750 136.2
1900760 136.2
1900770 136.0
1900780 135.9
1900790 135.9
1900800 135.8
1900810 135.7
1900820 135.7
1900830 135.7
1900840 135.7
1900850 135.8
1900860 135.8
1900870 135.8
1900880 135.8
1900890 135.8
1900900 135.8
1900910 135.8
1900920 135.8
1900930 135.8
1900940 135.8
1900950 135.8
1900960 135.9
1900970 135.9
1900980 135.9
1900990 135.8
1901000 135.8
1901010 135.8
1901020 135.7
1901030 135.7
1901040 135.7
1901050 135.6
1901060 135.6
1901070 135.4
1901080 135.2
1901090 135.2
1901100 135.1
1901110 135.1
1901120 135.1
1901130 135.4
1901140 135.8
1901150 135.8
1901160 137.1
1901170 136.3
1901180 136.3
1901190 135.6
1901200 135.5
1901210 135.5
1901220 135.5
1901230 135.6
1901240 135.6
1901250 135.7
1901260 135.8
1901270 135.8
1901280 135.8
1901290 135.8
1901300 135.8
1901310 135.7
1901320 135.7
1901330 135.7
1901340 135.6
1901350 135.6
1901360 135.6
1901370 135.5
1901380 135.4
1901390 135.4
1901400 135.4
1901410 135.4
1901420 135.4
1901430 135.5
1901440 135.6
1901450 135.6
1901460 135.5
1901470 135.5
1901480 135.5
1901490 135.4
1901500 135.3
1901510 135.3
1901520 135.4
1901530 135.5
1901540 135.5
1901550 135.5
1901560 135.5
1901570 135.5
1901580 135.5
1901590 135.4
1901600 135.4
1901610 135.4
1901620 135.3
1901630 135.3
1901640 135.3
1901650 135.2
1901660 135.2
1901670 135.4
1901680 135.4
1901690 135.4
1901700 135.5
1901710 135.5
1901720 135.5
1901730 135.6
1901740 135.7
1901750 135.7
1901760 135.6
1901770 135.2
1901780 135.1
1901790 134.2
1901800 133.8
1901810 133.8
1901820 134.3
1901830 135.7
1901840 135.7
1901850 135.9
1901860 135.9
1901870 135.9
1901880 135.7
1901890 135.7
1901900 135.7
1901910 135.5
1901920 135.1
1901930 134.9
1901940 134.9
1901950 134.9
1901960 134.9
1901970 134.9
1901980 134.9
1901990 134.7
1902000 134.7
1902010 134.7
1902020 134.7
1902030 134.7
1902040 134.8
1902050 134.8
1902060 134.8
1902070 134.9
1902080 135.3
1902090 135.4
1902100 135.5
1902110 135.5
1902120 135.5
1902130 135.4
1902140 135.3
1902150 135.3
1902160 135.4
1902170 135.5
1902180 135.5
1902190 135.5
1902200 135.5
1902210 135.5
1902220 135.5
1902230 135.6
1902240 135.6
1902250 135.7
1902260 135.7
1902270 135.7
1902280 135.4
1902290 134.7
1902300 134.7
1902310 134.3
1902320 134.4
1902330 134.4
1902340 135.1
1902350 135.7
1902360 135.7
1902370 135.7
1902380 135.6
1902390 135.6
1902400 135.6
1902410 135.5
1902420 135.5
1902430 135.4
1902440 135.4
1902450 135.4
1902460 135.3
1902470 135.2
1902480 135.2
1902490 135.2
1902500 135.1
1902510 135.1
1902520 135.1
1902530 135.0
1902540 135.0
1902550 134.9
1902560 134.9
1902570 134.9
1902580 134.8
1902590 134.6
1902600 134.6
1902610 134.7
1902620 134.8
1902630 134.8
1902640 135.0
1902650 134.9
1902660 134.9
1902670 134.9
1902680 134.9
1902690 134.9
1902700 135.0
1902710 135.0
1902720 135.0
1902730 135.2
1902740 135.2
1902750 135.2
1902760 135.3
1902770 135.3
1902780 135.3
1902790 135.4
1902800 135.4
1902810 135.4
1902820 135.4
1902830 135.4
1902840 135.4
1902850 135.4
1902860 135.3
1902870 135.3
1902880 135.1
1902890 135.0
1902900 135.0
1902910 135.0
1902920 135.0
1902930 135.0
1902940 135.1
1902950 135.1
1902960 135.1
1902970 135.2
1902980 135.2
1902990 135.2
1903000 135.2
1903010 135.2
1903020 135.0
1903030 135.1
1903040 135.1
1903050 135.1
1903060 135.1
1903070 135.0
1903080 135.0
