1900000 134.8
1900010 134.6
1900020 135.0
1900030 135.0
1900040 135.9
1900050 136.2
1900060 136.2
1900070 136.4
1900080 136.5
1900090 136.5
1900100 136.4
1900110 136.4
1900120 136.4
1900130 136.4
1900140 136.3
1900150 136.3
1900160 136.3
1900170 136.3
1900180 136.3
1900190 136.4
1900200 136.4
1900210 136.4
1900220 136.4
1900230 136.5
1900240 136.5
1900250 136.5
1900260 136.2
1900270 136.2
1900280 136.0
1900290 135.9
1900300 135.9
1900310 135.9
1900320 135.9
1900330 135.9
1900340 135.9
1900350 135.9
1900360 135.9
1900370 135.9
1900380 135.9
1900390 135.9
1900400 135.9
1900410 135.9
1900420 135.9
1900430 135.8
1900440 135.8
1900450 135.8
1900460 135.1
1900470 135.3
1900480 135.3
1900490 135.6
1900500 135.6
1900510 135.6
1900520 135.5
1900530 135.1
1900540 135.1
1900550 134.7
1900560 134.3
1900570 134.3
1900580 134.1
1900590 134.0
1900600 134.0
1900610 134.6
1900620 135.2
1900630 135.2
1900640 135.6
1900650 135.8
1900660 135.8
1900670 135.7
1900680 135.6
1900690 135.6
1900700 135.5
1900710 135.6
1900720 135.6
1900730 135.9
1900740 136.1
1900750 136.0
1900760 136.1
1900770 136.0
1900780 136.0
1900790 135.9
1900800 135.9
1900810 135.9
1900820 135.9
1900830 135.9
1900840 135.9
1900850 135.8
1900860 135.8
1900870 135.8
1900880 135.8
1900890 135.8
1900900 135.8
1900910 135.8
1900920 135.8
1900930 135.8
1900940 135.8
1900950 135.7
1900960 135.7
1900970 135.7
1900980 135.7
1900990 135.7
1901000 135.6
1901010 135.5
1901020 135.5
1901030 135.5
1901040 135.5
1901050 135.5
1901060 135.7
1901070 135.8
1901080 135.8
1901090 135.9
1901100 135.9
1901110 135.9
1901120 135.9
1901130 135.9
1901140 135.9
1901150 135.9
1901160 135.9
1901170 135.9
1901180 136.2
1901190 137.2
1901200 137.2
1901210 136.1
1901220 135.8
1901230 135.8
1901240 135.8
1901250 135.7
1901260 135.7
1901270 135.8
1901280 135.8
1901290 135.8
1901300 135.9
1901310 135.9
1901320 135.9
1901330 135.8
1901340 135.7
1901350 135.7
1901360 135.7
1901370 135.7
1901380 135.7
1901390 135.7
1901400 135.7
1901410 135.6
1901420 135.6
1901430 135.5
1901440 135.4
1901450 135.4
1901460 135.3
1901470 135.3
1901480 135.3
1901490 135.3
1901500 135.4
1901510 135.4
1901520 135.4
1901530 135.4
1901540 135.4
1901550 135.4
1901560 135.4
1901570 135.4
1901580 135.4
1901590 135.5
1901600 135.5
1901610 135.7
1901620 135.8
1901630 135.8
1901640 135.4
1901650 135.4
1901660 135.4
1901670 135.4
1901680 135.5
1901690 135.5
1901700 135.5
1901710 135.2
1901720 135.2
1901730 134.6
1901740 133.9
1901750 133.9
1901760 133.5
1901770 134.3
1901780 134.3
1901790 135.4
1901800 135.8
1901810 135.8
1901820 135.8
1901830 135.8
1901840 135.8
1901850 135.7
1901860 135.6
1901870 135.6
1901880 135.5
1901890 135.4
1901900 135.4
1901910 135.4
1901920 135.3
1901930 135.3
1901940 135.0
1901950 134.7
1901960 134.7
1901970 134.8
1901980 134.8
1901990 134.8
1902000 134.8
1902010 135.0
1902020 135.0
1902030 135.3
1902040 135.4
1902050 135.4
1902060 135.6
1902070 135.6
1902080 135.6
1902090 135.6
1902100 135.6
1902110 135.6
1902120 135.6
1902130 135.6
1902140 135.6
1902150 135.6
1902160 135.6
1902170 135.6
1902180 135.7
1902190 135.7
1902200 135.7
1902210 135.7
1902220 135.5
1902230 135.5
1902240 135.2
1902250 134.8
1902260 134.8
1902270 134.5
1902280 134.0
1902290 134.0
1902300 134.2
1902310 135.1
1902320 135.1
1902330 135.6
1902340 135.8
1902350 135.8
1902360 135.7
1902370 135.6
1902380 135.6
1902390 135.6
1902400 135.5
1902410 135.5
1902420 135.5
1902430 135.4
1902440 135.4
1902450 135.4
1902460 135.3
1902470 135.3
1902480 135.2
1902490 135.2
1902500 135.2
1902510 135.1
1902520 135.0
1902530 135.0
1902540 135.1
1902550 135.1
1902560 135.1
1902570 135.0
1902580 135.2
1902590 135.2
1902600 135.1
1902610 134.9
1902620 134.9
1902630 134.8
1902640 134.9
1902650 134.9
1902660 135.2
1902670 135.1
1902680 135.1
1902690 135.1
1902700 135.2
1902710 135.2
1902720 135.1
1902730 135.0
1902740 135.0
1902750 135.0
1902760 135.0
1902770 135.0
1902780 135.0
1902790 135.0
1902800 135.0
1902810 135.0
1902820 135.0
1902830 135.0
1902840 135.0
1902850 135.0
1902860 135.0
1902870 134.9
1902880 134.9
1902890 134.9
1902900 134.9
1902910 134.9
1902920 134.8
1902930 134.9
1902940 135.0
1902950 135.0
1902960 135.1
1902970 135.1
1902980 135.1
1902990 135.0
1903000 134.9
1903010 134.9
1903020 134.6
1903030 134.5
1903040 134.5
1903050 134.4
1903060 134.4
1903070 134.4
1903080 134.3
