1900000 136.2
1900010 136.1
1900020 136.0
1900030 136.0
1900040 135.9
1900050 135.9
1900060 135.9
1900070 135.9
1900080 135.9
1900090 135.9
1900100 135.9
1900110 135.9
1900120 135.9
1900130 136.0
1900140 136.0
1900150 136.0
1900160 135.8
1900170 135.5
1900180 135.5
1900190 135.4
1900200 135.6
1900210 135.6
1900220 135.9
1900230 136.1
1900240 136.1
1900250 136.1
1900260 136.1
1900270 136.1
1900280 136.1
1900290 136.1
1900300 136.1
1900310 136.0
1900320 136.0
1900330 136.0
1900340 135.9
1900350 135.8
1900360 135.8
1900370 135.6
1900380 135.6
1900390 135.6
1900400 135.7
1900410 135.7
1900420 135.7
1900430 135.7
1900440 135.8
1900450 135.8
1900460 135.8
1900470 135.9
1900480 135.9
1900490 135.8
1900500 135.7
1900510 135.7
1900520 135.6
1900530 135.7
1900540 135.7
1900550 135.9
1900560 136.1
1900570 136.1
1900580 136.1
1900590 136.1
1900600 136.1
1900610 136.1
1900620 136.1
1900630 136.1
1900640 136.1
1900650 136.1
1900660 136.1
1900670 136.0
1900680 135.9
1900690 135.9
1900700 135.9
1900710 136.0
1900720 136.0
1900730 136.0
1900740 135.9
1900750 135.9
1900760 135.8
1900770 135.9
1900780 135.9
1900790 135.8
1900800 135.8
1900810 135.8
1900820 135.8
1900830 135.8
1900840 135.8
1900850 135.9
1900860 135.9
1900870 135.9
1900880 135.9
1900890 136.0
1900900 136.0
1900910 136.1
1900920 136.1
1900930 136.1
1900940 136.1
1900950 136.2
1900960 136.2
1900970 136.3
1900980 136.4
1900990 136.4
1901000 136.3
1901010 135.8
1901020 135.8
1901030 134.9
1901040 134.6
1901050 134.6
1901060 135.0
1901070 135.8
1901080 136.1
1901090 136.3
1901100 136.5
1901110 136.5
1901120 136.6
1901130 136.6
1901140 136.6
1901150 136.4
1901160 136.4
1901170 136.4
1901180 136.4
1901190 136.4
1901200 136.4
1901210 136.4
1901220 136.4
1901230 136.4
1901240 136.3
1901250 136.1
1901260 136.1
1901270 136.0
1901280 136.0
1901290 136.0
1901300 136.1
1901310 136.4
1901320 136.4
1901330 136.4
1901340 136.2
1901350 136.2
1901360 136.2
1901370 136.1
1901380 136.2
1901390 135.9
1901400 136.0
1901410 136.0
1901420 136.0
1901430 136.0
1901440 135.9
1901450 135.9
1901460 135.9
1901470 135.8
1901480 135.8
1901490 135.8
1901500 135.7
1901510 135.7
1901520 135.9
1901530 136.8
1901540 136.8
1901550 136.6
1901560 136.0
1901570 136.0
1901580 135.9
1901590 135.9
1901600 135.9
1901610 135.9
1901620 135.9
1901630 135.9
1901640 135.9
1901650 135.9
1901660 135.9
1901670 135.9
1901680 136.0
1901690 136.0
1901700 135.8
1901710 135.8
1901720 135.8
1901730 135.8
1901740 135.8
1901750 135.8
1901760 135.7
1901770 135.6
1901780 135.6
1901790 135.6
1901800 135.5
1901810 135.5
1901820 135.4
1901830 135.4
1901840 135.4
1901850 135.5
1901860 135.5
1901870 135.5
1901880 135.5
1901890 135.6
1901900 135.6
1901910 135.6
1901920 135.7
1901930 135.7
1901940 135.7
1901950 135.7
1901960 135.7
1901970 135.7
1901980 135.7
1901990 135.7
1902000 135.6
1902010 135.6
1902020 135.6
1902030 135.6
1902040 135.5
1902050 135.5
1902060 135.4
1902070 135.3
1902080 135.3
1902090 135.3
1902100 135.2
1902110 135.2
1902120 135.2
1902130 135.1
1902140 135.1
1902150 135.0
1902160 135.1
1902170 135.1
1902180 135.1
1902190 135.1
1902200 135.1
1902210 135.1
1902220 135.1
1902230 135.1
1902240 135.1
1902250 135.0
1902260 135.0
1902270 135.0
1902280 135.0
1902290 135.0
1902300 135.0
1902310 135.0
1902320 135.1
1902330 135.0
1902340 135.0
1902350 135.0
1902360 135.0
1902370 135.0
1902380 135.0
1902390 135.1
1902400 135.1
1902410 135.1
1902420 135.2
1902430 135.2
1902440 135.2
1902450 135.3
1902460 135.3
1902470 135.3
1902480 135.4
1902490 135.5
1902500 135.5
1902510 135.5
1902520 135.5
1902530 135.5
1902540 135.5
1902550 135.4
1902560 135.4
1902570 135.4
1902580 135.3
1902590 135.3
1902600 135.4
1902610 135.6
1902620 135.6
1902630 135.5
1902640 135.5
1902650 135.5
1902660 135.2
1902670 135.3
1902680 135.3
1902690 135.4
1902700 135.5
1902710 135.5
1902720 135.3
1902730 135.1
1902740 135.1
1902750 134.8
1902760 134.8
1902770 134.8
1902780 134.8
1902790 134.8
1902800 134.8
1902810 134.6
1902820 134.5
1902830 134.5
1902840 134.5
1902850 134.6
1902860 134.6
1902870 134.7
1902880 134.6
1902890 134.6
1902900 134.4
1902910 134.4
1902920 134.4
1902930 134.4
1902940 134.5
1902950 134.5
1902960 134.5
1902970 134.2
1902980 134.2
1902990 133.9
1903000 134.1
1903010 134.1
1903020 134.6
1903030 135.2
1903040 135.2
1903050 135.6
1903060 135.7
1903070 135.7
1903080 135.6
1903090 135.5
1903100 135.5
