1900000 136.2
1900010 136.2
1900020 136.2
1900030 136.2
1900040 136.2
1900050 136.2
1900060 136.3
1900070 136.3
1900080 136.3
1900090 136.3
1900100 136.5
1900110 136.5
1900120 136.2
1900130 136.1
1900140 136.1
1900150 136.2
1900160 136.2
1900170 136.2
1900180 136.2
1900190 136.1
1900200 136.1
1900210 136.1
1900220 136.2
1900230 136.2
1900240 136.1
1900250 136.1
1900260 135.9
1900270 135.9
1900280 135.8
1900290 135.8
1900300 135.7
1900310 135.6
1900320 135.6
1900330 135.5
1900340 135.4
1900350 135.4
1900360 135.4
1900370 135.5
1900380 135.5
1900390 135.5
1900400 135.5
1900410 135.5
1900420 135.5
1900430 135.6
1900440 135.6
1900450 135.6
1900460 135.7
1900470 135.7
1900480 135.8
1900490 135.8
1900500 135.8
1900510 135.8
1900520 135.8
1900530 135.8
1900540 135.8
1900550 135.8
1900560 135.8
1900570 136.0
1900580 136.0
1900590 136.0
1900600 135.9
1900610 135.9
1900620 135.9
1900630 135.9
1900640 135.9
1900650 135.9
1900660 135.9
1900670 135.9
1900680 135.9
1900690 135.9
1900700 135.8
1900710 135.8
1900720 135.8
1900730 135.9
1900740 135.9
1900750 135.9
1900760 135.9
1900770 135.9
1900780 135.9
1900790 135.9
1900800 135.9
1900810 136.0
1900820 136.0
1900830 136.0
1900840 136.0
1900850 136.1
1900860 136.1
1900870 136.1
1900880 136.1
1900890 136.1
1900900 136.0
1900910 136.1
1900920 136.1
1900930 136.2
1900940 136.2
1900950 136.2
1900960 136.2
1900970 136.2
1900980 136.2
1900990 136.3
1901000 136.3
1901010 136.3
1901020 136.3
1901030 136.2
1901040 136.2
1901050 136.0
1901060 135.7
1901070 135.7
1901080 135.4
1901090 135.1
1901100 135.1
1901110 135.0
1901120 135.2
1901130 135.2
1901140 135.4
1901150 135.6
1901160 135.6
1901170 135.9
1901180 136.2
1901190 135.7
1901200 136.0
1901210 136.2
1901220 136.2
1901230 136.4
1901240 136.4
1901250 136.4
1901260 136.5
1901270 136.5
1901280 136.5
1901290 136.5
1901300 136.5
1901310 136.5
1901320 136.5
1901330 136.5
1901340 136.5
1901350 136.6
1901360 136.6
1901370 136.6
1901380 136.6
1901390 136.6
1901400 136.6
1901410 136.6
1901420 136.6
1901430 136.6
1901440 136.5
1901450 136.2
1901460 136.2
1901470 136.0
1901480 135.9
1901490 135.9
1901500 135.5
1901510 135.8
1901520 135.8
1901530 136.2
1901540 136.4
1901550 136.4
1901560 136.4
1901570 136.3
1901580 136.3
1901590 136.3
1901600 136.4
1901610 136.4
1901620 136.6
1901630 136.6
1901640 136.6
1901650 136.4
1901660 136.4
1901670 136.3
1901680 136.3
1901690 136.4
1901700 137.2
1901710 137.2
1901720 136.4
1901730 136.3
1901740 136.3
1901750 136.3
1901760 136.3
1901770 136.3
1901780 136.2
1901790 136.2
1901800 136.2
1901810 136.1
1901820 136.1
1901830 136.1
1901840 136.1
1901850 136.0
1901860 136.0
1901870 135.9
1901880 135.8
1901890 135.8
1901900 135.8
1901910 135.8
1901920 135.8
1901930 135.8
1901940 135.8
1901950 135.8
1901960 135.7
1901970 135.7
1901980 135.7
1901990 135.7
1902000 135.6
1902010 135.6
1902020 135.6
1902030 135.6
1902040 135.6
1902050 135.6
1902060 135.6
1902070 135.6
1902080 135.5
1902090 135.4
1902100 135.4
1902110 135.4
1902120 135.4
1902130 135.4
1902140 135.4
1902150 135.3
1902160 135.3
1902170 135.3
1902180 135.4
1902190 135.4
1902200 135.6
1902210 135.6
1902220 135.6
1902230 135.5
1902240 135.4
1902250 135.4
1902260 135.3
1902270 135.3
1902280 135.3
1902290 135.2
1902300 135.3
1902310 135.3
1902320 135.5
1902330 135.7
1902340 135.7
1902350 135.8
1902360 135.8
1902370 135.8
1902380 135.8
1902390 135.8
1902400 135.8
1902410 135.9
1902420 136.0
1902430 136.1
1902440 136.1
1902450 136.0
1902460 136.0
1902470 135.9
1902480 135.7
1902490 135.7
1902500 135.6
1902510 135.5
1902520 135.5
1902530 135.4
1902540 135.3
1902550 135.3
1902560 135.1
1902570 135.1
1902580 135.1
1902590 134.9
1902600 134.8
1902610 134.8
1902620 134.8
1902630 134.9
1902640 134.9
1902650 135.0
1902660 135.0
1902670 135.0
1902680 135.0
1902690 134.9
1902700 134.9
1902710 134.8
1902720 134.7
1902730 134.7
1902740 134.6
1902750 134.4
1902760 134.4
1902770 134.3
1902780 134.4
1902790 134.4
1902800 134.7
1902810 134.9
1902820 134.9
1902830 135.1
1902840 135.0
1902850 135.0
1902860 134.9
1902870 134.9
1902880 134.9
1902890 134.8
1902900 134.8
1902910 134.8
1902920 134.7
1902930 134.8
1902940 134.8
1902950 134.8
1902960 135.0
1902970 135.0
1902980 135.0
1902990 135.0
1903000 135.0
1903010 135.2
1903020 135.6
1903030 135.6
1903040 135.9
1903050 136.6
1903060 136.6
1903070 137.2
1903080 137.3
1903090 137.3
