1900000 136.2
1900010 136.1
1900020 136.0
1900030 136.0
1900040 136.1
1900050 136.0
1900060 136.0
1900070 135.9
1900080 135.8
1900090 135.8
1900100 135.9
1900110 136.0
1900120 136.0
1900130 136.0
1900140 136.0
1900150 136.0
1900160 135.9
1900170 135.6
1900180 135.6
1900190 135.4
1900200 135.5
1900210 135.5
1900220 135.9
1900230 136.2
1900240 136.2
1900250 136.1
1900260 136.1
1900270 136.1
1900280 136.0
1900290 136.0
1900300 136.0
1900310 136.0
1900320 136.0
1900330 136.0
1900340 135.9
1900350 135.9
1900360 135.9
1900370 135.8
1900380 135.7
1900390 135.7
1900400 135.6
1900410 135.6
1900420 135.6
1900430 135.7
1900440 135.8
1900450 135.8
1900460 135.9
1900470 135.9
1900480 135.9
1900490 135.8
1900500 135.7
1900510 135.7
1900520 135.6
1900530 135.7
1900540 135.7
1900550 135.9
1900560 136.1
1900570 136.1
1900580 136.2
1900590 136.1
1900600 136.1
1900610 136.1
1900620 136.2
1900630 136.2
1900640 136.2
1900650 136.1
1900660 136.1
1900670 136.1
1900680 136.1
1900690 136.1
1900700 136.0
1900710 135.9
1900720 135.9
1900730 136.0
1900740 136.0
1900750 136.0
1900760 135.9
1900770 135.8
1900780 135.8
1900790 135.8
1900800 135.8
1900810 135.8
1900820 135.8
1900830 135.9
1900840 135.9
1900850 135.9
1900860 136.0
1900870 136.0
1900880 136.0
1900890 136.1
1900900 136.1
1900910 136.1
1900920 136.0
1900930 136.0
1900940 136.2
1900950 136.3
1900960 136.3
1900970 136.4
1900980 136.2
1900990 136.2
1901000 135.5
1901010 134.8
1901020 134.8
1901030 134.6
1901040 135.1
1901050 135.1
1901060 135.8
1901070 136.3
1901080 136.3
1901090 136.5
1901100 136.6
1901110 136.6
1901120 136.6
1901130 136.5
1901140 136.5
1901150 136.5
1901160 136.4
1901170 136.4
1901180 136.4
1901190 136.3
1901200 136.3
1901210 136.3
1901220 136.3
1901230 136.3
1901240 136.2
1901250 136.1
1901260 136.1
1901270 136.1
1901280 135.9
1901290 135.9
1901300 135.8
1901310 135.8
1901320 135.8
1901330 136.1
1901340 136.2
1901350 136.2
1901360 135.9
1901370 135.6
1901380 135.6
1901390 135.7
1901400 135.7
1901410 135.7
1901420 135.6
1901430 135.7
1901440 135.7
1901450 135.7
1901460 135.6
1901470 135.6
1901480 135.5
1901490 135.5
1901500 135.5
1901510 135.5
1901520 135.7
1901530 135.7
1901540 136.1
1901550 137.1
1901560 137.1
1901570 136.1
1901580 135.8
1901590 135.8
1901600 135.8
1901610 135.8
1901620 135.8
1901630 135.8
1901640 135.8
1901650 135.8
1901660 135.8
1901670 135.8
1901680 135.8
1901690 135.7
1901700 135.7
1901710 135.7
1901720 135.7
1901730 135.6
1901740 135.6
1901750 135.6
1901760 135.5
1901770 135.5
1901780 135.5
1901790 135.5
1901800 135.4
1901810 135.4
1901820 135.5
1901830 135.6
1901840 135.6
1901850 135.6
1901860 135.6
1901870 135.6
1901880 135.6
1901890 135.6
1901900 135.5
1901910 135.6
1901920 135.6
1901930 135.6
1901940 135.6
1901950 135.6
1901960 135.6
1901970 135.6
1901980 135.6
1901990 135.6
1902000 135.5
1902010 135.4
1902020 135.4
1902030 135.4
1902040 135.3
1902050 135.3
1902060 135.3
1902070 135.2
1902080 135.2
1902090 135.2
1902100 135.1
1902110 135.1
1902120 135.0
1902130 135.0
1902140 135.0
1902150 135.0
1902160 135.1
1902170 135.1
1902180 135.1
1902190 135.1
1902200 135.1
1902210 135.2
1902220 135.2
1902230 135.2
1902240 135.2
1902250 135.2
1902260 135.2
1902270 135.2
1902280 135.2
1902290 135.2
1902300 135.2
1902310 135.2
1902320 135.2
1902330 135.1
1902340 135.0
1902350 135.0
1902360 135.0
1902370 134.9
1902380 134.9
1902390 135.0
1902400 135.1
1902410 135.1
1902420 135.2
1902430 135.2
1902440 135.2
1902450 135.3
1902460 135.4
1902470 135.4
1902480 135.4
1902490 135.5
1902500 135.5
1902510 135.5
1902520 135.5
1902530 135.5
1902540 135.5
1902550 135.6
1902560 135.6
1902570 135.6
1902580 135.6
1902590 135.6
1902600 135.5
1902610 135.2
1902620 135.2
1902630 135.1
1902640 135.4
1902650 135.4
1902660 135.5
1902670 135.3
1902680 135.3
1902690 135.4
1902700 135.5
1902710 135.5
1902720 135.4
1902730 135.1
1902740 135.1
1902750 134.8
1902760 134.8
1902770 134.8
1902780 134.8
1902790 134.8
1902800 134.8
1902810 134.7
1902820 134.6
1902830 134.7
1902840 134.7
1902850 134.7
1902860 134.7
1902870 134.8
1902880 134.7
1902890 134.7
1902900 134.5
1902910 134.4
1902920 134.4
1902930 134.5
1902940 134.6
1902950 134.6
1902960 134.5
1902970 134.2
1902980 134.2
1902990 134.0
1903000 134.1
1903010 134.1
1903020 134.6
1903030 135.2
1903040 135.2
1903050 135.6
1903060 135.7
1903070 135.7
1903080 135.6
