1900000 136.4
1900010 136.4
1900020 136.4
1900030 136.4
1900040 136.3
1900050 136.3
1900060 136.3
1900070 136.3
1900080 136.3
1900090 136.3
1900100 136.3
1900110 136.3
1900120 136.6
1900130 136.3
1900140 136.3
1900150 136.1
1900160 136.1
1900170 136.1
1900180 136.2
1900190 136.2
1900200 136.2
1900210 136.0
1900220 135.8
1900230 135.8
1900240 135.8
1900250 135.7
1900260 135.5
1900270 135.5
1900280 135.4
1900290 135.4
1900300 135.4
1900310 135.5
1900320 135.5
1900330 135.5
1900340 135.6
1900350 135.6
1900360 135.6
1900370 135.6
1900380 135.6
1900390 135.7
1900400 135.7
1900410 135.7
1900420 135.7
1900430 135.8
1900440 135.8
1900450 135.9
1900460 135.9
1900470 135.9
1900480 135.9
1900490 135.9
1900500 135.9
1900510 135.9
1900520 135.9
1900530 135.9
1900540 136.0
1900550 136.0
1900560 136.0
1900570 135.8
1900580 135.8
1900590 135.8
1900600 135.7
1900610 135.7
1900620 135.7
1900630 135.7
1900640 135.8
1900650 135.8
1900660 135.7
1900670 135.7
1900680 135.7
1900690 135.7
1900700 135.7
1900710 135.7
1900720 135.7
1900730 135.7
1900740 135.7
1900750 135.8
1900760 135.8
1900770 135.8
1900780 135.8
1900790 135.9
1900800 135.9
1900810 135.9
1900820 135.9
1900830 135.9
1900840 136.0
1900850 136.0
1900860 136.0
1900870 136.0
1900880 136.0
1900890 136.0
1900900 136.1
1900910 136.1
1900920 136.1
1900930 136.1
1900940 136.1
1900950 136.1
1900960 136.2
1900970 136.2
1900980 136.2
1900990 136.2
1901000 136.2
1901010 136.2
1901020 136.3
1901030 136.4
1901040 136.4
1901050 136.4
1901060 136.3
1901070 136.3
1901080 136.2
1901090 136.0
1901100 136.0
1901110 135.6
1901120 135.3
1901130 135.3
1901140 135.2
1901150 135.1
1901160 135.1
1901170 135.1
1901180 135.1
1901190 135.0
1901200 134.9
1901210 135.1
1901220 135.1
1901230 135.4
1901240 135.6
1901250 135.6
1901260 135.9
1901270 136.2
1901280 136.2
1901290 136.3
1901300 136.4
1901310 136.4
1901320 136.4
1901330 136.4
1901340 136.4
1901350 136.5
1901360 136.5
1901370 136.5
1901380 136.6
1901390 136.6
1901400 136.6
1901410 136.4
1901420 136.2
1901430 136.2
1901440 135.7
1901450 135.3
1901460 135.3
1901470 135.2
1901480 135.1
1901490 135.1
1901500 135.1
1901510 135.2
1901520 135.2
1901530 135.4
1901540 135.8
1901550 135.8
1901560 136.2
1901570 136.5
1901580 136.5
1901590 136.5
1901600 136.3
1901610 136.3
1901620 136.3
1901630 136.5
1901640 136.5
1901650 136.5
1901660 136.2
1901670 136.2
1901680 136.1
1901690 136.1
1901700 136.1
1901710 136.4
1901720 137.1
1901730 137.1
1901740 136.3
1901750 136.3
1901760 136.3
1901770 136.1
1901780 136.1
1901790 136.1
1901800 136.1
1901810 136.1
1901820 136.1
1901830 136.0
1901840 135.9
1901850 135.9
1901860 136.0
1901870 136.0
1901880 136.0
1901890 136.0
1901900 135.9
1901910 135.9
1901920 135.9
1901930 135.8
1901940 135.8
1901950 135.8
1901960 135.8
1901970 135.8
1901980 135.7
1901990 135.7
1902000 135.7
1902010 135.7
1902020 135.6
1902030 135.6
1902040 135.5
1902050 135.4
1902060 135.4
1902070 135.4
1902080 135.5
1902090 135.5
1902100 135.5
1902110 135.5
1902120 135.4
1902130 135.5
1902140 135.5
1902150 135.5
1902160 135.5
1902170 135.5
1902180 135.5
1902190 135.4
1902200 135.3
1902210 135.3
1902220 135.2
1902230 135.1
1902240 135.1
1902250 135.1
1902260 135.0
1902270 135.0
1902280 135.0
1902290 135.1
1902300 135.1
1902310 135.1
1902320 135.2
1902330 135.2
1902340 135.4
1902350 135.5
1902360 135.6
1902370 135.6
1902380 135.8
1902390 136.0
1902400 136.0
1902410 136.1
1902420 136.1
1902430 136.0
1902440 135.9
1902450 135.7
1902460 135.7
1902470 135.6
1902480 135.4
1902490 135.4
1902500 135.3
1902510 135.2
1902520 135.2
1902530 135.2
1902540 135.2
1902550 135.2
1902560 135.0
1902570 134.8
1902580 134.8
1902590 134.9
1902600 134.9
1902610 134.9
1902620 134.9
1902630 134.9
1902640 134.9
1902650 134.9
1902660 134.8
1902670 134.8
1902680 134.8
1902690 134.7
1902700 134.7
1902710 134.7
1902720 134.6
1902730 134.6
1902740 134.4
1902750 134.4
1902760 134.4
1902770 134.6
1902780 134.8
1902790 134.8
1902800 135.0
1902810 135.0
1902820 135.0
1902830 135.0
1902840 135.0
1902850 135.0
1902860 135.0
1902870 135.0
1902880 135.0
1902890 135.0
1902900 135.1
1902910 135.1
1902920 135.0
1902930 135.1
1902940 135.1
1902950 135.2
1902960 135.1
1902970 135.1
1902980 134.7
1902990 134.7
1903000 134.7
1903010 135.2
1903020 135.7
1903030 135.7
1903040 136.3
1903050 137.3
1903060 137.3
1903070 137.4
1903080 136.9
1903090 136.9
