1900000 134.9
1900010 135.2
1900020 135.6
1900030 135.6
1900040 135.7
1900050 135.8
1900060 135.8
1900070 135.9
1900080 136.1
1900090 136.1
1900100 136.1
1900110 136.2
1900120 136.2
1900130 136.0
1900140 135.9
1900150 135.3
1900160 135.1
1900170 134.8
1900180 134.8
1900190 134.7
1900200 134.7
1900210 134.7
1900220 134.7
1900230 134.7
1900240 134.7
1900250 134.8
1900260 135.1
1900270 135.1
1900280 135.5
1900290 135.8
1900300 135.8
1900310 135.9
1900320 136.0
1900330 136.0
1900340 136.0
1900350 136.0
1900360 136.0
1900370 135.9
1900380 135.8
1900390 135.8
1900400 135.7
1900410 135.4
1900420 135.3
1900430 135.3
1900440 135.4
1900450 135.8
1900460 135.8
1900470 136.2
1900480 136.4
1900490 136.4
1900500 136.5
1900510 136.5
1900520 136.5
1900530 136.5
1900540 136.4
1900550 136.4
1900560 136.2
1900570 136.1
1900580 136.1
1900590 136.1
1900600 136.2
1900610 136.2
1900620 136.1
1900630 136.1
1900640 136.1
1900650 136.2
1900660 136.2
1900670 136.2
1900680 136.3
1900690 136.3
1900700 136.3
1900710 136.4
1900720 136.4
1900730 136.4
1900740 136.4
1900750 136.4
1900760 136.4
1900770 136.4
1900780 136.3
1900790 136.3
1900800 136.3
1900810 136.3
1900820 136.3
1900830 136.3
1900840 136.4
1900850 136.4
1900860 136.3
1900870 135.5
1900880 135.5
1900890 134.8
1900900 134.6
1900910 134.6
1900920 135.0
1900930 135.6
1900940 135.6
1900950 136.0
1900960 136.3
1900970 136.3
1900980 136.4
1900990 136.5
1901000 136.5
1901010 136.5
1901020 136.5
1901030 136.5
1901040 136.5
1901050 136.5
1901060 136.5
1901070 136.5
1901080 136.4
1901090 136.4
1901100 136.4
1901110 136.4
1901120 136.4
1901130 136.4
1901140 136.4
1901150 136.4
1901160 136.4
1901170 136.3
1901180 136.3
1901190 136.3
1901200 136.3
1901210 136.3
1901220 136.3
1901230 136.3
1901240 136.3
1901250 136.3
1901260 136.2
1901270 136.2
1901280 136.2
1901290 136.1
1901300 136.1
1901310 136.1
1901320 136.1
1901330 136.1
1901340 136.0
1901350 136.1
1901360 136.1
1901370 136.2
1901380 136.1
1901390 136.1
1901400 136.1
1901410 136.1
1901420 136.1
1901430 136.0
1901440 136.0
1901450 136.0
1901460 135.9
1901470 136.0
1901480 136.0
1901490 136.2
1901500 136.3
1901510 136.3
1901520 136.1
1901530 136.1
1901540 136.1
1901550 136.0
1901560 136.0
1901570 136.0
1901580 136.0
1901590 136.0
1901600 136.0
1901610 136.0
1901620 136.0
1901630 136.0
1901640 136.6
1901650 136.7
1901660 136.7
1901670 136.0
1901680 135.8
1901690 135.8
1901700 136.0
1901710 136.0
1901720 136.0
1901730 136.0
1901740 136.0
1901750 136.0
1901760 136.0
1901770 136.0
1901780 136.0
1901790 135.9
1901800 135.9
1901810 135.9
1901820 136.0
1901830 136.0
1901840 136.0
1901850 136.0
1901860 136.0
1901870 136.0
1901880 136.0
1901890 136.0
1901900 136.0
1901910 136.0
1901920 135.9
1901930 135.9
1901940 135.8
1901950 135.8
1901960 135.8
1901970 135.8
1901980 135.8
1901990 135.8
1902000 135.8
1902010 135.8
1902020 135.8
1902030 135.8
1902040 135.8
1902050 135.8
1902060 135.8
1902070 135.7
1902080 135.7
1902090 135.8
1902100 135.8
1902110 135.8
1902120 135.9
1902130 135.9
1902140 135.9
1902150 136.0
1902160 136.0
1902170 136.0
1902180 135.9
1902190 135.9
1902200 135.9
1902210 135.9
1902220 136.0
1902230 136.0
1902240 136.0
1902250 136.0
1902260 136.0
1902270 136.0
1902280 136.0
1902290 136.0
1902300 136.0
1902310 136.0
1902320 136.1
1902330 136.0
1902340 135.9
1902350 135.9
1902360 135.8
1902370 135.8
1902380 135.8
1902390 135.8
1902400 135.8
1902410 135.8
1902420 135.8
1902430 135.6
1902440 135.6
1902450 135.5
1902460 135.4
1902470 135.4
1902480 135.6
1902490 135.8
1902500 135.8
1902510 135.8
1902520 135.8
1902530 135.8
1902540 135.8
1902550 135.7
1902560 135.7
1902570 135.6
1902580 135.5
1902590 135.5
1902600 135.6
1902610 135.7
1902620 135.7
1902630 135.6
1902640 135.4
1902650 135.4
1902660 135.4
1902670 135.3
1902680 135.3
1902690 135.3
1902700 135.3
1902710 135.3
1902720 135.0
1902730 134.8
1902740 134.7
1902750 134.7
1902760 134.7
1902770 134.7
1902780 134.7
1902790 134.9
1902800 135.0
1902810 135.0
1902820 135.1
1902830 135.0
1902840 135.0
1902850 134.9
1902860 134.6
1902870 134.6
1902880 134.3
1902890 134.2
1902900 134.2
1902910 134.3
1902920 134.6
1902930 134.6
1902940 135.0
1902950 135.0
1902960 135.0
1902970 134.8
1902980 134.6
1902990 134.6
1903000 134.4
1903010 134.6
1903020 134.6
1903030 135.2
1903040 135.7
1903050 135.7
1903060 135.7
1903070 135.7
1903080 135.7
1903090 135.6
