1900000 136.5
1900010 136.5
1900020 136.4
1900030 136.4
1900040 136.3
1900050 136.1
1900060 136.1
1900070 135.9
1900080 135.8
1900090 135.8
1900100 135.7
1900110 135.6
1900120 135.6
1900130 135.6
1900140 135.6
1900150 135.7
1900160 135.7
1900170 135.7
1900180 136.0
1900190 136.0
1900200 135.7
1900210 135.7
1900220 135.7
1900230 135.7
1900240 135.7
1900250 135.7
1900260 135.7
1900270 135.7
1900280 135.7
1900290 135.7
1900300 135.8
1900310 135.8
1900320 135.8
1900330 135.8
1900340 135.8
1900350 135.8
1900360 135.8
1900370 135.8
1900380 135.8
1900390 135.8
1900400 135.8
1900410 135.8
1900420 135.8
1900430 135.8
1900440 135.7
1900450 135.6
1900460 135.6
1900470 135.4
1900480 135.4
1900490 135.4
1900500 135.4
1900510 135.5
1900520 135.5
1900530 135.5
1900540 135.6
1900550 135.6
1900560 135.6
1900570 135.6
1900580 135.6
1900590 135.6
1900600 135.6
1900610 135.6
1900620 135.6
1900630 135.7
1900640 135.7
1900650 135.7
1900660 135.7
1900670 135.7
1900680 135.7
1900690 135.8
1900700 135.8
1900710 135.8
1900720 135.8
1900730 135.8
1900740 135.8
1900750 135.7
1900760 135.7
1900770 135.8
1900780 135.9
1900790 135.9
1900800 135.8
1900810 135.8
1900820 135.8
1900830 135.8
1900840 135.8
1900850 135.8
1900860 135.8
1900870 135.8
1900880 135.8
1900890 135.8
1900900 135.9
1900910 135.9
1900920 135.9
1900930 135.9
1900940 135.9
1900950 135.9
1900960 135.9
1900970 135.9
1900980 135.9
1900990 135.9
1901000 135.9
1901010 136.0
1901020 136.1
1901030 136.1
1901040 136.2
1901050 136.1
1901060 136.1
1901070 136.1
1901080 136.1
1901090 136.1
1901100 136.2
1901110 136.1
1901120 136.1
1901130 136.1
1901140 136.1
1901150 136.1
1901160 136.1
1901170 136.2
1901180 136.2
1901190 136.2
1901200 136.2
1901210 136.2
1901220 136.3
1901230 136.3
1901240 136.3
1901250 136.4
1901260 136.4
1901270 136.4
1901280 136.2
1901290 135.8
1901300 135.8
1901310 135.4
1901320 135.2
1901330 135.2
1901340 135.0
1901350 134.8
1901360 134.8
1901370 134.6
1901380 134.6
1901390 134.6
1901400 135.8
1901410 136.2
1901420 136.2
1901430 136.5
1901440 136.5
1901450 136.5
1901460 136.4
1901470 136.4
1901480 136.4
1901490 136.5
1901500 136.6
1901510 136.6
1901520 136.6
1901530 136.6
1901540 136.6
1901550 136.5
1901560 136.4
1901570 136.4
1901580 135.9
1901590 135.1
1901600 135.1
1901610 134.7
1901620 134.5
1901630 134.5
1901640 135.0
1901650 135.9
1901660 135.9
1901670 136.3
1901680 136.6
1901690 136.6
1901700 136.7
1901710 136.8
1901720 136.8
1901730 136.7
1901740 136.6
1901750 136.6
1901760 136.7
1901770 137.3
1901780 137.3
1901790 136.3
1901800 136.3
1901810 136.3
1901820 136.2
1901830 136.1
1901840 136.1
1901850 136.1
1901860 136.1
1901870 136.1
1901880 136.1
1901890 136.1
1901900 136.1
1901910 136.0
1901920 135.9
1901930 135.9
1901940 135.9
1901950 136.0
1901960 136.0
1901970 136.0
1901980 136.0
1901990 136.0
1902000 135.9
1902010 135.9
1902020 135.9
1902030 135.8
1902040 135.7
1902050 135.7
1902060 135.7
1902070 135.7
1902080 135.7
1902090 135.6
1902100 135.5
1902110 135.5
1902120 135.6
1902130 135.6
1902140 135.6
1902150 135.6
1902160 135.5
1902170 135.5
1902180 135.5
1902190 135.5
1902200 135.5
1902210 135.5
1902220 135.4
1902230 135.4
1902240 135.4
1902250 135.3
1902260 135.3
1902270 135.1
1902280 135.0
1902290 135.0
1902300 134.8
1902310 134.8
1902320 134.8
1902330 134.9
1902340 134.8
1902350 134.8
1902360 134.7
1902370 134.6
1902380 134.6
1902390 134.5
1902400 134.5
1902410 134.5
1902420 134.6
1902430 134.8
1902440 134.8
1902450 134.9
1902460 134.9
1902470 134.9
1902480 134.7
1902490 134.6
1902500 134.7
1902510 134.7
1902520 134.7
1902530 134.8
1902540 134.8
1902550 134.8
1902560 134.8
1902570 134.8
1902580 134.8
1902590 134.7
1902600 134.7
1902610 134.7
1902620 134.7
1902630 134.7
1902640 134.7
1902650 134.8
1902660 134.8
1902670 134.9
1902680 135.0
1902690 135.0
1902700 134.9
1902710 134.8
1902720 134.8
1902730 134.9
1902740 134.9
1902750 134.9
1902760 135.0
1902770 135.0
1902780 135.0
1902790 134.8
1902800 134.6
1902810 134.6
1902820 134.7
1902830 134.7
1902840 134.7
1902850 134.8
1902860 135.0
1902870 135.0
1902880 135.2
1902890 135.3
1902900 135.3
1902910 135.3
1902920 135.3
1902930 135.3
1902940 135.4
1902950 135.9
1902960 135.9
1902970 137.3
1902980 137.6
1902990 137.6
1903000 137.7
1903010 137.7
1903020 137.7
1903030 136.6
1903040 135.5
1903050 135.5
1903060 135.2
1903070 134.6
1903080 134.6
1903090 134.4
