1900000 135.8
1900010 135.8
1900020 135.8
1900030 135.8
1900040 135.8
1900050 135.8
1900060 135.9
1900070 135.9
1900080 135.9
1900090 135.5
1900100 135.4
1900110 135.5
1900120 135.5
1900130 135.6
1900140 135.8
1900150 136.0
1900160 136.1
1900170 136.2
1900180 136.2
1900190 136.2
1900200 136.1
1900210 136.1
1900220 136.1
1900230 136.1
1900240 136.1
1900250 136.1
1900260 136.1
1900270 136.1
1900280 136.2
1900290 136.3
1900300 136.3
1900310 136.4
1900320 136.3
1900330 136.3
1900340 136.3
1900350 136.3
1900360 136.3
1900370 136.3
1900380 136.2
1900390 136.2
1900400 136.0
1900410 135.8
1900420 135.8
1900430 135.6
1900440 135.7
1900450 135.7
1900460 135.7
1900470 135.7
1900480 135.7
1900490 135.8
1900500 135.7
1900510 135.7
1900520 135.6
1900530 135.7
1900540 135.7
1900550 135.7
1900560 135.7
1900570 135.7
1900580 135.6
1900590 135.7
1900600 135.7
1900610 135.7
1900620 135.7
1900630 135.7
1900640 135.8
1900650 135.9
1900660 135.9
1900670 135.9
1900680 135.9
1900690 135.9
1900700 135.9
1900710 135.9
1900720 135.9
1900730 135.9
1900740 135.9
1900750 135.9
1900760 136.0
1900770 136.0
1900780 136.0
1900790 136.1
1900800 136.1
1900810 136.1
1900820 136.2
1900830 136.2
1900840 136.2
1900850 136.2
1900860 136.3
1900870 136.3
1900880 136.4
1900890 136.4
1900900 136.4
1900910 136.4
1900920 136.3
1900930 136.3
1900940 136.1
1900950 135.9
1900960 135.9
1900970 135.5
1900980 135.2
1900990 135.2
1901000 134.9
1901010 135.0
1901020 135.0
1901030 135.3
1901040 135.6
1901050 135.6
1901060 135.9
1901070 136.1
1901080 135.8
1901090 136.0
1901100 136.2
1901110 136.2
1901120 136.3
1901130 136.4
1901140 136.4
1901150 136.5
1901160 136.5
1901170 136.5
1901180 136.4
1901190 136.4
1901200 136.4
1901210 136.5
1901220 136.4
1901230 136.4
1901240 136.4
1901250 136.4
1901260 136.4
1901270 136.4
1901280 136.3
1901290 136.3
1901300 136.3
1901310 136.3
1901320 136.3
1901330 136.3
1901340 136.3
1901350 136.3
1901360 136.3
1901370 136.3
1901380 136.3
1901390 136.3
1901400 136.3
1901410 136.3
1901420 136.4
1901430 136.4
1901440 136.4
1901450 136.3
1901460 136.3
1901470 136.3
1901480 136.3
1901490 136.3
1901500 136.3
1901510 136.2
1901520 136.1
1901530 136.1
1901540 136.1
1901550 136.4
1901560 136.4
1901570 136.5
1901580 136.5
1901590 136.5
1901600 136.4
1901610 136.3
1901620 136.3
1901630 136.3
1901640 136.3
1901650 136.3
1901660 136.3
1901670 137.0
1901680 137.0
1901690 136.8
1901700 136.2
1901710 136.2
1901720 136.3
1901730 136.3
1901740 136.3
1901750 136.2
1901760 136.2
1901770 136.2
1901780 136.2
1901790 136.2
1901800 136.2
1901810 136.1
1901820 136.1
1901830 136.1
1901840 136.1
1901850 136.1
1901860 136.1
1901870 136.1
1901880 136.1
1901890 136.1
1901900 136.1
1901910 136.0
1901920 136.0
1901930 136.0
1901940 136.0
1901950 136.0
1901960 136.1
1901970 136.1
1901980 136.1
1901990 136.1
1902000 136.1
1902010 135.8
1902020 135.7
1902030 135.8
1902040 135.8
1902050 135.8
1902060 135.7
1902070 135.7
1902080 135.7
1902090 135.7
1902100 135.7
1902110 135.7
1902120 135.7
1902130 135.7
1902140 135.7
1902150 135.7
1902160 135.7
1902170 135.8
1902180 135.8
1902190 135.8
1902200 135.8
1902210 135.7
1902220 135.7
1902230 135.7
1902240 135.8
1902250 135.8
1902260 135.9
1902270 136.1
1902280 136.1
1902290 136.1
1902300 136.1
1902310 136.1
1902320 136.2
1902330 136.2
1902340 136.2
1902350 136.1
1902360 136.1
1902370 136.1
1902380 135.9
1902390 135.7
1902400 135.7
1902410 135.6
1902420 135.5
1902430 135.5
1902440 135.5
1902450 135.6
1902460 135.8
1902470 135.8
1902480 135.9
1902490 136.0
1902500 136.0
1902510 136.0
1902520 135.9
1902530 135.9
1902540 135.7
1902550 135.5
1902560 135.5
1902570 135.3
1902580 135.3
1902590 135.3
1902600 135.3
1902610 135.4
1902620 135.4
1902630 135.3
1902640 134.9
1902650 134.9
1902660 134.8
1902670 134.8
1902680 134.8
1902690 134.8
1902700 134.9
1902710 134.9
1902720 134.9
1902730 134.9
1902740 134.9
1902750 134.9
1902760 134.8
1902770 134.8
1902780 134.6
1902790 134.5
1902800 134.5
1902810 134.3
1902820 134.2
1902830 134.2
1902840 134.3
1902850 134.5
1902860 134.5
1902870 134.8
1902880 135.1
1902890 135.1
1902900 135.1
1902910 135.1
1902920 135.1
1902930 135.1
1902940 135.0
1902950 135.0
1902960 134.9
1902970 134.7
1902980 134.7
1902990 134.8
1903000 135.1
1903010 135.1
1903020 135.6
1903030 136.1
1903040 136.1
1903050 136.3
1903060 136.4
1903070 136.4
1903080 136.3
1903090 136.4
1903100 136.4
