1900000 136.0
1900010 136.0
1900020 135.9
1900030 136.0
1900040 136.0
1900050 136.0
1900060 135.9
1900070 135.9
1900080 135.8
1900090 135.8
1900100 135.8
1900110 135.8
1900120 135.9
1900130 135.9
1900140 135.9
1900150 135.9
1900160 135.9
1900170 135.9
1900180 135.9
1900190 135.9
1900200 135.9
1900210 136.0
1900220 136.0
1900230 136.0
1900240 136.0
1900250 136.0
1900260 135.9
1900270 135.9
1900280 135.9
1900290 135.9
1900300 135.8
1900310 135.8
1900320 135.7
1900330 135.5
1900340 135.5
1900350 135.5
1900360 135.5
1900370 135.5
1900380 135.6
1900390 135.8
1900400 135.8
1900410 135.7
1900420 135.6
1900430 135.6
1900440 135.5
1900450 135.4
1900460 135.4
1900470 135.5
1900480 135.5
1900490 135.5
1900500 135.5
1900510 135.4
1900520 135.4
1900530 135.3
1900540 135.4
1900550 135.4
1900560 135.5
1900570 135.5
1900580 135.5
1900590 135.6
1900600 135.6
1900610 135.6
1900620 135.6
1900630 135.6
1900640 135.6
1900650 135.6
1900660 135.6
1900670 135.6
1900680 135.6
1900690 135.6
1900700 135.6
1900710 135.6
1900720 135.6
1900730 135.6
1900740 135.6
1900750 135.6
1900760 135.6
1900770 135.6
1900780 135.7
1900790 135.7
1900800 135.7
1900810 135.8
1900820 135.7
1900830 135.7
1900840 135.7
1900850 135.8
1900860 135.8
1900870 135.9
1900880 135.9
1900890 135.9
1900900 135.8
1900910 135.9
1900920 135.9
1900930 136.0
1900940 136.0
1900950 136.0
1900960 136.0
1900970 136.0
1900980 136.0
1900990 136.2
1901000 136.3
1901010 136.3
1901020 136.4
1901030 136.5
1901040 136.5
1901050 136.3
1901060 136.0
1901070 136.0
1901080 135.1
1901090 134.9
1901100 134.9
1901110 135.4
1901120 136.0
1901130 136.0
1901140 136.4
1901150 136.5
1901160 136.5
1901170 136.2
1901180 135.9
1901190 135.9
1901200 135.9
1901210 136.6
1901220 136.6
1901230 136.8
1901240 136.8
1901250 136.8
1901260 136.5
1901270 136.4
1901280 136.5
1901290 136.5
1901300 136.4
1901310 136.4
1901320 136.4
1901330 136.3
1901340 136.3
1901350 136.3
1901360 136.3
1901370 136.3
1901380 136.2
1901390 136.2
1901400 136.2
1901410 136.1
1901420 136.1
1901430 136.1
1901440 136.1
1901450 136.0
1901460 136.0
1901470 136.0
1901480 136.5
1901490 136.5
1901500 136.9
1901510 136.1
1901520 136.1
1901530 135.8
1901540 135.8
1901550 135.8
1901560 135.7
1901570 135.7
1901580 135.7
1901590 135.8
1901600 135.8
1901610 135.8
1901620 135.8
1901630 135.9
1901640 135.9
1901650 135.9
1901660 135.9
1901670 135.9
1901680 135.9
1901690 135.9
1901700 135.9
1901710 135.9
1901720 135.9
1901730 135.9
1901740 135.9
1901750 135.8
1901760 135.8
1901770 135.8
1901780 135.8
1901790 135.8
1901800 135.8
1901810 135.8
1901820 135.8
1901830 135.8
1901840 135.8
1901850 135.8
1901860 135.8
1901870 135.8
1901880 135.8
1901890 135.8
1901900 136.0
1901910 136.0
1901920 136.0
1901930 136.0
1901940 136.0
1901950 136.0
1901960 136.0
1901970 136.0
1901980 136.0
1901990 136.1
1902000 136.1
1902010 136.0
1902020 136.0
1902030 136.0
1902040 136.0
1902050 136.0
1902060 136.0
1902070 135.9
1902080 136.0
1902090 136.0
1902100 136.0
1902110 136.0
1902120 136.0
1902130 136.0
1902140 136.0
1902150 136.0
1902160 136.0
1902170 135.9
1902180 135.9
1902190 135.9
1902200 135.9
1902210 135.7
1902220 135.7
1902230 135.7
1902240 135.7
1902250 135.7
1902260 135.7
1902270 135.7
1902280 135.7
1902290 135.7
1902300 135.7
1902310 135.6
1902320 135.6
1902330 135.6
1902340 135.6
1902350 135.6
1902360 135.6
1902370 135.5
1902380 135.4
1902390 135.4
1902400 135.4
1902410 135.2
1902420 135.2
1902430 135.1
1902440 135.1
1902450 135.1
1902460 135.0
1902470 135.5
1902480 135.5
1902490 135.7
1902500 135.6
1902510 135.6
1902520 135.7
1902530 135.6
1902540 135.6
1902550 135.5
1902560 135.3
1902570 135.3
1902580 135.2
1902590 135.1
1902600 135.1
1902610 135.0
1902620 135.0
1902630 135.0
1902640 135.1
1902650 135.1
1902660 135.1
1902670 135.1
1902680 135.2
1902690 135.2
1902700 135.2
1902710 135.2
1902720 135.2
1902730 134.9
1902740 134.7
1902750 134.7
1902760 134.6
1902770 134.6
1902780 134.6
1902790 134.5
1902800 134.4
1902810 134.4
1902820 134.4
1902830 134.4
1902840 134.4
1902850 134.5
1902860 134.4
1902870 134.4
1902880 134.3
1902890 134.3
1902900 134.3
1902910 134.3
1902920 134.3
1902930 134.3
1902940 134.2
1902950 133.9
1902960 133.9
1902970 133.7
1902980 134.0
1902990 134.0
1903000 134.7
1903010 135.3
1903020 135.3
1903030 135.5
1903040 135.6
1903050 135.6
1903060 135.6
1903070 135.6
1903080 135.6
1903090 135.6
