1900000 135.7
1900010 135.7
1900020 135.7
1900030 135.6
1900040 135.7
1900050 135.7
1900060 135.7
1900070 135.8
1900080 135.8
1900090 135.8
1900100 135.8
1900110 135.9
1900120 135.9
1900130 135.9
1900140 136.0
1900150 136.0
1900160 136.0
1900170 136.0
1900180 136.0
1900190 136.0
1900200 136.0
1900210 136.0
1900220 136.0
1900230 136.1
1900240 136.1
1900250 135.8
1900260 135.6
1900270 135.6
1900280 135.6
1900290 135.6
1900300 135.6
1900310 135.6
1900320 135.6
1900330 135.6
1900340 135.5
1900350 135.6
1900360 135.6
1900370 135.6
1900380 135.6
1900390 135.6
1900400 135.6
1900410 135.7
1900420 135.7
1900430 135.7
1900440 135.7
1900450 135.7
1900460 135.7
1900470 135.7
1900480 135.7
1900490 135.6
1900500 135.5
1900510 135.5
1900520 135.5
1900530 135.5
1900540 135.5
1900550 135.5
1900560 135.5
1900570 135.5
1900580 135.6
1900590 135.6
1900600 135.6
1900610 135.7
1900620 135.6
1900630 135.6
1900640 135.6
1900650 135.7
1900660 135.7
1900670 135.7
1900680 135.7
1900690 135.7
1900700 135.6
1900710 135.6
1900720 135.6
1900730 135.6
1900740 135.6
1900750 135.6
1900760 135.6
1900770 135.6
1900780 135.6
1900790 135.7
1900800 135.8
1900810 135.8
1900820 135.8
1900830 135.8
1900840 135.8
1900850 135.8
1900860 135.8
1900870 135.8
1900880 135.8
1900890 135.8
1900900 135.8
1900910 135.8
1900920 135.8
1900930 135.8
1900940 135.8
1900950 135.9
1900960 135.9
1900970 135.9
1900980 136.0
1900990 136.0
1901000 136.0
1901010 135.9
1901020 135.9
1901030 135.9
1901040 135.9
1901050 135.9
1901060 135.9
1901070 135.9
1901080 135.9
1901090 135.9
1901100 135.9
1901110 135.9
1901120 136.0
1901130 136.0
1901140 136.0
1901150 136.0
1901160 136.0
1901170 136.0
1901180 136.0
1901190 136.0
1901200 136.0
1901210 136.0
1901220 136.0
1901230 136.0
1901240 136.0
1901250 136.0
1901260 136.0
1901270 136.0
1901280 136.1
1901290 136.1
1901300 136.2
1901310 136.3
1901320 136.3
1901330 136.3
1901340 136.4
1901350 136.4
1901360 136.3
1901370 136.3
1901380 136.3
1901390 136.2
1901400 136.2
1901410 136.2
1901420 136.3
1901430 136.3
1901440 136.3
1901450 136.3
1901460 136.3
1901470 136.3
1901480 136.4
1901490 136.4
1901500 136.4
1901510 136.5
1901520 136.5
1901530 136.5
1901540 136.5
1901550 135.9
1901560 135.9
1901570 134.9
1901580 134.2
1901590 134.2
1901600 135.6
1901610 136.7
1901620 136.7
1901630 136.7
1901640 136.5
1901650 136.5
1901660 136.5
1901670 136.5
1901680 136.5
1901690 136.5
1901700 136.4
1901710 136.4
1901720 136.5
1901730 136.7
1901740 136.7
1901750 136.8
1901760 136.7
1901770 136.7
1901780 137.0
1901790 137.2
1901800 137.2
1901810 137.7
1901820 137.8
1901830 137.8
1901840 136.5
1901850 136.0
1901860 136.0
1901870 135.9
1901880 135.9
1901890 135.9
1901900 135.9
1901910 135.9
1901920 135.9
1901930 135.9
1901940 135.9
1901950 135.9
1901960 135.9
1901970 135.9
1901980 135.9
1901990 135.8
1902000 135.7
1902010 135.7
1902020 135.7
1902030 135.6
1902040 135.6
1902050 135.6
1902060 135.6
1902070 135.6
1902080 135.6
1902090 135.5
1902100 135.5
1902110 135.5
1902120 135.4
1902130 135.4
1902140 135.4
1902150 135.3
1902160 135.3
1902170 135.4
1902180 135.4
1902190 135.4
1902200 135.3
1902210 135.2
1902220 135.2
1902230 135.3
1902240 135.4
1902250 135.4
1902260 135.5
1902270 135.4
1902280 135.4
1902290 135.4
1902300 135.4
1902310 135.4
1902320 135.3
1902330 135.3
1902340 135.3
1902350 135.3
1902360 135.4
1902370 135.4
1902380 135.4
1902390 135.2
1902400 135.2
1902410 135.0
1902420 135.0
1902430 135.1
1902440 135.1
1902450 135.1
1902460 135.2
1902470 135.2
1902480 135.2
1902490 135.2
1902500 135.2
1902510 135.2
1902520 135.2
1902530 135.2
1902540 135.1
1902550 135.1
1902560 135.1
1902570 135.1
1902580 135.1
1902590 135.1
1902600 135.2
1902610 135.1
1902620 135.1
1902630 135.1
1902640 135.0
1902650 135.0
1902660 134.9
1902670 134.9
1902680 134.9
1902690 135.1
1902700 135.2
1902710 135.2
1902720 135.2
1902730 135.1
1902740 135.3
1902750 135.2
1902760 135.2
1902770 135.2
1902780 135.3
1902790 135.4
1902800 135.4
1902810 135.4
1902820 135.4
1902830 135.4
1902840 135.3
1902850 135.3
1902860 135.3
1902870 135.3
1902880 135.6
1902890 135.6
1902900 137.2
1902910 137.9
1902920 137.9
1902930 138.0
1902940 138.0
1902950 138.0
1902960 136.7
1902970 135.4
1902980 135.4
1902990 135.2
1903000 135.1
1903010 135.1
1903020 135.2
1903030 135.5
1903040 135.5
1903050 135.6
1903060 135.8
1903070 135.8
1903080 135.9
1903090 135.8
1903100 135.8
