1900000 136.0
1900010 135.9
1900020 135.9
1900030 135.8
1900040 135.8
1900050 135.8
1900060 135.7
1900070 135.7
1900080 135.7
1900090 135.8
1900100 136.0
1900110 136.0
1900120 136.0
1900130 136.1
1900140 136.1
1900150 136.1
1900160 136.1
1900170 136.1
1900180 136.0
1900190 135.9
1900200 135.9
1900210 135.9
1900220 135.9
1900230 135.9
1900240 135.9
1900250 135.9
1900260 135.9
1900270 135.8
1900280 135.7
1900290 135.7
1900300 135.6
1900310 135.6
1900320 135.6
1900330 135.6
1900340 135.5
1900350 135.5
1900360 135.4
1900370 135.4
1900380 135.4
1900390 135.4
1900400 135.3
1900410 135.3
1900420 135.3
1900430 135.3
1900440 135.3
1900450 135.4
1900460 135.3
1900470 135.3
1900480 135.2
1900490 135.2
1900500 135.2
1900510 135.2
1900520 135.2
1900530 135.2
1900540 135.3
1900550 135.3
1900560 135.3
1900570 135.3
1900580 135.4
1900590 135.4
1900600 135.4
1900610 135.5
1900620 135.5
1900630 135.5
1900640 135.5
1900650 135.5
1900660 135.5
1900670 135.5
1900680 135.5
1900690 135.5
1900700 135.5
1900710 135.5
1900720 135.5
1900730 135.5
1900740 135.5
1900750 135.6
1900760 135.6
1900770 135.6
1900780 135.7
1900790 135.7
1900800 135.7
1900810 135.7
1900820 135.7
1900830 135.7
1900840 135.7
1900850 135.8
1900860 135.8
1900870 135.6
1900880 135.7
1900890 135.7
1900900 135.8
1900910 135.9
1900920 135.9
1900930 135.9
1900940 135.9
1900950 135.9
1900960 136.0
1900970 136.1
1900980 136.1
1900990 136.1
1901000 136.2
1901010 136.2
1901020 136.2
1901030 136.3
1901040 136.3
1901050 136.5
1901060 136.3
1901070 136.3
1901080 135.5
1901090 134.9
1901100 134.9
1901110 135.1
1901120 135.6
1901130 135.6
1901140 136.0
1901150 136.4
1901160 136.4
1901170 136.4
1901180 136.2
1901190 136.2
1901200 136.6
1901210 136.9
1901220 136.9
1901230 136.8
1901240 136.6
1901250 136.6
1901260 136.5
1901270 136.5
1901280 136.5
1901290 136.6
1901300 136.5
1901310 136.5
1901320 136.5
1901330 136.4
1901340 136.4
1901350 136.4
1901360 136.4
1901370 136.4
1901380 136.3
1901390 136.3
1901400 136.3
1901410 136.2
1901420 136.1
1901430 136.1
1901440 136.1
1901450 136.1
1901460 136.1
1901470 136.5
1901480 136.9
1901490 137.2
1901500 136.1
1901510 135.8
1901520 135.8
1901530 135.8
1901540 135.8
1901550 135.8
1901560 135.7
1901570 135.6
1901580 135.6
1901590 135.6
1901600 135.6
1901610 135.6
1901620 135.6
1901630 135.5
1901640 135.5
1901650 135.5
1901660 135.5
1901670 135.5
1901680 135.6
1901690 135.6
1901700 135.6
1901710 135.6
1901720 135.6
1901730 135.6
1901740 135.6
1901750 135.6
1901760 135.6
1901770 135.6
1901780 135.5
1901790 135.5
1901800 135.6
1901810 135.6
1901820 135.6
1901830 135.6
1901840 135.6
1901850 135.6
1901860 135.5
1901870 135.5
1901880 135.5
1901890 135.5
1901900 135.6
1901910 135.6
1901920 135.6
1901930 135.6
1901940 135.6
1901950 135.7
1901960 135.7
1901970 135.7
1901980 135.8
1901990 135.9
1902000 135.9
1902010 135.9
1902020 135.9
1902030 135.9
1902040 135.9
1902050 135.9
1902060 135.9
1902070 135.9
1902080 135.9
1902090 135.9
1902100 135.8
1902110 136.0
1902120 136.0
1902130 136.0
1902140 136.0
1902150 136.0
1902160 136.0
1902170 135.9
1902180 135.9
1902190 135.9
1902200 135.9
1902210 135.9
1902220 135.9
1902230 135.8
1902240 135.8
1902250 135.8
1902260 135.9
1902270 135.9
1902280 135.9
1902290 135.9
1902300 135.9
1902310 135.9
1902320 136.0
1902330 136.1
1902340 136.1
1902350 136.1
1902360 136.0
1902370 136.0
1902380 135.9
1902390 135.8
1902400 135.8
1902410 135.8
1902420 135.9
1902430 135.9
1902440 136.0
1902450 136.0
1902460 136.0
1902470 135.8
1902480 135.5
1902490 135.5
1902500 134.9
1902510 134.4
1902520 134.4
1902530 134.3
1902540 134.6
1902550 134.6
1902560 134.9
1902570 135.1
1902580 135.1
1902590 135.1
1902600 135.1
1902610 135.1
1902620 135.1
1902630 135.1
1902640 135.1
1902650 135.1
1902660 135.2
1902670 135.2
1902680 135.2
1902690 135.3
1902700 135.3
1902710 135.2
1902720 134.9
1902730 134.9
1902740 134.7
1902750 134.6
1902760 134.6
1902770 134.5
1902780 134.5
1902790 134.5
1902800 134.4
1902810 134.3
1902820 134.3
1902830 134.4
1902840 134.4
1902850 134.4
1902860 134.3
1902870 134.2
1902880 134.2
1902890 134.2
1902900 134.2
1902910 134.2
1902920 134.2
1902930 134.1
1902940 134.1
1902950 133.9
1902960 133.9
1902970 133.9
1902980 134.2
1902990 134.9
1903000 134.9
1903010 135.4
1903020 135.5
1903030 135.5
1903040 135.6
1903050 135.6
1903060 135.6
1903070 135.5
1903080 135.5
1903090 135.5
