1900000 136.9
1900010 136.9
1900020 136.9
1900030 136.8
1900040 136.7
1900050 136.7
1900060 136.7
1900070 136.5
1900080 136.5
1900090 136.5
1900100 136.4
1900110 136.4
1900120 136.2
1900130 136.0
1900140 136.0
1900150 136.0
1900160 135.9
1900170 135.9
1900180 135.8
1900190 135.8
1900200 135.8
1900210 135.8
1900220 135.8
1900230 135.8
1900240 135.8
1900250 136.0
1900260 136.0
1900270 136.0
1900280 136.1
1900290 136.1
1900300 136.2
1900310 136.2
1900320 136.2
1900330 136.3
1900340 136.3
1900350 136.3
1900360 136.3
1900370 136.2
1900380 136.2
1900390 136.2
1900400 136.2
1900410 136.2
1900420 136.3
1900430 136.2
1900440 136.2
1900450 136.3
1900460 136.4
1900470 136.4
1900480 136.3
1900490 136.1
1900500 136.1
1900510 136.2
1900520 136.1
1900530 136.1
1900540 136.0
1900550 136.0
1900560 136.0
1900570 136.0
1900580 135.9
1900590 135.9
1900600 135.9
1900610 135.9
1900620 135.9
1900630 135.9
1900640 135.8
1900650 135.8
1900660 135.8
1900670 135.8
1900680 135.8
1900690 135.8
1900700 135.7
1900710 135.7
1900720 135.7
1900730 135.8
1900740 135.8
1900750 135.9
1900760 136.0
1900770 136.0
1900780 136.1
1900790 136.0
1900800 136.0
1900810 136.0
1900820 136.0
1900830 136.0
1900840 136.0
1900850 136.0
1900860 136.0
1900870 136.1
1900880 136.2
1900890 136.2
1900900 136.2
1900910 136.2
1900920 136.2
1900930 136.2
1900940 136.1
1900950 136.1
1900960 135.9
1900970 135.7
1900980 135.7
1900990 135.6
1901000 135.5
1901010 135.5
1901020 135.6
1901030 135.6
1901040 135.6
1901050 135.7
1901060 135.7
1901070 135.7
1901080 135.9
1901090 135.9
1901100 135.9
1901110 135.9
1901120 136.0
1901130 136.0
1901140 136.0
1901150 136.0
1901160 136.0
1901170 136.1
1901180 135.9
1901190 135.9
1901200 136.0
1901210 136.2
1901220 136.2
1901230 136.4
1901240 136.6
1901250 136.6
1901260 136.7
1901270 136.6
1901280 136.6
1901290 136.5
1901300 136.5
1901310 136.5
1901320 136.5
1901330 136.4
1901340 136.4
1901350 136.3
1901360 136.4
1901370 136.5
1901380 136.5
1901390 136.7
1901400 136.7
1901410 136.3
1901420 135.9
1901430 135.6
1901440 135.6
1901450 135.5
1901460 135.6
1901470 135.6
1901480 135.5
1901490 135.5
1901500 135.5
1901510 135.6
1901520 135.7
1901530 135.7
1901540 135.7
1901550 135.9
1901560 135.9
1901570 136.2
1901580 135.7
1901590 135.7
1901600 136.6
1901610 136.4
1901620 136.4
1901630 136.0
1901640 135.6
1901650 135.6
1901660 135.4
1901670 135.3
1901680 135.3
1901690 135.2
1901700 135.1
1901710 135.1
1901720 134.7
1901730 134.6
1901740 134.6
1901750 134.2
1901760 134.1
1901770 134.1
1901780 134.5
1901790 134.7
1901800 134.7
1901810 135.0
1901820 135.1
1901830 135.1
1901840 135.3
1901850 135.2
1901860 135.2
1901870 135.5
1901880 136.0
1901890 136.0
1901900 136.3
1901910 136.4
1901920 136.4
1901930 136.4
1901940 136.4
1901950 136.4
1901960 136.3
1901970 136.4
1901980 136.4
1901990 136.4
1902000 136.4
1902010 136.4
1902020 136.4
1902030 136.3
1902040 136.3
1902050 136.4
1902060 136.4
1902070 136.4
1902080 136.4
1902090 136.4
1902100 136.4
1902110 136.5
1902120 136.7
1902130 136.7
1902140 136.4
1902150 136.2
1902160 136.2
1902170 136.3
1902180 136.5
1902190 136.5
1902200 136.4
1902210 135.6
1902220 135.6
1902230 135.5
1902240 135.7
1902250 135.7
1902260 135.8
1902270 136.0
1902280 136.0
1902290 136.2
1902300 136.3
1902310 136.3
1902320 136.6
1902330 141.1
1902340 137.5
1902350 137.8
1902360 136.1
1902370 136.1
1902380 135.6
1902390 135.6
1902400 135.6
1902410 136.0
1902420 136.1
1902430 136.1
1902440 136.1
1902450 136.0
1902460 136.0
1902470 136.0
1902480 135.9
1902490 135.9
1902500 135.8
1902510 135.7
1902520 135.7
1902530 135.7
1902540 136.2
1902550 136.2
1902560 136.2
1902570 135.6
1902580 135.6
1902590 135.5
1902600 135.6
1902610 135.6
1902620 135.6
1902630 135.5
1902640 135.5
1902650 135.3
1902660 135.0
1902670 135.0
1902680 135.3
1902690 135.5
1902700 135.5
1902710 135.5
1902720 135.4
1902730 135.4
1902740 135.3
1902750 135.5
1902760 135.5
1902770 135.5
1902780 135.5
1902790 135.5
1902800 135.5
1902810 135.5
1902820 135.5
1902830 135.5
1902840 135.5
1902850 135.5
1902860 135.5
1902870 135.5
1902880 135.5
1902890 135.5
1902900 135.5
1902910 135.5
1902920 135.5
1902930 135.5
1902940 135.5
1902950 135.5
1902960 135.5
1902970 135.5
1902980 135.5
1902990 135.5
1903000 135.5
1903010 135.5
1903020 135.5
1903030 135.5
1903040 135.4
1903050 135.4
1903060 135.4
1903070 135.6
1903080 135.7
1903090 135.7
1903100 135.5
