1900000 136.1
1900010 135.9
1900020 135.9
1900030 135.9
1900040 135.8
1900050 135.8
1900060 135.7
1900070 135.6
1900080 135.6
1900090 135.6
1900100 135.7
1900110 135.7
1900120 135.7
1900130 135.7
1900140 135.7
1900150 135.7
1900160 135.6
1900170 135.6
1900180 135.6
1900190 135.5
1900200 135.4
1900210 135.4
1900220 135.3
1900230 135.3
1900240 135.3
1900250 135.4
1900260 135.5
1900270 135.5
1900280 135.5
1900290 135.6
1900300 135.6
1900310 135.6
1900320 135.6
1900330 135.6
1900340 135.7
1900350 135.7
1900360 135.7
1900370 135.9
1900380 135.9
1900390 135.9
1900400 136.3
1900410 136.2
1900420 136.2
1900430 135.9
1900440 135.9
1900450 135.9
1900460 135.9
1900470 135.9
1900480 135.9
1900490 135.9
1900500 135.8
1900510 135.8
1900520 135.8
1900530 135.8
1900540 135.8
1900550 135.8
1900560 135.9
1900570 135.9
1900580 136.0
1900590 136.0
1900600 136.0
1900610 135.9
1900620 135.9
1900630 135.9
1900640 135.9
1900650 135.9
1900660 135.9
1900670 135.8
1900680 135.9
1900690 135.9
1900700 136.0
1900710 136.0
1900720 136.0
1900730 136.0
1900740 136.0
1900750 136.0
1900760 136.0
1900770 136.0
1900780 136.0
1900790 136.0
1900800 136.0
1900810 136.0
1900820 136.0
1900830 136.0
1900840 136.0
1900850 136.0
1900860 136.1
1900870 136.1
1900880 136.1
1900890 135.9
1900900 135.9
1900910 136.0
1900920 136.0
1900930 136.0
1900940 135.8
1900950 135.7
1900960 135.7
1900970 135.7
1900980 135.7
1900990 135.8
1901000 135.8
1901010 135.8
1901020 135.8
1901030 135.7
1901040 135.6
1901050 135.6
1901060 135.7
1901070 135.7
1901080 135.7
1901090 135.7
1901100 135.7
1901110 135.7
1901120 135.8
1901130 135.9
1901140 135.9
1901150 136.0
1901160 136.2
1901170 136.2
1901180 136.2
1901190 136.3
1901200 136.3
1901210 136.4
1901220 136.5
1901230 136.5
1901240 136.5
1901250 136.6
1901260 136.6
1901270 136.5
1901280 136.6
1901290 136.6
1901300 136.7
1901310 136.3
1901320 136.3
1901330 135.9
1901340 135.6
1901350 135.6
1901360 135.3
1901370 135.3
1901380 135.3
1901390 135.5
1901400 136.0
1901410 136.0
1901420 136.3
1901430 136.5
1901440 136.5
1901450 136.6
1901460 136.7
1901470 136.7
1901480 136.7
1901490 136.6
1901500 136.6
1901510 136.5
1901520 136.4
1901530 136.4
1901540 136.4
1901550 136.4
1901560 136.4
1901570 136.3
1901580 136.2
1901590 136.2
1901600 136.2
1901610 136.1
1901620 136.1
1901630 136.2
1901640 136.3
1901650 136.3
1901660 136.3
1901670 136.3
1901680 136.3
1901690 136.3
1901700 136.3
1901710 136.3
1901720 136.3
1901730 136.3
1901740 136.1
1901750 136.1
1901760 136.0
1901770 136.1
1901780 136.1
1901790 136.2
1901800 135.9
1901810 135.9
1901820 135.5
1901830 136.2
1901840 136.2
1901850 136.2
1901860 136.1
1901870 136.1
1901880 136.2
1901890 136.4
1901900 136.4
1901910 136.3
1901920 136.2
1901930 136.2
1901940 135.8
1901950 136.0
1901960 136.0
1901970 137.1
1901980 136.2
1901990 136.2
1902000 135.1
1902010 134.7
1902020 134.7
1902030 134.5
1902040 134.4
1902050 134.4
1902060 134.4
1902070 134.3
1902080 134.3
1902090 134.5
1902100 134.8
1902110 134.8
1902120 135.2
1902130 135.7
1902140 135.7
1902150 135.8
1902160 135.9
1902170 135.9
1902180 136.0
1902190 136.2
1902200 136.2
1902210 136.4
1902220 136.2
1902230 136.0
1902240 135.8
1902250 135.6
1902260 135.6
1902270 135.5
1902280 135.6
1902290 135.6
1902300 135.7
1902310 135.8
1902320 135.8
1902330 135.9
1902340 136.0
1902350 136.0
1902360 135.9
1902370 135.9
1902380 135.9
1902390 135.8
1902400 135.8
1902410 135.8
1902420 135.7
1902430 135.6
1902440 135.6
1902450 135.5
1902460 135.5
1902470 135.5
1902480 135.4
1902490 135.4
1902500 135.4
1902510 135.4
1902520 135.3
1902530 135.3
1902540 135.3
1902550 135.2
1902560 135.2
1902570 135.1
1902580 135.0
1902590 135.0
1902600 135.0
1902610 135.0
1902620 135.0
1902630 135.4
1902640 136.7
1902650 136.7
1902660 139.2
1902670 140.2
1902680 140.2
1902690 140.2
1902700 140.2
1902710 140.2
1902720 139.6
1902730 137.1
1902740 137.1
1902750 135.3
1902760 134.8
1902770 134.8
1902780 134.7
1902790 135.0
1902800 135.0
1902810 135.2
1902820 135.1
1902830 135.1
1902840 135.6
1902850 135.9
1902860 135.9
1902870 135.5
1902880 136.8
1902890 136.8
1902900 137.6
1902910 137.4
1902920 137.4
1902930 136.8
1902940 136.4
1902950 136.4
1902960 136.6
1902970 136.6
1902980 136.6
1902990 136.5
1903000 136.6
1903010 136.6
1903020 136.5
1903030 136.5
1903040 136.5
1903050 136.4
1903060 136.3
1903070 136.3
1903080 136.0
1903090 135.7
1903100 135.7
