1900000 136.5
1900010 136.5
1900020 136.4
1900030 136.3
1900040 136.3
1900050 136.3
1900060 136.3
1900070 136.3
1900080 136.3
1900090 136.2
1900100 136.2
1900110 136.2
1900120 136.3
1900130 136.3
1900140 136.2
1900150 136.3
1900160 136.3
1900170 136.5
1900180 136.5
1900190 136.5
1900200 136.5
1900210 136.6
1900220 136.6
1900230 136.7
1900240 136.8
1900250 136.8
1900260 136.7
1900270 136.7
1900280 136.7
1900290 136.7
1900300 136.7
1900310 136.7
1900320 136.9
1900330 136.8
1900340 136.8
1900350 136.7
1900360 136.7
1900370 136.7
1900380 136.6
1900390 136.6
1900400 136.6
1900410 136.5
1900420 136.4
1900430 136.4
1900440 136.2
1900450 136.2
1900460 136.2
1900470 136.1
1900480 136.1
1900490 136.1
1900500 136.0
1900510 135.9
1900520 135.9
1900530 136.0
1900540 136.0
1900550 136.0
1900560 135.8
1900570 135.8
1900580 135.8
1900590 135.8
1900600 135.8
1900610 135.8
1900620 135.8
1900630 135.8
1900640 135.8
1900650 135.7
1900660 135.8
1900670 135.8
1900680 135.9
1900690 135.9
1900700 135.9
1900710 135.9
1900720 135.8
1900730 135.8
1900740 135.8
1900750 135.8
1900760 135.8
1900770 135.8
1900780 135.7
1900790 135.7
1900800 135.7
1900810 135.6
1900820 135.6
1900830 135.6
1900840 135.7
1900850 135.7
1900860 135.7
1900870 135.8
1900880 135.8
1900890 135.8
1900900 135.8
1900910 135.8
1900920 135.7
1900930 135.6
1900940 135.6
1900950 135.5
1900960 135.4
1900970 135.4
1900980 135.4
1900990 135.5
1901000 135.5
1901010 135.7
1901020 135.8
1901030 135.8
1901040 135.9
1901050 135.9
1901060 135.9
1901070 135.9
1901080 136.0
1901090 136.0
1901100 136.1
1901110 136.2
1901120 136.2
1901130 136.3
1901140 136.3
1901150 136.3
1901160 136.4
1901170 136.4
1901180 136.4
1901190 136.5
1901200 136.6
1901210 136.6
1901220 136.5
1901230 136.2
1901240 136.2
1901250 136.2
1901260 136.2
1901270 136.2
1901280 136.3
1901290 136.4
1901300 136.4
1901310 136.4
1901320 136.4
1901330 136.4
1901340 136.4
1901350 135.7
1901360 135.7
1901370 135.6
1901380 135.9
1901390 135.9
1901400 136.4
1901410 136.5
1901420 136.5
1901430 136.6
1901440 136.6
1901450 136.6
1901460 136.7
1901470 137.0
1901480 137.0
1901490 138.6
1901500 140.2
1901510 140.2
1901520 138.5
1901530 136.3
1901540 136.3
1901550 138.7
1901560 141.3
1901570 141.3
1901580 141.5
1901590 140.6
1901600 140.6
1901610 140.1
1901620 139.0
1901630 139.0
1901640 138.6
1901650 138.4
1901660 138.4
1901670 138.3
1901680 138.5
1901690 138.5
1901700 137.0
1901710 135.7
1901720 136.6
1901730 135.6
1901740 134.5
1901750 134.0
1901760 134.0
1901770 133.9
1901780 133.8
1901790 133.8
1901800 133.6
1901810 133.4
1901820 133.4
1901830 133.7
1901840 135.2
1901850 135.2
1901860 134.3
1901870 133.8
1901880 133.8
1901890 134.3
1901900 134.7
1901910 134.7
1901920 135.2
1901930 135.6
1901940 135.6
1901950 136.1
1901960 136.1
1901970 136.1
1901980 136.2
1901990 136.1
1902000 136.1
1902010 136.4
1902020 136.4
1902030 136.4
1902040 136.5
1902050 136.5
1902060 136.5
1902070 136.5
1902080 136.6
1902090 136.6
1902100 136.5
1902110 136.4
1902120 136.4
1902130 136.5
1902140 136.8
1902150 136.8
1902160 137.6
1902170 137.0
1902180 137.0
1902190 136.5
1902200 136.4
1902210 136.4
1902220 136.4
1902230 136.5
1902240 136.5
1902250 136.5
1902260 136.4
1902270 136.4
1902280 136.2
1902290 136.1
1902300 136.1
1902310 135.7
1902320 135.4
1902330 135.4
1902340 135.5
1902350 135.5
1902360 135.5
1902370 135.6
1902380 135.5
1902390 135.5
1902400 135.3
1902410 135.4
1902420 135.4
1902430 135.5
1902440 135.4
1902450 135.4
1902460 135.5
1902470 135.5
1902480 135.5
1902490 135.7
1902500 136.1
1902510 136.1
1902520 135.7
1902530 135.3
1902540 135.3
1902550 135.2
1902560 135.2
1902570 135.2
1902580 135.3
1902590 135.4
1902600 135.4
1902610 135.6
1902620 135.6
1902630 135.6
1902640 135.7
1902650 135.8
1902660 135.8
1902670 135.9
1902680 135.9
1902690 135.9
1902700 135.8
1902710 135.6
1902720 135.6
1902730 135.5
1902740 135.4
1902750 135.4
1902760 135.4
1902770 135.3
1902780 135.3
1902790 135.3
1902800 135.3
1902810 135.3
1902820 135.3
1902830 135.3
1902840 135.3
1902850 135.3
1902860 135.3
1902870 135.3
1902880 135.3
1902890 135.3
1902900 135.3
1902910 135.3
1902920 135.3
1902930 135.3
1902940 135.3
1902950 135.3
1902960 135.3
1902970 135.3
1902980 135.4
1902990 135.4
1903000 135.5
1903010 135.5
1903020 135.5
1903030 135.5
1903040 135.5
1903050 135.5
1903060 135.8
1903070 135.9
1903080 135.9
1903090 135.9
1903100 135.8
1903110 135.8
