1900000 135.9
1900010 136.0
1900020 135.8
1900030 135.8
1900040 135.7
1900050 135.7
1900060 135.7
1900070 135.6
1900080 135.6
1900090 135.6
1900100 135.7
1900110 135.7
1900120 135.7
1900130 135.7
1900140 135.7
1900150 135.7
1900160 135.5
1900170 135.4
1900180 135.4
1900190 135.3
1900200 135.3
1900210 135.3
1900220 135.3
1900230 135.4
1900240 135.4
1900250 135.5
1900260 135.5
1900270 135.5
1900280 135.5
1900290 135.6
1900300 135.6
1900310 135.6
1900320 135.7
1900330 135.7
1900340 135.8
1900350 135.8
1900360 135.8
1900370 135.9
1900380 135.9
1900390 135.9
1900400 136.3
1900410 136.2
1900420 136.2
1900430 135.9
1900440 135.9
1900450 135.9
1900460 135.9
1900470 135.9
1900480 135.9
1900490 135.8
1900500 135.9
1900510 135.9
1900520 135.9
1900530 135.9
1900540 135.9
1900550 136.2
1900560 136.2
1900570 136.2
1900580 136.1
1900590 136.0
1900600 136.0
1900610 136.0
1900620 136.0
1900630 136.0
1900640 136.0
1900650 136.0
1900660 136.0
1900670 135.9
1900680 135.9
1900690 135.9
1900700 136.0
1900710 136.0
1900720 136.0
1900730 136.0
1900740 136.0
1900750 136.0
1900760 136.0
1900770 136.0
1900780 136.1
1900790 136.1
1900800 136.1
1900810 136.1
1900820 136.1
1900830 136.1
1900840 136.1
1900850 136.1
1900860 136.1
1900870 136.1
1900880 136.1
1900890 136.1
1900900 136.1
1900910 136.0
1900920 136.2
1900930 136.2
1900940 136.0
1900950 135.9
1900960 135.9
1900970 135.8
1900980 135.8
1900990 135.8
1901000 135.8
1901010 135.8
1901020 135.8
1901030 135.7
1901040 135.6
1901050 135.6
1901060 135.7
1901070 135.7
1901080 135.7
1901090 135.8
1901100 135.8
1901110 135.8
1901120 135.9
1901130 135.9
1901140 135.9
1901150 136.1
1901160 136.2
1901170 136.2
1901180 136.4
1901190 136.4
1901200 136.4
1901210 136.5
1901220 136.6
1901230 136.6
1901240 136.7
1901250 136.6
1901260 136.6
1901270 136.7
1901280 136.8
1901290 136.8
1901300 136.7
1901310 136.3
1901320 136.3
1901330 135.9
1901340 135.6
1901350 135.6
1901360 135.3
1901370 135.3
1901380 135.3
1901390 135.5
1901400 136.3
1901410 136.3
1901420 136.5
1901430 136.6
1901440 136.6
1901450 136.7
1901460 136.7
1901470 136.7
1901480 136.6
1901490 136.5
1901500 136.5
1901510 136.4
1901520 136.3
1901530 136.3
1901540 136.3
1901550 136.2
1901560 136.2
1901570 136.2
1901580 136.1
1901590 136.1
1901600 136.1
1901610 136.1
1901620 136.1
1901630 136.2
1901640 136.3
1901650 136.3
1901660 136.3
1901670 136.3
1901680 136.3
1901690 136.3
1901700 136.3
1901710 136.2
1901720 136.2
1901730 136.1
1901740 136.1
1901750 136.0
1901760 136.1
1901770 136.1
1901780 136.2
1901790 136.4
1901800 136.4
1901810 135.9
1901820 136.1
1901830 136.1
1901840 136.1
1901850 135.9
1901860 135.9
1901870 135.9
1901880 135.9
1901890 135.9
1901900 136.0
1901910 136.4
1901920 136.4
1901930 136.2
1901940 135.8
1901950 136.0
1901960 136.0
1901970 137.1
1901980 136.2
1901990 136.2
1902000 135.1
1902010 134.7
1902020 134.6
1902030 134.3
1902040 134.1
1902050 134.1
1902060 134.5
1902070 134.6
1902080 134.6
1902090 135.1
1902100 135.5
1902110 135.5
1902120 135.8
1902130 136.0
1902140 136.0
1902150 136.0
1902160 136.3
1902170 136.3
1902180 136.4
1902190 136.4
1902200 136.4
1902210 136.2
1902220 136.0
1902230 136.0
1902240 135.8
1902250 135.6
1902260 135.6
1902270 135.5
1902280 135.6
1902290 135.6
1902300 135.7
1902310 135.8
1902320 135.8
1902330 135.9
1902340 135.9
1902350 135.9
1902360 135.9
1902370 135.9
1902380 135.9
1902390 135.8
1902400 135.8
1902410 135.8
1902420 135.7
1902430 135.5
1902440 135.5
1902450 135.5
1902460 135.4
1902470 135.4
1902480 135.3
1902490 135.3
1902500 135.3
1902510 135.4
1902520 135.3
1902530 135.3
1902540 135.3
1902550 135.2
1902560 135.2
1902570 135.1
1902580 135.0
1902590 135.0
1902600 135.0
1902610 135.0
1902620 135.0
1902630 135.4
1902640 139.5
1902650 139.5
1902660 140.4
1902670 140.4
1902680 140.4
1902690 140.3
1902700 139.5
1902710 139.5
1902720 136.8
1902730 135.3
1902740 135.3
1902750 134.9
1902760 134.8
1902770 134.8
1902780 135.0
1902790 135.2
1902800 135.2
1902810 135.1
1902820 135.5
1902830 135.5
1902840 136.1
1902850 135.9
1902860 135.9
1902870 135.5
1902880 136.8
1902890 136.8
1902900 137.6
1902910 137.4
1902920 137.4
1902930 136.8
1902940 136.4
1902950 135.4
1902960 135.5
1902970 135.6
1902980 135.6
1902990 136.0
1903000 136.4
1903010 136.4
1903020 136.5
1903030 136.4
1903040 136.4
1903050 136.4
1903060 136.2
1903070 136.2
1903080 135.9
1903090 135.7
1903100 135.7
