1900000 135.6
1900010 135.6
1900020 135.6
1900030 135.5
1900040 135.5
1900050 135.7
1900060 136.0
1900070 136.0
1900080 136.2
1900090 136.1
1900100 136.1
1900110 136.1
1900120 136.3
1900130 136.3
1900140 136.5
1900150 136.4
1900160 136.4
1900170 136.6
1900180 136.6
1900190 136.6
1900200 136.5
1900210 136.4
1900220 136.4
1900230 136.4
1900240 136.3
1900250 136.3
1900260 136.3
1900270 136.3
1900280 136.3
1900290 136.3
1900300 136.2
1900310 136.2
1900320 136.2
1900330 136.3
1900340 136.3
1900350 136.3
1900360 136.4
1900370 136.4
1900380 136.4
1900390 136.2
1900400 136.2
1900410 136.3
1900420 136.3
1900430 136.3
1900440 136.3
1900450 136.4
1900460 136.4
1900470 136.3
1900480 136.3
1900490 136.3
1900500 136.3
1900510 136.3
1900520 136.3
1900530 136.3
1900540 136.3
1900550 136.3
1900560 136.3
1900570 136.3
1900580 136.3
1900590 136.3
1900600 136.3
1900610 136.3
1900620 136.2
1900630 136.2
1900640 136.2
1900650 136.2
1900660 136.2
1900670 136.2
1900680 136.3
1900690 136.3
1900700 136.3
1900710 136.4
1900720 136.4
1900730 136.4
1900740 136.4
1900750 136.5
1900760 136.5
1900770 136.5
1900780 136.4
1900790 136.4
1900800 136.4
1900810 136.4
1900820 136.4
1900830 136.4
1900840 136.4
1900850 136.4
1900860 136.3
1900870 136.3
1900880 136.3
1900890 136.3
1900900 136.2
1900910 136.2
1900920 136.1
1900930 136.0
1900940 136.0
1900950 135.9
1900960 135.8
1900970 135.8
1900980 135.8
1900990 135.9
1901000 135.9
1901010 135.8
1901020 135.8
1901030 135.8
1901040 135.8
1901050 135.9
1901060 135.9
1901070 135.8
1901080 135.8
1901090 135.8
1901100 135.9
1901110 136.0
1901120 136.0
1901130 135.9
1901140 135.9
1901150 135.9
1901160 136.0
1901170 136.1
1901180 136.1
1901190 135.8
1901200 135.7
1901210 135.7
1901220 135.2
1901230 135.2
1901240 135.2
1901250 135.2
1901260 135.3
1901270 135.3
1901280 135.3
1901290 135.4
1901300 135.4
1901310 135.6
1901320 135.7
1901330 135.7
1901340 135.9
1901350 136.1
1901360 136.1
1901370 136.1
1901380 136.3
1901390 136.3
1901400 136.4
1901410 136.5
1901420 136.5
1901430 136.4
1901440 136.3
1901450 136.3
1901460 136.3
1901470 136.4
1901480 136.4
1901490 136.4
1901500 136.4
1901510 136.3
1901520 136.2
1901530 136.2
1901540 136.2
1901550 136.4
1901560 136.5
1901570 136.5
1901580 136.5
1901590 136.3
1901600 136.3
1901610 136.2
1901620 136.2
1901630 136.2
1901640 136.1
1901650 136.1
1901660 136.1
1901670 136.1
1901680 136.1
1901690 136.1
1901700 136.1
1901710 136.1
1901720 136.1
1901730 136.2
1901740 136.1
1901750 136.1
1901760 135.9
1901770 135.8
1901780 135.8
1901790 135.8
1901800 135.8
1901810 135.8
1901820 135.7
1901830 135.7
1901840 135.7
1901850 135.7
1901860 135.9
1901870 135.9
1901880 135.9
1901890 136.0
1901900 136.0
1901910 136.3
1901920 136.4
1901930 136.4
1901940 136.2
1901950 136.0
1901960 136.0
1901970 135.8
1901980 135.7
1901990 135.7
1902000 135.6
1902010 136.1
1902020 136.1
1902030 136.4
1902040 136.2
1902050 136.2
1902060 136.2
1902070 136.3
1902080 136.3
1902090 136.5
1902100 136.7
1902110 136.7
1902120 135.7
1902130 135.6
1902140 135.6
1902150 135.8
1902160 135.9
1902170 135.9
1902180 135.8
1902190 135.7
1902200 135.7
1902210 135.8
1902220 135.7
1902230 135.7
1902240 135.7
1902250 135.5
1902260 135.4
1902270 135.4
1902280 135.2
1902290 134.8
1902300 134.8
1902310 134.8
1902320 134.9
1902330 134.9
1902340 135.0
1902350 135.2
1902360 135.2
1902370 135.3
1902380 135.4
1902390 135.4
1902400 135.6
1902410 136.8
1902420 136.8
1902430 139.3
1902440 143.5
1902450 143.5
1902460 143.4
1902470 143.2
1902480 143.2
1902490 142.6
1902500 140.2
1902510 140.2
1902520 137.2
1902530 135.9
1902540 135.9
1902550 135.8
1902560 135.4
1902570 135.4
1902580 135.4
1902590 135.4
1902600 135.4
1902610 135.4
1902620 135.4
1902630 135.4
1902640 135.3
1902650 136.1
1902660 136.1
1902670 136.3
1902680 135.6
1902690 135.6
1902700 135.4
1902710 135.7
1902720 135.7
1902730 135.7
1902740 135.5
1902750 135.4
1902760 135.4
1902770 135.4
1902780 135.4
1902790 135.4
1902800 135.3
1902810 135.3
1902820 135.3
1902830 135.3
1902840 135.3
1902850 135.3
1902860 135.1
1902870 135.1
1902880 134.9
1902890 135.2
1902900 135.2
1902910 135.4
1902920 135.4
1902930 135.4
1902940 135.4
1902950 135.4
1902960 135.4
1902970 135.3
1902980 135.4
1902990 135.4
1903000 135.4
1903010 135.4
1903020 135.4
1903030 135.4
1903040 135.4
1903050 135.4
1903060 135.5
1903070 135.5
1903080 135.5
1903090 135.3
