1900000 135.3
1900010 135.3
1900020 135.8
1900030 135.7
1900040 135.7
1900050 135.5
1900060 135.7
1900070 135.7
1900080 135.6
1900090 135.6
1900100 135.6
1900110 135.5
1900120 135.5
1900130 135.5
1900140 135.6
1900150 135.7
1900160 135.8
1900170 135.8
1900180 135.9
1900190 135.9
1900200 135.9
1900210 136.0
1900220 136.0
1900230 136.0
1900240 136.1
1900250 136.2
1900260 136.2
1900270 136.3
1900280 136.4
1900290 136.4
1900300 136.5
1900310 136.7
1900320 136.7
1900330 136.8
1900340 136.6
1900350 136.6
1900360 136.5
1900370 136.3
1900380 136.3
1900390 136.4
1900400 136.4
1900410 136.4
1900420 136.4
1900430 136.3
1900440 136.3
1900450 136.4
1900460 136.4
1900470 136.4
1900480 136.4
1900490 136.4
1900500 136.4
1900510 136.3
1900520 136.3
1900530 136.3
1900540 136.4
1900550 136.3
1900560 136.3
1900570 136.3
1900580 136.3
1900590 136.3
1900600 136.3
1900610 136.3
1900620 136.3
1900630 136.3
1900640 136.2
1900650 136.2
1900660 136.2
1900670 136.2
1900680 136.2
1900690 136.1
1900700 136.1
1900710 136.1
1900720 136.1
1900730 136.0
1900740 136.0
1900750 136.0
1900760 135.9
1900770 135.9
1900780 135.9
1900790 135.9
1900800 135.9
1900810 135.8
1900820 135.8
1900830 135.8
1900840 135.8
1900850 135.8
1900860 135.8
1900870 135.8
1900880 135.8
1900890 135.9
1900900 135.9
1900910 135.8
1900920 135.8
1900930 135.9
1900940 135.8
1900950 135.8
1900960 135.8
1900970 135.8
1900980 135.8
1900990 135.8
1901000 136.0
1901010 136.0
1901020 136.0
1901030 135.8
1901040 135.8
1901050 135.9
1901060 135.9
1901070 135.9
1901080 135.9
1901090 135.9
1901100 135.9
1901110 136.0
1901120 136.2
1901130 136.2
1901140 136.4
1901150 136.3
1901160 136.3
1901170 136.2
1901180 135.5
1901190 135.5
1901200 134.8
1901210 135.3
1901220 135.3
1901230 136.0
1901240 136.3
1901250 136.3
1901260 136.3
1901270 136.3
1901280 136.3
1901290 136.5
1901300 136.7
1901310 136.7
1901320 136.8
1901330 136.8
1901340 136.8
1901350 136.6
1901360 136.5
1901370 136.5
1901380 136.5
1901390 136.5
1901400 136.5
1901410 136.4
1901420 136.3
1901430 136.3
1901440 136.3
1901450 136.2
1901460 136.2
1901470 136.2
1901480 136.2
1901490 136.2
1901500 136.2
1901510 136.2
1901520 136.2
1901530 136.1
1901540 136.0
1901550 136.0
1901560 135.8
1901570 135.8
1901580 135.8
1901590 135.8
1901600 135.8
1901610 135.8
1901620 135.8
1901630 135.9
1901640 135.9
1901650 136.0
1901660 136.2
1901670 136.2
1901680 136.1
1901690 135.9
1901700 135.9
1901710 135.8
1901720 135.9
1901730 135.9
1901740 135.8
1901750 135.8
1901760 135.8
1901770 135.7
1901780 135.8
1901790 135.8
1901800 135.9
1901810 135.9
1901820 136.0
1901830 136.0
1901840 136.0
1901850 136.0
1901860 136.0
1901870 136.0
1901880 136.0
1901890 135.8
1901900 135.6
1901910 135.6
1901920 135.6
1901930 135.8
1901940 135.8
1901950 136.0
1901960 136.1
1901970 136.1
1901980 136.3
1901990 136.4
1902000 136.4
1902010 136.2
1902020 135.9
1902030 135.9
1902040 136.3
1902050 137.1
1902060 137.1
1902070 135.8
1902080 135.8
1902090 135.8
1902100 136.1
1902110 136.1
1902120 136.1
1902130 136.1
1902140 136.1
1902150 136.1
1902160 136.0
1902170 135.9
1902180 135.9
1902190 135.9
1902200 135.9
1902210 135.9
1902220 135.8
1902230 135.7
1902240 135.7
1902250 135.6
1902260 135.4
1902270 135.4
1902280 135.2
1902290 135.1
1902300 135.1
1902310 135.1
1902320 135.2
1902330 135.2
1902340 135.3
1902350 135.5
1902360 135.5
1902370 135.5
1902380 135.5
1902390 135.5
1902400 135.5
1902410 135.4
1902420 135.4
1902430 135.3
1902440 135.2
1902450 135.2
1902460 135.1
1902470 135.2
1902480 135.2
1902490 135.4
1902500 137.3
1902510 137.3
1902520 140.1
1902530 141.8
1902540 141.8
1902550 142.0
1902560 141.9
1902570 141.7
1902580 141.7
1902590 139.8
1902600 136.9
1902610 136.9
1902620 135.6
1902630 135.2
1902640 135.2
1902650 135.0
1902660 134.9
1902670 134.9
1902680 135.1
1902690 135.4
1902700 135.4
1902710 135.3
1902720 136.2
1902730 136.2
1902740 136.5
1902750 135.6
1902760 135.6
1902770 136.8
1902780 137.8
1902790 137.8
1902800 137.8
1902810 137.9
1902820 137.9
1902830 137.7
1902840 137.4
1902850 137.4
1902860 137.0
1902870 137.1
1902880 137.1
1902890 136.9
1902900 137.1
1902910 137.1
1902920 137.1
1902930 137.5
1902940 137.5
1902950 137.8
1902960 138.4
1902970 138.4
1902980 138.0
1902990 138.5
1903000 138.5
1903010 136.5
1903020 135.7
1903030 135.7
1903040 135.8
1903050 135.7
1903060 135.7
1903070 135.5
1903080 135.4
1903090 135.4
1903100 135.4
