1900000 136.1
1900010 136.1
1900020 136.1
1900030 136.1
1900040 136.3
1900050 136.3
1900060 136.3
1900070 136.5
1900080 136.6
1900090 136.6
1900100 136.7
1900110 136.7
1900120 136.7
1900130 136.8
1900140 136.9
1900150 136.9
1900160 136.8
1900170 136.8
1900180 136.8
1900190 136.8
1900200 136.8
1900210 136.8
1900220 136.8
1900230 136.9
1900240 136.9
1900250 136.8
1900260 136.8
1900270 136.8
1900280 136.8
1900290 136.8
1900300 136.8
1900310 136.7
1900320 136.6
1900330 136.6
1900340 136.5
1900350 136.5
1900360 136.5
1900370 136.5
1900380 136.4
1900390 136.4
1900400 136.5
1900410 136.3
1900420 136.3
1900430 136.3
1900440 136.4
1900450 136.4
1900460 136.3
1900470 136.4
1900480 136.4
1900490 136.3
1900500 136.3
1900510 136.3
1900520 136.3
1900530 136.2
1900540 136.2
1900550 136.2
1900560 136.1
1900570 136.1
1900580 136.0
1900590 136.2
1900600 136.2
1900610 136.3
1900620 136.2
1900630 136.2
1900640 136.0
1900650 136.0
1900660 136.0
1900670 135.9
1900680 135.9
1900690 135.9
1900700 136.0
1900710 136.0
1900720 136.0
1900730 136.0
1900740 136.0
1900750 136.0
1900760 136.0
1900770 136.0
1900780 136.0
1900790 135.9
1900800 135.8
1900810 135.8
1900820 135.7
1900830 135.7
1900840 135.7
1900850 135.6
1900860 135.6
1900870 135.6
1900880 135.6
1900890 135.6
1900900 135.7
1900910 135.7
1900920 135.7
1900930 135.7
1900940 135.7
1900950 135.7
1900960 135.7
1900970 135.6
1900980 135.6
1900990 135.6
1901000 135.7
1901010 135.8
1901020 135.8
1901030 135.7
1901040 135.5
1901050 135.5
1901060 135.6
1901070 135.9
1901080 135.9
1901090 136.0
1901100 136.1
1901110 136.1
1901120 136.1
1901130 136.1
1901140 136.1
1901150 136.2
1901160 136.5
1901170 136.5
1901180 136.6
1901190 136.5
1901200 136.5
1901210 136.3
1901220 136.1
1901230 136.1
1901240 136.0
1901250 136.1
1901260 136.1
1901270 136.0
1901280 135.9
1901290 135.9
1901300 135.9
1901310 135.9
1901320 135.9
1901330 136.0
1901340 136.1
1901350 136.1
1901360 136.1
1901370 136.2
1901380 136.2
1901390 136.5
1901400 136.7
1901410 136.7
1901420 136.6
1901430 136.5
1901440 136.5
1901450 136.4
1901460 136.1
1901470 136.1
1901480 136.0
1901490 136.0
1901500 136.0
1901510 136.0
1901520 136.2
1901530 136.2
1901540 136.3
1901550 136.3
1901560 136.3
1901570 140.1
1901580 143.4
1901590 143.4
1901600 142.5
1901610 141.6
1901620 141.6
1901630 141.1
1901640 140.9
1901650 140.9
1901660 140.3
1901670 140.1
1901680 140.1
1901690 138.5
1901700 136.6
1901710 136.6
1901720 136.1
1901730 135.7
1901740 135.7
1901750 135.9
1901760 135.4
1901770 135.4
1901780 135.6
1901790 134.7
1901800 134.7
1901810 134.1
1901820 134.1
1901830 134.2
1901840 134.2
1901850 134.3
1901860 134.3
1901870 134.0
1901880 134.0
1901890 134.0
1901900 134.0
1901910 134.1
1901920 134.1
1901930 134.2
1901940 134.3
1901950 134.3
1901960 134.3
1901970 134.1
1901980 134.1
1901990 133.9
1902000 134.3
1902010 134.3
1902020 136.2
1902030 136.6
1902040 136.6
1902050 136.6
1902060 137.3
1902070 137.3
1902080 141.2
1902090 143.8
1902100 143.8
1902110 143.9
1902120 143.9
1902130 143.9
1902140 140.3
1902150 137.5
1902160 137.5
1902170 136.3
1902180 136.3
1902190 136.3
1902200 136.4
1902210 136.4
1902220 136.4
1902230 136.4
1902240 136.5
1902250 136.5
1902260 136.5
1902270 136.4
1902280 136.4
1902290 136.2
1902300 136.1
1902310 136.1
1902320 136.1
1902330 136.3
1902340 136.3
1902350 136.1
1902360 136.0
1902370 136.0
1902380 135.7
1902390 135.6
1902400 135.6
1902410 135.6
1902420 135.7
1902430 135.8
1902440 135.8
1902450 135.9
1902460 135.8
1902470 135.8
1902480 136.0
1902490 135.6
1902500 135.6
1902510 135.3
1902520 135.2
1902530 135.2
1902540 135.3
1902550 135.3
1902560 135.3
1902570 135.4
1902580 135.7
1902590 135.7
1902600 135.9
1902610 136.1
1902620 136.1
1902630 136.1
1902640 136.3
1902650 136.3
1902660 136.4
1902670 136.4
1902680 136.4
1902690 136.4
1902700 136.4
1902710 136.4
1902720 136.3
1902730 136.1
1902740 136.1
1902750 136.0
1902760 135.9
1902770 135.9
1902780 135.9
1902790 135.7
1902800 135.7
1902810 135.5
1902820 135.4
1902830 135.4
1902840 135.4
1902850 135.3
1902860 135.3
1902870 135.3
1902880 135.3
1902890 135.3
1902900 135.3
1902910 135.3
1902920 135.3
1902930 135.3
1902940 135.4
1902950 135.4
1902960 135.3
1902970 135.3
1902980 135.3
1902990 135.4
1903000 135.5
1903010 135.5
1903020 135.5
1903030 135.5
1903040 135.5
1903050 135.5
1903060 135.8
1903070 135.9
1903080 136.1
1903090 136.2
1903100 136.2
