1900000 136.3
1900010 136.4
1900020 136.4
1900030 136.5
1900040 136.7
1900050 136.7
1900060 136.8
1900070 136.9
1900080 136.9
1900090 136.9
1900100 136.9
1900110 136.9
1900120 136.9
1900130 136.9
1900140 136.9
1900150 136.8
1900160 136.9
1900170 136.9
1900180 136.8
1900190 136.8
1900200 136.8
1900210 136.7
1900220 136.7
1900230 136.7
1900240 136.6
1900250 136.7
1900260 136.7
1900270 136.7
1900280 136.7
1900290 136.7
1900300 136.6
1900310 136.6
1900320 136.6
1900330 136.5
1900340 136.5
1900350 136.5
1900360 136.4
1900370 136.4
1900380 136.4
1900390 136.5
1900400 136.4
1900410 136.4
1900420 136.4
1900430 136.4
1900440 136.4
1900450 136.3
1900460 136.3
1900470 136.3
1900480 136.3
1900490 136.3
1900500 136.3
1900510 136.3
1900520 136.3
1900530 136.3
1900540 136.3
1900550 136.3
1900560 136.3
1900570 136.3
1900580 136.4
1900590 136.4
1900600 136.3
1900610 136.2
1900620 136.2
1900630 136.4
1900640 136.4
1900650 136.4
1900660 136.2
1900670 136.2
1900680 136.2
1900690 136.2
1900700 136.1
1900710 136.1
1900720 136.1
1900730 136.1
1900740 136.1
1900750 135.9
1900760 135.9
1900770 135.9
1900780 135.9
1900790 135.9
1900800 135.9
1900810 135.9
1900820 136.0
1900830 136.0
1900840 135.9
1900850 135.8
1900860 135.8
1900870 135.7
1900880 135.6
1900890 135.6
1900900 135.5
1900910 135.5
1900920 135.5
1900930 135.6
1900940 135.7
1900950 135.7
1900960 135.7
1900970 135.8
1900980 135.8
1900990 135.9
1901000 135.9
1901010 135.9
1901020 135.9
1901030 135.9
1901040 135.9
1901050 135.9
1901060 135.8
1901070 135.8
1901080 135.8
1901090 135.7
1901100 135.7
1901110 135.8
1901120 135.9
1901130 136.1
1901140 136.1
1901150 136.1
1901160 136.3
1901170 136.3
1901180 136.5
1901190 136.6
1901200 136.6
1901210 136.6
1901220 136.4
1901230 136.4
1901240 136.3
1901250 136.1
1901260 136.1
1901270 135.9
1901280 135.7
1901290 135.7
1901300 135.8
1901310 136.0
1901320 136.0
1901330 136.1
1901340 136.2
1901350 136.2
1901360 136.4
1901370 136.5
1901380 136.5
1901390 136.7
1901400 136.7
1901410 136.7
1901420 136.6
1901430 136.5
1901440 136.5
1901450 135.8
1901460 136.5
1901470 136.5
1901480 136.4
1901490 136.3
1901500 136.3
1901510 136.1
1901520 136.2
1901530 136.2
1901540 136.2
1901550 136.2
1901560 136.2
1901570 136.0
1901580 137.9
1901590 137.9
1901600 141.1
1901610 141.1
1901620 141.1
1901630 139.4
1901640 137.3
1901650 137.3
1901660 136.5
1901670 136.1
1901680 136.1
1901690 136.0
1901700 136.2
1901710 136.2
1901720 137.1
1901730 137.5
1901740 137.5
1901750 137.2
1901760 137.3
1901770 137.3
1901780 137.6
1901790 137.7
1901800 137.7
1901810 137.7
1901820 136.1
1901830 136.1
1901840 135.4
1901850 134.3
1901860 134.3
1901870 134.3
1901880 134.4
1901890 134.4
1901900 134.4
1901910 134.2
1901920 134.2
1901930 134.2
1901940 134.2
1901950 134.2
1901960 134.0
1901970 135.0
1901980 135.0
1901990 136.4
1902000 136.5
1902010 136.5
1902020 136.6
1902030 138.1
1902040 140.8
1902050 143.0
1902060 143.1
1902070 143.1
1902080 143.1
1902090 141.8
1902100 141.8
1902110 137.7
1902120 136.2
1902130 136.2
1902140 136.2
1902150 136.2
1902160 136.2
1902170 136.1
1902180 136.3
1902190 136.3
1902200 136.3
1902210 136.3
1902220 136.3
1902230 136.4
1902240 136.4
1902250 136.4
1902260 136.4
1902270 136.5
1902280 136.5
1902290 136.5
1902300 136.3
1902310 136.3
1902320 136.3
1902330 136.4
1902340 136.4
1902350 136.1
1902360 136.2
1902370 136.2
1902380 135.8
1902390 135.7
1902400 135.7
1902410 135.7
1902420 135.5
1902430 135.5
1902440 135.5
1902450 135.5
1902460 135.5
1902470 135.9
1902480 136.1
1902490 136.1
1902500 135.5
1902510 135.5
1902520 135.5
1902530 135.6
1902540 135.7
1902550 135.7
1902560 135.7
1902570 135.8
1902580 135.8
1902590 135.9
1902600 135.9
1902610 135.9
1902620 135.7
1902630 135.5
1902640 135.5
1902650 135.7
1902660 136.0
1902670 136.0
1902680 136.0
1902690 135.9
1902700 135.9
1902710 136.0
1902720 136.0
1902730 136.0
1902740 136.0
1902750 135.9
1902760 135.9
1902770 135.6
1902780 135.6
1902790 135.6
1902800 135.6
1902810 135.7
1902820 135.7
1902830 135.7
1902840 135.5
1902850 135.5
1902860 135.5
1902870 135.3
1902880 135.3
1902890 135.3
1902900 135.3
1902910 135.3
1902920 135.3
1902930 135.3
1902940 135.3
1902950 135.3
1902960 135.3
1902970 135.3
1902980 135.3
1902990 135.4
1903000 135.4
1903010 135.5
1903020 135.5
1903030 135.5
1903040 135.5
1903050 135.4
1903060 135.4
1903070 136.0
1903080 136.2
1903090 136.2
