1900000 136.8
1900010 136.9
1900020 136.9
1900030 136.9
1900040 136.9
1900050 136.9
1900060 136.9
1900070 137.0
1900080 137.0
1900090 136.9
1900100 136.9
1900110 136.9
1900120 136.9
1900130 136.8
1900140 136.8
1900150 136.8
1900160 136.7
1900170 136.7
1900180 136.6
1900190 136.6
1900200 136.6
1900210 136.6
1900220 136.7
1900230 136.7
1900240 136.9
1900250 136.7
1900260 136.7
1900270 136.5
1900280 136.6
1900290 136.6
1900300 136.5
1900310 136.4
1900320 136.4
1900330 136.4
1900340 136.3
1900350 136.3
1900360 136.4
1900370 136.4
1900380 136.4
1900390 136.3
1900400 136.3
1900410 136.3
1900420 136.4
1900430 136.3
1900440 136.3
1900450 136.2
1900460 136.1
1900470 136.1
1900480 136.2
1900490 136.2
1900500 136.2
1900510 136.2
1900520 136.3
1900530 136.3
1900540 136.2
1900550 136.2
1900560 136.2
1900570 136.2
1900580 136.3
1900590 136.3
1900600 136.3
1900610 136.3
1900620 136.3
1900630 136.3
1900640 136.4
1900650 136.4
1900660 136.4
1900670 136.2
1900680 136.2
1900690 136.2
1900700 136.2
1900710 136.2
1900720 136.2
1900730 136.2
1900740 136.2
1900750 136.2
1900760 136.0
1900770 136.0
1900780 135.9
1900790 135.9
1900800 135.9
1900810 135.8
1900820 135.8
1900830 135.8
1900840 135.9
1900850 135.9
1900860 135.9
1900870 135.9
1900880 135.8
1900890 135.8
1900900 135.7
1900910 135.5
1900920 135.5
1900930 135.7
1900940 135.7
1900950 135.7
1900960 135.7
1900970 135.7
1900980 135.7
1900990 135.7
1901000 135.7
1901010 135.7
1901020 135.8
1901030 135.9
1901040 135.9
1901050 135.9
1901060 135.9
1901070 135.9
1901080 135.9
1901090 135.9
1901100 135.9
1901110 136.0
1901120 135.9
1901130 135.9
1901140 136.0
1901150 136.1
1901160 136.1
1901170 136.2
1901180 136.4
1901190 136.4
1901200 136.6
1901210 136.7
1901220 136.7
1901230 136.6
1901240 136.3
1901250 136.3
1901260 136.1
1901270 135.9
1901280 135.9
1901290 135.8
1901300 135.9
1901310 135.9
1901320 136.1
1901330 136.2
1901340 136.2
1901350 136.4
1901360 136.6
1901370 136.6
1901380 136.7
1901390 136.6
1901400 136.6
1901410 136.6
1901420 136.6
1901430 136.6
1901440 136.1
1901450 136.7
1901460 136.7
1901470 136.4
1901480 136.3
1901490 136.3
1901500 136.2
1901510 136.1
1901520 136.1
1901530 136.1
1901540 136.1
1901550 136.1
1901560 135.9
1901570 135.7
1901580 135.7
1901590 135.4
1901600 134.8
1901610 134.8
1901620 134.4
1901630 134.1
1901640 134.1
1901650 134.2
1901660 135.5
1901670 135.5
1901680 135.9
1901690 135.8
1901700 135.8
1901710 137.3
1901720 137.6
1901730 137.6
1901740 137.7
1901750 137.8
1901760 137.8
1901770 137.9
1901780 138.1
1901790 138.1
1901800 137.9
1901810 137.9
1901820 135.9
1901830 135.9
1901840 135.7
1901850 135.5
1901860 135.5
1901870 134.7
1901880 134.8
1901890 134.8
1901900 135.0
1901910 135.4
1901920 135.4
1901930 135.5
1901940 135.4
1901950 135.4
1901960 136.0
1901970 136.1
1901980 136.1
1901990 136.3
1902000 136.7
1902010 136.7
1902020 139.9
1902030 142.5
1902040 142.6
1902050 142.7
1902060 142.5
1902070 142.5
1902080 140.0
1902090 136.8
1902100 136.8
1902110 136.1
1902120 136.1
1902130 136.1
1902140 136.1
1902150 136.2
1902160 136.2
1902170 136.1
1902180 136.1
1902190 136.1
1902200 136.3
1902210 136.4
1902220 136.4
1902230 136.4
1902240 136.5
1902250 136.5
1902260 136.3
1902270 136.0
1902280 136.0
1902290 136.0
1902300 136.3
1902310 136.3
1902320 136.3
1902330 136.2
1902340 136.2
1902350 135.9
1902360 135.8
1902370 135.8
1902380 136.3
1902390 136.0
1902400 136.0
1902410 135.8
1902420 135.6
1902430 135.6
1902440 135.5
1902450 135.5
1902460 135.5
1902470 135.9
1902480 136.2
1902490 136.2
1902500 135.4
1902510 135.4
1902520 135.4
1902530 135.4
1902540 135.6
1902550 135.6
1902560 135.7
1902570 135.8
1902580 135.8
1902590 135.9
1902600 135.8
1902610 135.8
1902620 135.7
1902630 135.7
1902640 135.7
1902650 135.8
1902660 135.7
1902670 135.7
1902680 135.8
1902690 135.9
1902700 135.9
1902710 136.0
1902720 136.1
1902730 136.1
1902740 136.2
1902750 136.2
1902760 136.2
1902770 136.0
1902780 135.7
1902790 135.7
1902800 135.7
1902810 135.6
1902820 135.6
1902830 135.7
1902840 135.7
1902850 135.7
1902860 135.5
1902870 135.4
1902880 135.4
1902890 135.4
1902900 135.3
1902910 135.3
1902920 135.3
1902930 135.3
1902940 135.3
1902950 135.3
1902960 135.3
1902970 135.3
1902980 135.4
1902990 135.5
1903000 135.5
1903010 135.5
