1900000 135.8
1900010 136.0
1900020 136.2
1900030 136.2
1900040 136.3
1900050 136.4
1900060 136.5
1900070 136.4
1900080 136.6
1900090 136.6
1900100 136.7
1900110 136.8
1900120 136.8
1900130 136.7
1900140 136.6
1900150 136.6
1900160 136.6
1900170 136.6
1900180 136.6
1900190 136.6
1900200 136.7
1900210 136.7
1900220 136.5
1900230 136.6
1900240 136.6
1900250 136.5
1900260 136.5
1900270 136.5
1900280 136.4
1900290 136.4
1900300 136.4
1900310 136.3
1900320 136.2
1900330 136.2
1900340 136.1
1900350 136.0
1900360 136.0
1900370 136.0
1900380 136.0
1900390 136.0
1900400 136.2
1900410 136.3
1900420 136.3
1900430 136.1
1900440 136.2
1900450 136.2
1900460 136.3
1900470 136.3
1900480 136.3
1900490 136.3
1900500 136.4
1900510 136.4
1900520 136.3
1900530 136.2
1900540 136.2
1900550 136.3
1900560 136.3
1900570 136.3
1900580 136.2
1900590 136.2
1900600 136.2
1900610 136.2
1900620 136.2
1900630 136.2
1900640 136.2
1900650 136.1
1900660 136.1
1900670 136.2
1900680 136.2
1900690 136.2
1900700 136.1
1900710 136.2
1900720 136.2
1900730 136.2
1900740 136.3
1900750 136.3
1900760 136.4
1900770 136.4
1900780 136.4
1900790 136.4
1900800 136.5
1900810 136.5
1900820 136.5
1900830 136.4
1900840 136.4
1900850 136.4
1900860 136.3
1900870 136.3
1900880 136.3
1900890 136.3
1900900 136.3
1900910 136.2
1900920 136.2
1900930 136.2
1900940 136.2
1900950 136.1
1900960 136.1
1900970 136.0
1900980 136.0
1900990 136.0
1901000 135.9
1901010 135.8
1901020 135.8
1901030 135.7
1901040 135.6
1901050 135.6
1901060 135.6
1901070 135.7
1901080 135.7
1901090 135.9
1901100 135.9
1901110 135.9
1901120 136.0
1901130 135.9
1901140 135.9
1901150 135.9
1901160 136.0
1901170 136.0
1901180 136.2
1901190 136.3
1901200 136.3
1901210 136.4
1901220 136.5
1901230 136.5
1901240 136.6
1901250 136.5
1901260 136.5
1901270 136.4
1901280 136.2
1901290 136.2
1901300 136.1
1901310 136.3
1901320 136.3
1901330 136.3
1901340 136.3
1901350 136.3
1901360 136.3
1901370 136.3
1901380 136.3
1901390 136.1
1901400 136.0
1901410 136.0
1901420 135.7
1901430 135.4
1901440 135.4
1901450 135.2
1901460 135.1
1901470 135.3
1901480 135.3
1901490 135.7
1901500 136.0
1901510 136.0
1901520 136.1
1901530 136.2
1901540 136.2
1901550 136.3
1901560 136.3
1901570 136.3
1901580 136.3
1901590 136.3
1901600 136.3
1901610 136.2
1901620 136.2
1901630 136.2
1901640 136.3
1901650 136.3
1901660 136.3
1901670 136.2
1901680 136.2
1901690 136.2
1901700 136.2
1901710 136.2
1901720 136.2
1901730 136.1
1901740 135.9
1901750 135.9
1901760 135.9
1901770 135.9
1901780 135.9
1901790 135.9
1901800 135.8
1901810 135.8
1901820 135.7
1901830 135.6
1901840 135.6
1901850 135.6
1901860 135.7
1901870 135.7
1901880 136.1
1901890 136.1
1901900 136.1
1901910 135.9
1901920 135.6
1901930 135.5
1901940 135.5
1901950 135.7
1901960 135.7
1901970 135.9
1901980 136.1
1901990 136.1
1902000 136.3
1902010 136.5
1902020 136.5
1902030 136.6
1902040 136.5
1902050 136.5
1902060 136.4
1902070 136.7
1902080 136.7
1902090 136.6
1902100 136.7
1902110 136.7
1902120 136.8
1902130 137.0
1902140 137.0
1902150 135.9
1902160 135.6
1902170 135.6
1902180 135.7
1902190 135.8
1902200 135.8
1902210 135.7
1902220 135.7
1902230 135.7
1902240 136.3
1902250 136.3
1902260 136.3
1902270 136.2
1902280 136.0
1902290 136.0
1902300 135.9
1902310 135.7
1902320 135.7
1902330 136.1
1902340 138.0
1902350 138.0
1902360 141.1
1902370 143.9
1902380 143.9
1902390 144.3
1902400 144.2
1902410 144.2
1902420 144.0
1902430 143.0
1902440 143.0
1902450 140.1
1902460 136.9
1902470 136.9
1902480 135.8
1902490 135.5
1902500 135.5
1902510 135.5
1902520 135.4
1902530 135.4
1902540 135.3
1902550 135.3
1902560 135.3
1902570 135.4
1902580 135.5
1902590 135.5
1902600 136.1
1902610 136.3
1902620 136.3
1902630 135.5
1902640 135.2
1902650 135.2
1902660 135.1
1902670 134.9
1902680 134.9
1902690 135.2
1902700 135.5
1902710 135.5
1902720 135.3
1902730 135.3
1902740 135.3
1902750 135.4
1902760 135.4
1902770 135.4
1902780 135.4
1902790 135.5
1902800 135.5
1902810 135.5
1902820 135.5
1902830 135.5
1902840 135.5
1902850 135.5
1902860 135.5
1902870 135.5
1902880 135.5
1902890 135.5
1902900 135.5
1902910 135.5
1902920 135.5
1902930 135.5
1902940 135.5
1902950 135.5
1902960 135.5
1902970 135.5
1902980 135.5
1902990 135.5
1903000 135.5
1903010 135.5
1903020 135.5
1903030 135.5
1903040 135.5
1903050 135.4
1903060 135.5
1903070 135.5
1903080 135.5
1903090 135.4
1903100 135.4
1903110 135.5
