1900000 135.4
1900010 135.4
1900020 135.5
1900030 135.8
1900040 135.8
1900050 135.7
1900060 135.6
1900070 135.6
1900080 135.6
1900090 135.8
1900100 135.8
1900110 135.9
1900120 135.8
1900130 135.8
1900140 135.8
1900150 136.0
1900160 136.0
1900170 136.2
1900180 136.2
1900190 136.2
1900200 136.3
1900210 136.3
1900220 136.3
1900230 136.4
1900240 136.5
1900250 136.5
1900260 136.6
1900270 136.5
1900280 136.5
1900290 136.4
1900300 136.3
1900310 136.3
1900320 136.4
1900330 136.5
1900340 136.5
1900350 136.4
1900360 136.3
1900370 136.3
1900380 136.4
1900390 136.4
1900400 136.4
1900410 136.3
1900420 136.4
1900430 136.4
1900440 136.4
1900450 136.3
1900460 136.3
1900470 136.3
1900480 136.3
1900490 136.3
1900500 136.3
1900510 136.4
1900520 136.4
1900530 136.3
1900540 136.3
1900550 136.3
1900560 136.4
1900570 136.3
1900580 136.3
1900590 136.3
1900600 136.3
1900610 136.3
1900620 136.3
1900630 136.3
1900640 136.3
1900650 136.3
1900660 136.3
1900670 136.3
1900680 136.3
1900690 136.3
1900700 136.3
1900710 136.3
1900720 136.3
1900730 136.3
1900740 136.3
1900750 136.3
1900760 136.3
1900770 136.3
1900780 136.2
1900790 136.2
1900800 136.1
1900810 136.1
1900820 136.1
1900830 135.9
1900840 135.8
1900850 135.8
1900860 135.8
1900870 135.8
1900880 135.8
1900890 135.9
1900900 135.8
1900910 135.8
1900920 135.9
1900930 135.9
1900940 135.9
1900950 135.9
1900960 135.9
1900970 135.9
1900980 135.8
1900990 135.9
1901000 135.9
1901010 135.8
1901020 135.9
1901030 135.9
1901040 135.9
1901050 135.8
1901060 135.8
1901070 135.9
1901080 136.0
1901090 136.1
1901100 136.1
1901110 136.0
1901120 136.1
1901130 136.1
1901140 136.1
1901150 136.0
1901160 136.0
1901170 135.6
1901180 134.9
1901190 134.9
1901200 134.8
1901210 135.2
1901220 135.2
1901230 135.8
1901240 136.2
1901250 136.2
1901260 136.5
1901270 136.6
1901280 136.6
1901290 136.7
1901300 136.6
1901310 136.6
1901320 136.6
1901330 136.6
1901340 136.6
1901350 136.7
1901360 136.5
1901370 136.5
1901380 136.4
1901390 136.4
1901400 136.4
1901410 136.3
1901420 136.3
1901430 136.3
1901440 136.3
1901450 136.3
1901460 136.3
1901470 136.3
1901480 136.2
1901490 136.2
1901500 136.1
1901510 136.1
1901520 136.1
1901530 136.1
1901540 136.1
1901550 136.1
1901560 136.1
1901570 136.0
1901580 136.0
1901590 135.9
1901600 136.0
1901610 136.3
1901620 136.4
1901630 136.3
1901640 136.3
1901650 136.0
1901660 136.0
1901670 136.0
1901680 135.9
1901690 135.9
1901700 135.9
1901710 135.8
1901720 135.9
1901730 135.9
1901740 135.9
1901750 135.9
1901760 135.9
1901770 135.9
1901780 135.9
1901790 135.9
1901800 135.9
1901810 135.9
1901820 135.9
1901830 136.0
1901840 136.1
1901850 136.1
1901860 136.0
1901870 135.9
1901880 135.9
1901890 135.8
1901900 135.8
1901910 135.8
1901920 136.0
1901930 136.2
1901940 136.2
1901950 136.3
1901960 136.3
1901970 136.3
1901980 136.2
1901990 136.4
1902000 136.4
1902010 136.4
1902020 135.9
1902030 135.9
1902040 135.4
1902050 135.7
1902060 135.7
1902070 136.9
1902080 136.1
1902090 136.1
1902100 135.6
1902110 135.9
1902120 135.9
1902130 136.0
1902140 135.9
1902150 135.9
1902160 135.9
1902170 135.9
1902180 135.9
1902190 135.9
1902200 135.9
1902210 135.9
1902220 135.8
1902230 135.7
1902240 135.7
1902250 135.6
1902260 135.5
1902270 135.5
1902280 135.2
1902290 135.0
1902300 135.0
1902310 135.0
1902320 135.1
1902330 135.1
1902340 135.2
1902350 135.3
1902360 135.3
1902370 135.4
1902380 135.4
1902390 135.4
1902400 135.4
1902410 135.3
1902420 135.3
1902430 135.2
1902440 135.3
1902450 135.3
1902460 135.9
1902470 138.1
1902480 138.1
1902490 141.0
1902500 142.5
1902510 142.5
1902520 142.5
1902530 142.3
1902540 142.0
1902550 140.0
1902560 136.7
1902570 136.7
1902580 135.6
1902590 135.4
1902600 135.4
1902610 135.3
1902620 135.3
1902630 135.3
1902640 135.2
1902650 135.4
1902660 135.4
1902670 135.3
1902680 135.6
1902690 135.6
1902700 136.2
1902710 136.3
1902720 136.3
1902730 135.8
1902740 136.2
1902750 136.2
1902760 136.8
1902770 136.9
1902780 136.9
1902790 136.9
1902800 136.1
1902810 136.1
1902820 135.5
1902830 135.4
1902840 135.4
1902850 135.3
1902860 135.4
1902870 135.4
1902880 135.4
1902890 135.5
1902900 135.5
1902910 135.5
1902920 135.5
1902930 135.5
1902940 135.5
1902950 135.4
1902960 135.4
1902970 135.4
1902980 135.4
1902990 135.4
1903000 135.5
1903010 135.5
1903020 135.5
1903030 135.6
1903040 135.5
1903050 135.5
1903060 135.7
1903070 135.5
1903080 135.5
1903090 135.4
1903100 135.4
1903110 135.4
