1900000 135.7
1900010 135.8
1900020 135.8
1900030 135.8
1900040 135.6
1900050 135.6
1900060 135.6
1900070 135.5
1900080 135.5
1900090 135.5
1900100 135.5
1900110 135.5
1900120 135.4
1900130 135.3
1900140 135.3
1900150 135.3
1900160 135.2
1900170 135.2
1900180 135.2
1900190 135.3
1900200 135.3
1900210 135.3
1900220 135.4
1900230 135.4
1900240 135.5
1900250 135.5
1900260 135.5
1900270 135.7
1900280 135.8
1900290 135.8
1900300 135.9
1900310 136.0
1900320 136.0
1900330 136.0
1900340 136.0
1900350 136.0
1900360 136.0
1900370 136.0
1900380 136.0
1900390 136.0
1900400 136.0
1900410 136.0
1900420 136.0
1900430 136.2
1900440 136.2
1900450 136.2
1900460 136.0
1900470 136.1
1900480 136.1
1900490 136.3
1900500 136.4
1900510 136.4
1900520 136.3
1900530 136.3
1900540 136.3
1900550 136.2
1900560 136.2
1900570 136.2
1900580 136.3
1900590 136.2
1900600 136.2
1900610 136.2
1900620 136.2
1900630 136.2
1900640 136.2
1900650 136.2
1900660 136.2
1900670 136.1
1900680 136.1
1900690 136.1
1900700 136.1
1900710 136.1
1900720 136.1
1900730 136.1
1900740 136.1
1900750 136.1
1900760 136.0
1900770 136.0
1900780 136.0
1900790 136.0
1900800 136.0
1900810 136.0
1900820 136.0
1900830 136.0
1900840 136.0
1900850 136.0
1900860 136.1
1900870 136.1
1900880 136.1
1900890 136.1
1900900 136.1
1900910 136.1
1900920 136.0
1900930 136.0
1900940 136.0
1900950 136.1
1900960 136.1
1900970 136.0
1900980 135.9
1900990 135.9
1901000 135.9
1901010 136.0
1901020 136.0
1901030 135.9
1901040 135.9
1901050 135.9
1901060 135.8
1901070 135.8
1901080 135.8
1901090 135.9
1901100 135.9
1901110 135.9
1901120 136.0
1901130 136.0
1901140 136.0
1901150 136.2
1901160 136.3
1901170 136.3
1901180 136.4
1901190 136.6
1901200 136.2
1901210 135.8
1901220 136.4
1901230 136.4
1901240 136.4
1901250 136.1
1901260 136.1
1901270 136.0
1901280 135.5
1901290 135.5
1901300 135.4
1901310 135.5
1901320 135.5
1901330 135.8
1901340 136.0
1901350 136.0
1901360 136.2
1901370 136.4
1901380 136.4
1901390 136.5
1901400 136.6
1901410 136.6
1901420 136.7
1901430 136.7
1901440 136.7
1901450 136.7
1901460 136.5
1901470 136.5
1901480 136.4
1901490 136.4
1901500 136.4
1901510 136.1
1901520 136.1
1901530 136.1
1901540 136.0
1901550 136.0
1901560 136.0
1901570 136.0
1901580 136.1
1901590 136.1
1901600 136.1
1901610 136.1
1901620 136.1
1901630 136.1
1901640 136.1
1901650 136.1
1901660 136.1
1901670 136.1
1901680 136.1
1901690 136.1
1901700 136.0
1901710 136.0
1901720 136.0
1901730 136.1
1901740 136.1
1901750 136.2
1901760 136.3
1901770 136.3
1901780 136.3
1901790 136.1
1901800 136.1
1901810 136.0
1901820 135.8
1901830 135.8
1901840 135.7
1901850 135.7
1901860 135.7
1901870 135.7
1901880 135.8
1901890 135.8
1901900 136.0
1901910 135.9
1901920 135.9
1901930 136.3
1901940 136.3
1901950 136.3
1901960 136.0
1901970 135.9
1901980 135.9
1901990 136.6
1902000 136.8
1902010 136.8
1902020 134.5
1902030 134.5
1902040 134.5
1902050 134.5
1902060 135.0
1902070 135.0
1902080 135.8
1902090 136.0
1902100 136.0
1902110 136.1
1902120 136.3
1902130 136.4
1902140 136.2
1902150 136.1
1902160 136.1
1902170 136.0
1902180 136.0
1902190 136.0
1902200 135.9
1902210 135.9
1902220 135.9
1902230 135.8
1902240 135.7
1902250 135.7
1902260 135.6
1902270 135.6
1902280 135.6
1902290 135.6
1902300 135.6
1902310 135.6
1902320 135.7
1902330 135.8
1902340 135.8
1902350 135.8
1902360 135.8
1902370 135.8
1902380 135.8
1902390 135.7
1902400 135.7
1902410 135.6
1902420 135.5
1902430 135.5
1902440 135.3
1902450 135.3
1902460 135.3
1902470 135.3
1902480 135.3
1902490 135.3
1902500 135.2
1902510 135.2
1902520 135.2
1902530 135.3
1902540 135.2
1902550 135.2
1902560 135.2
1902570 135.2
1902580 135.2
1902590 135.4
1902600 137.4
1902610 137.4
1902620 140.2
1902630 140.8
1902640 140.8
1902650 140.8
1902660 140.7
1902670 140.7
1902680 139.9
1902690 136.8
1902700 136.8
1902710 135.5
1902720 134.9
1902730 134.9
1902740 134.8
1902750 135.3
1902760 135.3
1902770 135.3
1902780 135.4
1902790 135.4
1902800 136.0
1902810 136.2
1902820 136.2
1902830 135.6
1902840 136.8
1902850 136.8
1902860 138.1
1902870 138.0
1902880 136.8
1902890 136.8
1902900 135.5
1902910 135.3
1902920 135.3
1902930 135.2
1902940 135.2
1902950 135.2
1902960 135.3
1902970 135.3
1902980 135.3
1902990 135.3
1903000 135.6
1903010 135.6
1903020 136.1
1903030 136.2
1903040 136.2
1903050 136.2
1903060 135.9
1903070 135.9
1903080 135.7
1903090 135.6
1903100 135.6
