1900000 136.1
1900010 135.9
1900020 135.9
1900030 135.9
1900040 135.9
1900050 135.9
1900060 135.9
1900070 135.8
1900080 135.9
1900090 135.9
1900100 135.9
1900110 135.9
1900120 135.9
1900130 135.9
1900140 135.8
1900150 135.8
1900160 135.7
1900170 135.7
1900180 135.7
1900190 135.6
1900200 135.5
1900210 135.5
1900220 135.5
1900230 135.4
1900240 135.4
1900250 135.4
1900260 135.4
1900270 135.4
1900280 135.4
1900290 135.4
1900300 135.4
1900310 135.4
1900320 135.5
1900330 135.5
1900340 135.5
1900350 135.7
1900360 135.7
1900370 135.9
1900380 135.9
1900390 135.9
1900400 135.8
1900410 135.8
1900420 135.8
1900430 135.8
1900440 135.8
1900450 135.8
1900460 135.8
1900470 135.9
1900480 135.9
1900490 135.9
1900500 135.9
1900510 135.9
1900520 135.9
1900530 135.9
1900540 135.9
1900550 135.8
1900560 135.8
1900570 135.8
1900580 135.8
1900590 135.8
1900600 135.7
1900610 135.7
1900620 135.7
1900630 135.8
1900640 135.8
1900650 135.8
1900660 135.9
1900670 135.9
1900680 135.9
1900690 135.7
1900700 135.7
1900710 135.6
1900720 135.6
1900730 135.6
1900740 135.7
1900750 135.7
1900760 135.7
1900770 135.7
1900780 135.7
1900790 135.7
1900800 135.6
1900810 135.6
1900820 135.6
1900830 135.6
1900840 135.7
1900850 135.7
1900860 135.6
1900870 135.6
1900880 135.6
1900890 135.8
1900900 135.7
1900910 135.7
1900920 135.5
1900930 135.5
1900940 135.5
1900950 135.5
1900960 135.5
1900970 135.5
1900980 135.6
1900990 135.6
1901000 135.6
1901010 135.6
1901020 135.6
1901030 135.6
1901040 135.6
1901050 135.7
1901060 135.7
1901070 135.7
1901080 135.8
1901090 135.7
1901100 135.7
1901110 135.8
1901120 135.8
1901130 136.0
1901140 136.0
1901150 136.0
1901160 136.1
1901170 136.2
1901180 136.2
1901190 136.1
1901200 136.1
1901210 136.1
1901220 136.1
1901230 136.1
1901240 136.1
1901250 136.2
1901260 136.2
1901270 136.2
1901280 136.3
1901290 136.3
1901300 136.3
1901310 136.4
1901320 136.4
1901330 136.4
1901340 136.6
1901350 136.8
1901360 136.8
1901370 136.8
1901380 136.3
1901390 136.3
1901400 135.3
1901410 135.3
1901420 135.3
1901430 135.7
1901440 136.1
1901450 136.1
1901460 136.3
1901470 136.4
1901480 136.4
1901490 136.5
1901500 136.6
1901510 136.6
1901520 136.6
1901530 136.6
1901540 136.6
1901550 136.5
1901560 136.5
1901570 136.5
1901580 136.4
1901590 136.5
1901600 136.5
1901610 136.5
1901620 136.4
1901630 136.4
1901640 136.4
1901650 136.4
1901660 136.4
1901670 136.3
1901680 136.4
1901690 136.4
1901700 136.4
1901710 136.4
1901720 136.4
1901730 136.4
1901740 136.3
1901750 136.3
1901760 136.2
1901770 136.2
1901780 136.2
1901790 136.1
1901800 135.9
1901810 135.9
1901820 135.8
1901830 135.8
1901840 135.8
1901850 136.1
1901860 136.4
1901870 136.4
1901880 136.5
1901890 136.3
1901900 136.3
1901910 135.9
1901920 136.0
1901930 136.0
1901940 137.0
1901950 136.3
1901960 136.3
1901970 135.3
1901980 135.3
1901990 135.3
1902000 135.2
1902010 135.2
1902020 135.1
1902030 135.2
1902040 135.5
1902050 135.5
1902060 135.7
1902070 135.5
1902080 135.5
1902090 135.1
1902100 134.6
1902110 134.6
1902120 134.3
1902130 134.3
1902140 134.3
1902150 134.5
1902160 134.8
1902170 134.8
1902180 134.9
1902190 135.0
1902200 135.0
1902210 135.3
1902220 135.5
1902230 135.5
1902240 135.6
1902250 135.9
1902260 135.9
1902270 136.0
1902280 135.8
1902290 135.8
1902300 135.7
1902310 135.7
1902320 135.7
1902330 135.8
1902340 135.8
1902350 135.8
1902360 135.9
1902370 135.9
1902380 135.9
1902390 135.9
1902400 135.9
1902410 135.9
1902420 135.8
1902430 135.7
1902440 135.7
1902450 135.7
1902460 135.7
1902470 135.7
1902480 135.7
1902490 135.6
1902500 135.6
1902510 135.6
1902520 135.5
1902530 135.5
1902540 135.4
1902550 135.3
1902560 135.3
1902570 135.2
1902580 135.1
1902590 135.1
1902600 135.0
1902610 135.1
1902620 135.1
1902630 135.2
1902640 135.4
1902650 135.4
1902660 135.4
1902670 135.5
1902680 135.5
1902690 136.4
1902700 138.7
1902710 138.7
1902720 139.7
1902730 139.7
1902740 139.7
1902750 139.7
1902760 139.4
1902770 139.4
1902780 137.1
1902790 135.3
1902800 135.3
1902810 134.9
1902820 134.8
1902830 134.8
1902840 135.1
1902850 135.1
1902860 135.1
1902870 135.1
1902880 135.8
1902890 135.8
1902900 136.0
1902910 135.6
1902920 135.6
1902930 135.8
1902940 136.6
1902950 136.9
1902960 137.0
1902970 137.0
1902980 136.9
1902990 136.9
1903000 136.9
1903010 136.8
1903020 136.8
1903030 136.7
1903040 136.6
1903050 136.6
1903060 136.5
1903070 136.3
1903080 136.3
1903090 136.0
