1900000 136.4
1900010 136.5
1900020 136.5
1900030 136.5
1900040 136.6
1900050 136.6
1900060 136.6
1900070 136.7
1900080 136.7
1900090 136.7
1900100 136.8
1900110 136.8
1900120 136.8
1900130 136.8
1900140 136.6
1900150 136.6
1900160 136.8
1900170 136.6
1900180 136.6
1900190 136.5
1900200 136.6
1900210 136.6
1900220 136.5
1900230 136.5
1900240 136.5
1900250 136.4
1900260 136.4
1900270 136.1
1900280 136.1
1900290 136.0
1900300 136.0
1900310 136.0
1900320 135.9
1900330 135.9
1900340 135.9
1900350 135.9
1900360 135.9
1900370 136.0
1900380 136.0
1900390 136.0
1900400 136.1
1900410 136.3
1900420 136.3
1900430 136.3
1900440 136.2
1900450 136.2
1900460 136.3
1900470 136.3
1900480 136.3
1900490 136.3
1900500 136.3
1900510 136.3
1900520 136.3
1900530 136.2
1900540 136.2
1900550 136.3
1900560 136.2
1900570 136.2
1900580 136.2
1900590 136.1
1900600 136.1
1900610 136.1
1900620 136.0
1900630 136.0
1900640 136.1
1900650 136.1
1900660 136.1
1900670 136.1
1900680 136.1
1900690 136.1
1900700 136.1
1900710 136.1
1900720 136.1
1900730 136.2
1900740 136.2
1900750 136.2
1900760 136.3
1900770 136.4
1900780 136.4
1900790 136.4
1900800 136.5
1900810 136.5
1900820 136.5
1900830 136.4
1900840 136.4
1900850 136.4
1900860 136.3
1900870 136.3
1900880 136.3
1900890 136.3
1900900 136.3
1900910 136.3
1900920 136.3
1900930 136.3
1900940 136.2
1900950 136.1
1900960 136.1
1900970 136.0
1900980 135.9
1900990 135.9
1901000 135.9
1901010 135.8
1901020 135.8
1901030 135.7
1901040 135.6
1901050 135.6
1901060 135.6
1901070 135.7
1901080 135.7
1901090 135.9
1901100 136.0
1901110 136.0
1901120 136.0
1901130 135.8
1901140 135.8
1901150 135.8
1901160 135.9
1901170 135.9
1901180 136.0
1901190 136.1
1901200 136.1
1901210 136.2
1901220 136.3
1901230 136.3
1901240 136.4
1901250 136.4
1901260 136.4
1901270 136.4
1901280 136.3
1901290 136.3
1901300 136.3
1901310 136.2
1901320 136.2
1901330 136.2
1901340 136.2
1901350 136.2
1901360 136.2
1901370 136.2
1901380 136.2
1901390 136.2
1901400 136.1
1901410 136.1
1901420 135.9
1901430 135.6
1901440 135.6
1901450 135.5
1901460 135.5
1901470 135.5
1901480 135.6
1901490 135.7
1901500 135.7
1901510 135.5
1901520 135.5
1901530 135.5
1901540 135.7
1901550 136.0
1901560 136.0
1901570 136.3
1901580 136.3
1901590 136.3
1901600 136.3
1901610 136.4
1901620 136.4
1901630 136.0
1901640 136.6
1901650 136.6
1901660 136.3
1901670 136.2
1901680 136.2
1901690 136.2
1901700 136.2
1901710 136.2
1901720 135.9
1901730 135.8
1901740 135.8
1901750 136.0
1901760 136.1
1901770 136.1
1901780 136.0
1901790 135.9
1901800 135.9
1901810 135.7
1901820 135.5
1901830 135.5
1901840 135.6
1901850 135.8
1901860 135.8
1901870 135.9
1901880 135.7
1901890 135.7
1901900 135.6
1901910 135.6
1901920 135.6
1901930 135.6
1901940 135.7
1901950 135.9
1901960 135.9
1901970 136.3
1901980 136.4
1901990 136.4
1902000 136.6
1902010 136.6
1902020 136.6
1902030 136.6
1902040 136.4
1902050 136.4
1902060 136.3
1902070 136.6
1902080 136.6
1902090 136.8
1902100 137.0
1902110 137.0
1902120 137.0
1902130 136.9
1902140 136.9
1902150 136.9
1902160 136.0
1902170 136.0
1902180 135.8
1902190 135.6
1902200 135.6
1902210 135.6
1902220 135.7
1902230 135.7
1902240 135.8
1902250 135.9
1902260 135.9
1902270 135.9
1902280 135.7
1902290 135.7
1902300 135.6
1902310 136.5
1902320 136.5
1902330 138.5
1902340 141.5
1902350 141.5
1902360 143.9
1902370 144.4
1902380 144.4
1902390 144.4
1902400 144.2
1902410 144.2
1902420 142.9
1902430 140.1
1902440 136.7
1902450 135.9
1902460 135.9
1902470 135.9
1902480 135.8
1902490 135.7
1902500 135.7
1902510 135.5
1902520 135.4
1902530 135.4
1902540 135.4
1902550 135.4
1902560 135.4
1902570 135.5
1902580 135.9
1902590 135.9
1902600 136.3
1902610 135.7
1902620 135.7
1902630 135.2
1902640 135.2
1902650 135.2
1902660 135.1
1902670 134.9
1902680 134.9
1902690 135.2
1902700 135.5
1902710 135.5
1902720 135.4
1902730 135.3
1902740 135.3
1902750 135.5
1902760 135.4
1902770 135.4
1902780 135.5
1902790 135.5
1902800 135.5
1902810 135.5
1902820 135.5
1902830 135.5
1902840 135.5
1902850 135.5
1902860 135.5
1902870 135.5
1902880 135.5
1902890 135.5
1902900 135.5
1902910 135.5
1902920 135.5
1902930 135.5
1902940 135.5
1902950 135.5
1902960 135.5
1902970 135.5
1902980 135.5
1902990 135.5
1903000 135.5
1903010 135.5
1903020 135.5
1903030 135.4
1903040 135.4
1903050 135.4
1903060 135.5
1903070 135.5
1903080 135.6
1903090 135.4
1903100 135.4
