1900000 136.4
1900010 136.4
1900020 136.2
1900030 136.1
1900040 136.1
1900050 136.0
1900060 135.9
1900070 135.9
1900080 135.8
1900090 135.8
1900100 135.8
1900110 135.8
1900120 135.8
1900130 135.8
1900140 135.9
1900150 135.9
1900160 135.9
1900170 135.9
1900180 135.8
1900190 135.8
1900200 135.8
1900210 135.7
1900220 135.7
1900230 135.7
1900240 135.6
1900250 135.6
1900260 135.5
1900270 135.5
1900280 135.5
1900290 135.5
1900300 135.5
1900310 135.5
1900320 135.5
1900330 135.5
1900340 135.5
1900350 135.7
1900360 135.6
1900370 135.6
1900380 135.5
1900390 135.6
1900400 135.6
1900410 135.7
1900420 135.7
1900430 135.7
1900440 135.6
1900450 135.7
1900460 135.7
1900470 135.7
1900480 135.7
1900490 135.7
1900500 135.7
1900510 135.7
1900520 135.7
1900530 135.7
1900540 135.8
1900550 135.8
1900560 135.8
1900570 135.9
1900580 135.9
1900590 135.9
1900600 135.8
1900610 135.8
1900620 135.7
1900630 135.7
1900640 135.7
1900650 135.7
1900660 135.6
1900670 135.6
1900680 135.7
1900690 135.8
1900700 135.8
1900710 135.7
1900720 135.7
1900730 135.7
1900740 135.8
1900750 135.8
1900760 135.8
1900770 135.8
1900780 135.7
1900790 135.7
1900800 135.7
1900810 135.7
1900820 135.7
1900830 135.7
1900840 135.7
1900850 135.7
1900860 136.0
1900870 135.8
1900880 135.8
1900890 135.6
1900900 135.6
1900910 135.6
1900920 135.6
1900930 135.6
1900940 135.6
1900950 135.6
1900960 135.6
1900970 135.6
1900980 135.6
1900990 135.6
1901000 135.6
1901010 135.6
1901020 135.7
1901030 135.7
1901040 135.6
1901050 135.7
1901060 135.7
1901070 135.7
1901080 135.8
1901090 135.8
1901100 135.8
1901110 135.9
1901120 135.9
1901130 136.0
1901140 136.1
1901150 136.1
1901160 136.0
1901170 136.0
1901180 136.0
1901190 136.0
1901200 136.0
1901210 136.0
1901220 136.0
1901230 135.9
1901240 135.9
1901250 135.9
1901260 135.9
1901270 135.9
1901280 135.9
1901290 135.9
1901300 135.9
1901310 136.0
1901320 136.1
1901330 136.1
1901340 136.2
1901350 136.3
1901360 136.3
1901370 136.4
1901380 136.5
1901390 136.5
1901400 136.7
1901410 136.8
1901420 136.8
1901430 136.4
1901440 135.9
1901450 135.9
1901460 135.7
1901470 135.7
1901480 135.7
1901490 135.9
1901500 136.1
1901510 136.2
1901520 136.3
1901530 136.4
1901540 136.4
1901550 136.6
1901560 136.6
1901570 136.6
1901580 136.7
1901590 136.7
1901600 136.7
1901610 136.6
1901620 136.6
1901630 136.6
1901640 136.5
1901650 136.5
1901660 136.5
1901670 136.4
1901680 136.4
1901690 136.4
1901700 136.4
1901710 136.4
1901720 136.4
1901730 136.3
1901740 136.3
1901750 136.3
1901760 136.3
1901770 136.3
1901780 136.3
1901790 136.3
1901800 136.2
1901810 136.2
1901820 136.1
1901830 136.1
1901840 136.3
1901850 136.3
1901860 136.2
1901870 135.7
1901880 135.7
1901890 135.6
1901900 136.0
1901910 136.0
1901920 137.0
1901930 135.8
1901940 135.8
1901950 135.6
1901960 135.5
1901970 135.5
1901980 135.5
1901990 135.6
1902000 135.6
1902010 135.7
1902020 135.9
1902030 135.9
1902040 135.9
1902050 135.9
1902060 135.9
1902070 136.0
1902080 136.0
1902090 136.0
1902100 136.0
1902110 135.9
1902120 135.9
1902130 135.4
1902140 135.0
1902150 135.0
1902160 134.7
1902170 134.5
1902180 134.5
1902190 134.5
1902200 134.6
1902210 134.6
1902220 134.8
1902230 135.2
1902240 135.2
1902250 135.3
1902260 135.5
1902270 135.5
1902280 135.6
1902290 135.6
1902300 135.6
1902310 135.7
1902320 135.8
1902330 135.8
1902340 135.9
1902350 136.0
1902360 136.0
1902370 135.9
1902380 135.8
1902390 135.8
1902400 135.6
1902410 135.5
1902420 135.5
1902430 135.6
1902440 135.7
1902450 135.7
1902460 135.7
1902470 135.8
1902480 135.8
1902490 135.8
1902500 135.7
1902510 135.7
1902520 135.6
1902530 135.5
1902540 135.5
1902550 135.4
1902560 135.3
1902570 135.3
1902580 135.2
1902590 135.1
1902600 135.1
1902610 135.2
1902620 135.4
1902630 135.4
1902640 135.5
1902650 135.4
1902660 135.4
1902670 135.4
1902680 135.4
1902690 135.4
1902700 135.4
1902710 135.4
1902720 135.4
1902730 135.4
1902740 136.1
1902750 138.2
1902760 139.2
1902770 139.3
1902780 139.3
1902790 139.3
1902800 138.9
1902810 138.9
1902820 136.3
1902830 135.3
1902840 135.3
1902850 135.0
1902860 134.9
1902870 134.9
1902880 135.1
1902890 135.1
1902900 135.1
1902910 135.5
1902920 135.9
1902930 135.9
1902940 136.1
1902950 135.6
1902960 135.6
1902970 135.8
1902980 136.2
1902990 136.2
1903000 136.5
1903010 136.8
1903020 136.8
1903030 136.9
1903040 136.9
1903050 137.2
1903060 136.6
1903070 136.6
1903080 136.6
1903090 136.3
