1900000 136.3
1900010 136.3
1900020 136.2
1900030 136.2
1900040 136.2
1900050 136.2
1900060 136.2
1900070 136.2
1900080 136.2
1900090 136.2
1900100 136.4
1900110 136.6
1900120 136.6
1900130 136.7
1900140 136.7
1900150 136.7
1900160 136.7
1900170 136.8
1900180 136.8
1900190 136.8
1900200 136.8
1900210 136.8
1900220 136.9
1900230 136.8
1900240 136.8
1900250 136.8
1900260 136.8
1900270 136.8
1900280 136.9
1900290 136.9
1900300 136.9
1900310 136.7
1900320 136.6
1900330 136.6
1900340 136.6
1900350 136.5
1900360 136.5
1900370 136.6
1900380 136.6
1900390 136.6
1900400 136.4
1900410 136.4
1900420 136.4
1900430 136.4
1900440 136.4
1900450 136.4
1900460 136.4
1900470 136.4
1900480 136.4
1900490 136.4
1900500 136.4
1900510 136.4
1900520 136.4
1900530 136.2
1900540 136.2
1900550 136.1
1900560 136.0
1900570 136.0
1900580 136.0
1900590 136.0
1900600 136.0
1900610 135.8
1900620 135.8
1900630 135.8
1900640 135.8
1900650 135.8
1900660 135.8
1900670 135.9
1900680 135.8
1900690 135.8
1900700 135.7
1900710 135.7
1900720 135.7
1900730 135.7
1900740 135.6
1900750 135.6
1900760 135.6
1900770 135.5
1900780 135.5
1900790 135.5
1900800 135.6
1900810 135.6
1900820 135.6
1900830 135.6
1900840 135.6
1900850 135.6
1900860 135.6
1900870 135.6
1900880 135.6
1900890 135.6
1900900 135.6
1900910 135.7
1900920 135.7
1900930 135.7
1900940 135.7
1900950 135.7
1900960 135.7
1900970 135.7
1900980 135.8
1900990 135.8
1901000 135.8
1901010 135.6
1901020 135.6
1901030 135.4
1901040 135.4
1901050 135.4
1901060 135.5
1901070 135.7
1901080 135.7
1901090 135.9
1901100 136.1
1901110 136.1
1901120 136.3
1901130 136.4
1901140 136.4
1901150 136.5
1901160 136.6
1901170 136.6
1901180 136.6
1901190 136.5
1901200 136.5
1901210 136.3
1901220 136.1
1901230 136.1
1901240 136.0
1901250 136.1
1901260 136.1
1901270 136.2
1901280 136.2
1901290 136.2
1901300 136.0
1901310 135.8
1901320 135.8
1901330 135.8
1901340 135.9
1901350 135.9
1901360 136.0
1901370 136.1
1901380 136.1
1901390 136.2
1901400 136.4
1901410 136.4
1901420 136.6
1901430 136.5
1901440 136.5
1901450 136.5
1901460 136.4
1901470 136.3
1901480 136.3
1901490 136.2
1901500 136.3
1901510 136.3
1901520 136.4
1901530 138.4
1901540 138.4
1901550 142.2
1901560 142.8
1901570 142.8
1901580 142.4
1901590 141.5
1901600 141.5
1901610 141.4
1901620 141.3
1901630 141.3
1901640 141.4
1901650 141.1
1901660 141.1
1901670 139.2
1901680 137.0
1901690 137.0
1901700 136.7
1901710 136.2
1901720 136.2
1901730 136.5
1901740 135.1
1901750 135.1
1901760 134.7
1901770 134.3
1901780 134.3
1901790 133.7
1901800 133.7
1901810 133.7
1901820 133.8
1901830 133.9
1901840 133.9
1901850 133.9
1901860 133.9
1901870 133.9
1901880 133.9
1901890 133.8
1901900 133.8
1901910 134.0
1901920 134.3
1901930 134.3
1901940 134.4
1901950 134.5
1901960 134.5
1901970 134.4
1901980 134.5
1901990 134.5
1902000 135.1
1902010 135.8
1902020 135.8
1902030 136.2
1902040 136.4
1902050 136.4
1902060 136.5
1902070 136.8
1902080 136.8
1902090 138.6
1902100 143.1
1902110 143.1
1902120 144.3
1902130 144.2
1902140 144.2
1902150 144.1
1902160 142.5
1902170 142.5
1902180 139.1
1902190 137.2
1902200 137.2
1902210 136.4
1902220 136.4
1902230 136.4
1902240 136.4
1902250 136.3
1902260 136.3
1902270 136.7
1902280 136.8
1902290 136.8
1902300 136.7
1902310 136.2
1902320 136.2
1902330 136.0
1902340 136.0
1902350 136.0
1902360 135.8
1902370 135.6
1902380 135.6
1902390 135.6
1902400 135.6
1902410 135.6
1902420 135.4
1902430 135.5
1902440 135.5
1902450 135.6
1902460 135.7
1902470 135.7
1902480 136.0
1902490 136.0
1902500 136.0
1902510 135.7
1902520 135.6
1902530 135.6
1902540 135.4
1902550 135.4
1902560 135.4
1902570 135.5
1902580 135.5
1902590 135.5
1902600 135.8
1902610 136.1
1902620 136.1
1902630 136.2
1902640 136.2
1902650 136.2
1902660 136.3
1902670 136.4
1902680 136.4
1902690 136.3
1902700 136.3
1902710 136.3
1902720 136.2
1902730 136.0
1902740 136.0
1902750 135.8
1902760 135.6
1902770 135.6
1902780 135.6
1902790 135.5
1902800 135.5
1902810 135.4
1902820 135.3
1902830 135.3
1902840 135.3
1902850 135.3
1902860 135.3
1902870 135.3
1902880 135.3
1902890 135.3
1902900 135.3
1902910 135.3
1902920 135.3
1902930 135.3
1902940 135.3
1902950 135.3
1902960 135.3
1902970 135.3
1902980 135.3
1902990 135.4
1903000 135.5
1903010 135.5
1903020 135.5
1903030 135.5
1903040 135.5
1903050 135.5
1903060 135.9
1903070 135.9
1903080 136.0
1903090 136.1
1903100 136.1
1903110 136.0
