1900000 135.7
1900010 135.7
1900020 135.7
1900030 135.8
1900040 135.9
1900050 135.9
1900060 136.0
1900070 136.0
1900080 136.0
1900090 136.0
1900100 136.0
1900110 136.0
1900120 136.0
1900130 136.1
1900140 136.1
1900150 136.0
1900160 135.9
1900170 135.9
1900180 135.8
1900190 135.8
1900200 135.8
1900210 135.8
1900220 135.8
1900230 135.8
1900240 135.8
1900250 135.7
1900260 135.7
1900270 135.9
1900280 135.8
1900290 135.8
1900300 135.6
1900310 135.7
1900320 135.7
1900330 135.7
1900340 135.7
1900350 135.7
1900360 135.7
1900370 135.6
1900380 135.6
1900390 135.6
1900400 135.6
1900410 135.6
1900420 135.6
1900430 135.5
1900440 135.5
1900450 135.5
1900460 135.5
1900470 135.5
1900480 135.5
1900490 135.5
1900500 135.5
1900510 135.6
1900520 135.6
1900530 135.6
1900540 135.6
1900550 135.6
1900560 135.6
1900570 135.5
1900580 135.5
1900590 135.5
1900600 135.6
1900610 135.6
1900620 135.6
1900630 135.6
1900640 135.6
1900650 135.6
1900660 135.6
1900670 135.6
1900680 135.6
1900690 135.6
1900700 135.6
1900710 135.6
1900720 135.6
1900730 135.7
1900740 135.7
1900750 135.8
1900760 135.8
1900770 135.8
1900780 135.8
1900790 135.8
1900800 135.8
1900810 135.7
1900820 135.7
1900830 135.7
1900840 135.8
1900850 135.8
1900860 135.8
1900870 135.7
1900880 135.7
1900890 135.7
1900900 135.7
1900910 135.7
1900920 135.7
1900930 135.7
1900940 135.8
1900950 135.8
1900960 135.7
1900970 135.7
1900980 135.7
1900990 135.7
1901000 135.8
1901010 135.8
1901020 135.8
1901030 135.8
1901040 135.8
1901050 135.8
1901060 135.8
1901070 135.8
1901080 135.9
1901090 135.8
1901100 135.8
1901110 135.8
1901120 135.8
1901130 135.8
1901140 135.9
1901150 135.9
1901160 135.9
1901170 136.0
1901180 135.9
1901190 135.9
1901200 135.9
1901210 136.0
1901220 136.0
1901230 136.0
1901240 136.0
1901250 136.0
1901260 136.0
1901270 135.9
1901280 135.9
1901290 135.9
1901300 135.8
1901310 135.9
1901320 135.9
1901330 136.0
1901340 136.1
1901350 136.1
1901360 136.2
1901370 136.1
1901380 136.1
1901390 136.0
1901400 136.1
1901410 136.1
1901420 136.2
1901430 136.2
1901440 136.2
1901450 136.4
1901460 136.6
1901470 136.6
1901480 136.6
1901490 136.7
1901500 136.7
1901510 136.2
1901520 134.9
1901530 134.9
1901540 134.5
1901550 136.0
1901560 136.0
1901570 136.4
1901580 136.2
1901590 136.2
1901600 136.3
1901610 136.3
1901620 136.3
1901630 136.2
1901640 136.3
1901650 136.3
1901660 136.4
1901670 136.4
1901680 136.4
1901690 136.4
1901700 136.4
1901710 136.3
1901720 136.2
1901730 136.3
1901740 136.3
1901750 136.4
1901760 136.7
1901770 136.7
1901780 136.9
1901790 136.6
1901800 136.6
1901810 136.3
1901820 136.4
1901830 136.4
1901840 137.3
1901850 136.8
1901860 136.8
1901870 136.1
1901880 136.0
1901890 136.0
1901900 136.0
1901910 136.0
1901920 136.0
1901930 136.0
1901940 136.0
1901950 136.0
1901960 135.9
1901970 135.9
1901980 135.9
1901990 135.9
1902000 135.9
1902010 135.9
1902020 135.8
1902030 135.7
1902040 135.7
1902050 135.7
1902060 135.6
1902070 135.6
1902080 135.6
1902090 135.7
1902100 135.7
1902110 135.6
1902120 135.5
1902130 135.5
1902140 135.5
1902150 135.5
1902160 135.5
1902170 135.5
1902180 135.6
1902190 135.6
1902200 135.6
1902210 135.5
1902220 135.5
1902230 135.3
1902240 135.3
1902250 135.3
1902260 135.4
1902270 135.5
1902280 135.5
1902290 135.5
1902300 135.5
1902310 135.5
1902320 135.6
1902330 135.6
1902340 135.6
1902350 135.4
1902360 135.3
1902370 135.3
1902380 135.3
1902390 135.3
1902400 135.3
1902410 135.4
1902420 135.4
1902430 135.4
1902440 135.4
1902450 135.3
1902460 135.3
1902470 135.3
1902480 135.2
1902490 135.2
1902500 135.2
1902510 135.3
1902520 135.3
1902530 135.4
1902540 135.4
1902550 135.4
1902560 135.1
1902570 134.8
1902580 134.8
1902590 134.8
1902600 135.0
1902610 135.0
1902620 135.3
1902630 135.4
1902640 135.6
1902650 135.7
1902660 135.7
1902670 135.7
1902680 135.7
1902690 135.6
1902700 135.6
1902710 135.5
1902720 135.4
1902730 135.4
1902740 135.4
1902750 135.3
1902760 135.3
1902770 135.2
1902780 135.1
1902790 135.1
1902800 135.3
1902810 135.3
1902820 135.3
1902830 135.3
1902840 135.6
1902850 135.6
1902860 136.3
1902870 138.1
1902880 138.1
1902890 138.2
1902900 138.3
1902910 138.3
1902920 138.1
1902930 136.3
1902940 136.3
1902950 134.9
1902960 135.0
1902970 135.0
1902980 135.5
1902990 135.5
1903000 135.5
1903010 135.5
1903020 135.9
1903030 135.9
1903040 136.0
1903050 135.8
1903060 135.8
1903070 135.8
1903080 135.9
1903090 135.9
1903100 136.1
