1900000 136.9
1900010 136.9
1900020 136.7
1900030 136.7
1900040 136.7
1900050 136.6
1900060 136.5
1900070 136.5
1900080 136.5
1900090 136.4
1900100 136.4
1900110 136.4
1900120 136.4
1900130 136.4
1900140 136.3
1900150 136.3
1900160 136.3
1900170 136.3
1900180 136.3
1900190 136.3
1900200 136.2
1900210 136.2
1900220 136.2
1900230 136.2
1900240 136.1
1900250 136.1
1900260 136.1
1900270 136.2
1900280 136.2
1900290 136.3
1900300 136.3
1900310 136.3
1900320 136.3
1900330 136.3
1900340 136.3
1900350 136.2
1900360 136.4
1900370 136.4
1900380 136.5
1900390 136.6
1900400 136.6
1900410 136.3
1900420 136.1
1900430 136.1
1900440 136.1
1900450 136.1
1900460 136.1
1900470 136.2
1900480 136.2
1900490 136.3
1900500 136.2
1900510 136.2
1900520 136.2
1900530 136.2
1900540 136.2
1900550 136.2
1900560 136.2
1900570 136.1
1900580 136.1
1900590 136.1
1900600 136.1
1900610 136.1
1900620 136.1
1900630 136.1
1900640 136.1
1900650 136.2
1900660 136.2
1900670 136.2
1900680 136.4
1900690 136.5
1900700 136.5
1900710 136.3
1900720 136.3
1900730 136.3
1900740 136.3
1900750 136.2
1900760 136.2
1900770 136.2
1900780 136.2
1900790 136.1
1900800 136.2
1900810 136.2
1900820 136.2
1900830 136.2
1900840 136.1
1900850 136.0
1900860 136.0
1900870 135.9
1900880 135.9
1900890 135.9
1900900 135.9
1900910 135.8
1900920 135.8
1900930 135.7
1900940 135.6
1900950 135.6
1900960 135.5
1900970 135.6
1900980 135.6
1900990 135.6
1901000 135.6
1901010 135.6
1901020 135.7
1901030 135.8
1901040 135.8
1901050 135.8
1901060 135.9
1901070 135.9
1901080 135.9
1901090 136.0
1901100 136.0
1901110 136.0
1901120 136.0
1901130 136.0
1901140 136.0
1901150 136.1
1901160 136.1
1901170 136.2
1901180 136.3
1901190 136.3
1901200 136.4
1901210 136.4
1901220 136.4
1901230 136.4
1901240 136.2
1901250 136.2
1901260 136.0
1901270 135.9
1901280 135.9
1901290 135.9
1901300 136.2
1901310 136.2
1901320 136.4
1901330 136.6
1901340 136.6
1901350 136.8
1901360 136.8
1901370 136.8
1901380 136.7
1901390 136.9
1901400 136.9
1901410 136.7
1901420 136.3
1901430 136.3
1901440 135.8
1901450 135.7
1901460 135.7
1901470 135.9
1901480 136.2
1901490 136.2
1901500 136.4
1901510 136.6
1901520 136.6
1901530 136.7
1901540 136.6
1901550 136.6
1901560 136.5
1901570 136.2
1901580 136.2
1901590 136.1
1901600 136.0
1901610 136.0
1901620 135.6
1901630 135.2
1901640 135.2
1901650 135.0
1901660 135.0
1901670 135.0
1901680 135.0
1901690 135.6
1901700 135.6
1901710 135.5
1901720 136.1
1901730 135.4
1901740 135.7
1901750 137.0
1901760 137.0
1901770 137.9
1901780 137.8
1901790 137.8
1901800 136.9
1901810 135.9
1901820 135.9
1901830 135.8
1901840 136.0
1901850 136.0
1901860 135.9
1901870 136.0
1901880 136.0
1901890 136.0
1901900 136.2
1901910 136.2
1901920 136.2
1901930 136.4
1901940 136.4
1901950 136.7
1901960 136.6
1901970 136.6
1901980 138.1
1901990 141.5
1902000 141.5
1902010 142.0
1902020 142.1
1902030 142.1
1902040 139.0
1902050 136.8
1902060 136.8
1902070 136.4
1902080 136.0
1902090 136.0
1902100 136.0
1902110 136.2
1902120 136.2
1902130 136.2
1902140 136.1
1902150 136.1
1902160 136.1
1902170 136.1
1902180 136.1
1902190 136.0
1902200 135.9
1902210 135.9
1902220 135.8
1902230 135.9
1902240 135.9
1902250 135.9
1902260 136.0
1902270 136.0
1902280 136.1
1902290 135.8
1902300 135.8
1902310 135.8
1902320 136.0
1902330 136.0
1902340 136.2
1902350 136.2
1902360 136.2
1902370 135.9
1902380 135.7
1902390 135.7
1902400 135.7
1902410 136.1
1902420 136.1
1902430 135.7
1902440 135.7
1902450 135.7
1902460 135.6
1902470 135.8
1902480 135.8
1902490 136.0
1902500 135.4
1902510 135.4
1902520 135.4
1902530 135.5
1902540 135.5
1902550 135.5
1902560 135.5
1902570 135.5
1902580 135.6
1902590 135.7
1902600 135.7
1902610 135.7
1902620 135.8
1902630 135.8
1902640 136.0
1902650 136.1
1902660 136.1
1902670 136.1
1902680 136.0
1902690 136.0
1902700 136.0
1902710 135.9
1902720 135.9
1902730 136.0
1902740 136.0
1902750 136.0
1902760 136.0
1902770 136.0
1902780 136.0
1902790 136.0
1902800 135.9
1902810 135.9
1902820 135.9
1902830 135.9
1902840 135.9
1902850 135.9
1902860 135.9
1902870 135.9
1902880 135.8
1902890 135.8
1902900 135.8
1902910 135.8
1902920 135.9
1902930 135.9
