1900000 136.8
1900010 136.8
1900020 136.8
1900030 136.8
1900040 136.8
1900050 136.8
1900060 136.8
1900070 136.8
1900080 136.8
1900090 136.7
1900100 136.7
1900110 136.6
1900120 136.6
1900130 136.6
1900140 136.5
1900150 136.5
1900160 136.5
1900170 136.5
1900180 136.5
1900190 136.5
1900200 136.5
1900210 136.5
1900220 136.5
1900230 136.6
1900240 136.5
1900250 136.5
1900260 136.4
1900270 136.5
1900280 136.5
1900290 136.5
1900300 136.5
1900310 136.5
1900320 136.5
1900330 136.6
1900340 136.6
1900350 136.6
1900360 136.7
1900370 136.7
1900380 136.7
1900390 136.7
1900400 136.7
1900410 136.7
1900420 136.7
1900430 136.7
1900440 136.7
1900450 136.6
1900460 136.6
1900470 136.6
1900480 136.7
1900490 136.7
1900500 136.8
1900510 136.8
1900520 136.8
1900530 136.8
1900540 136.7
1900550 136.7
1900560 136.7
1900570 136.8
1900580 136.8
1900590 136.7
1900600 136.8
1900610 136.8
1900620 136.8
1900630 136.7
1900640 136.7
1900650 136.7
1900660 136.7
1900670 136.7
1900680 136.7
1900690 136.6
1900700 136.5
1900710 136.5
1900720 136.5
1900730 136.4
1900740 136.4
1900750 136.4
1900760 136.5
1900770 136.5
1900780 136.3
1900790 136.1
1900800 136.1
1900810 136.2
1900820 136.4
1900830 136.4
1900840 136.4
1900850 136.2
1900860 136.2
1900870 136.2
1900880 136.3
1900890 136.3
1900900 136.3
1900910 136.4
1900920 136.4
1900930 136.5
1900940 136.4
1900950 136.4
1900960 136.3
1900970 136.3
1900980 136.3
1900990 136.2
1901000 136.2
1901010 136.2
1901020 136.2
1901030 136.3
1901040 136.3
1901050 136.4
1901060 136.3
1901070 136.3
1901080 135.8
1901090 135.3
1901100 135.3
1901110 135.1
1901120 135.1
1901130 135.1
1901140 135.4
1901150 135.6
1901160 135.6
1901170 135.7
1901180 135.8
1901190 135.8
1901200 135.9
1901210 136.0
1901220 136.0
1901230 136.0
1901240 135.7
1901250 135.7
1901260 135.4
1901270 135.0
1901280 135.0
1901290 135.0
1901300 135.1
1901310 135.1
1901320 135.1
1901330 134.7
1901340 134.7
1901350 134.8
1901360 135.1
1901370 135.1
1901380 135.4
1901390 135.7
1901400 135.7
1901410 135.8
1901420 135.9
1901430 135.9
1901440 135.9
1901450 136.0
1901460 136.0
1901470 135.9
1901480 135.5
1901490 135.5
1901500 135.1
1901510 134.9
1901520 134.9
1901530 135.1
1901540 135.4
1901550 135.4
1901560 135.9
1901570 136.2
1901580 136.2
1901590 136.3
1901600 136.3
1901610 136.3
1901620 136.5
1901630 137.3
1901640 138.0
1901650 138.3
1901660 138.2
1901670 138.2
1901680 137.2
1901690 136.6
1901700 136.6
1901710 136.6
1901720 136.6
1901730 136.6
1901740 136.7
1901750 136.9
1901760 136.9
1901770 136.9
1901780 136.8
1901790 136.8
1901800 136.7
1901810 136.6
1901820 136.6
1901830 136.5
1901840 136.4
1901850 136.4
1901860 136.3
1901870 136.3
1901880 136.3
1901890 136.2
1901900 136.3
1901910 136.3
1901920 136.4
1901930 136.5
1901940 136.5
1901950 136.4
1901960 136.3
1901970 136.3
1901980 136.2
1901990 136.3
1902000 136.3
1902010 136.2
1902020 136.0
1902030 136.0
1902040 136.0
1902050 136.1
1902060 136.1
1902070 136.0
1902080 136.0
1902090 136.0
1902100 136.1
1902110 136.2
1902120 136.2
1902130 136.0
1902140 136.0
1902150 136.0
1902160 135.9
1902170 136.0
1902180 136.0
1902190 136.0
1902200 135.9
1902210 135.9
1902220 135.8
1902230 135.8
1902240 135.8
1902250 136.0
1902260 136.0
1902270 136.0
1902280 136.1
1902290 136.2
1902300 136.2
1902310 136.2
1902320 136.1
1902330 136.1
1902340 136.1
1902350 136.3
1902360 136.3
1902370 136.4
1902380 136.5
1902390 136.5
1902400 136.6
1902410 136.5
1902420 136.5
1902430 136.6
1902440 136.8
1902450 136.8
1902460 136.8
1902470 136.7
1902480 136.7
