1900000 136.6
1900010 136.6
1900020 136.6
1900030 136.6
1900040 136.6
1900050 136.6
1900060 136.5
1900070 136.5
1900080 136.5
1900090 136.6
1900100 136.6
1900110 136.7
1900120 136.6
1900130 136.6
1900140 136.6
1900150 136.6
1900160 136.6
1900170 136.5
1900180 136.5
1900190 136.5
1900200 136.6
1900210 136.6
1900220 136.6
1900230 136.5
1900240 136.6
1900250 136.6
1900260 136.5
1900270 136.5
1900280 136.5
1900290 136.6
1900300 136.6
1900310 136.6
1900320 136.6
1900330 136.7
1900340 136.7
1900350 136.7
1900360 136.6
1900370 136.6
1900380 136.6
1900390 136.3
1900400 136.3
1900410 136.1
1900420 136.1
1900430 136.1
1900440 135.9
1900450 135.8
1900460 135.8
1900470 135.7
1900480 135.7
1900490 135.7
1900500 135.8
1900510 135.9
1900520 135.9
1900530 136.1
1900540 136.2
1900550 136.2
1900560 136.2
1900570 136.3
1900580 136.3
1900590 136.2
1900600 136.3
1900610 136.3
1900620 136.4
1900630 136.3
1900640 136.3
1900650 136.3
1900660 136.4
1900670 136.4
1900680 136.5
1900690 136.6
1900700 136.6
1900710 136.6
1900720 136.5
1900730 136.5
1900740 136.4
1900750 136.4
1900760 136.4
1900770 136.4
1900780 136.4
1900790 136.4
1900800 136.3
1900810 136.3
1900820 136.3
1900830 136.3
1900840 136.3
1900850 136.3
1900860 136.2
1900870 136.2
1900880 136.2
1900890 136.2
1900900 136.2
1900910 136.2
1900920 136.2
1900930 136.2
1900940 136.2
1900950 136.2
1900960 136.1
1900970 136.1
1900980 136.0
1900990 135.9
1901000 135.9
1901010 135.9
1901020 136.0
1901030 136.0
1901040 136.1
1901050 136.1
1901060 136.1
1901070 136.1
1901080 136.1
1901090 136.1
1901100 136.2
1901110 136.2
1901120 136.2
1901130 136.4
1901140 136.4
1901150 136.4
1901160 136.3
1901170 136.1
1901180 136.1
1901190 136.1
1901200 136.3
1901210 136.3
1901220 136.4
1901230 136.5
1901240 136.5
1901250 136.5
1901260 136.2
1901270 136.2
1901280 135.9
1901290 135.9
1901300 135.9
1901310 136.0
1901320 136.1
1901330 136.1
1901340 136.3
1901350 136.3
1901360 136.3
1901370 136.3
1901380 136.5
1901390 136.5
1901400 136.6
1901410 136.6
1901420 136.6
1901430 136.6
1901440 136.6
1901450 136.6
1901460 136.6
1901470 136.5
1901480 136.5
1901490 136.5
1901500 136.5
1901510 136.5
1901520 136.3
1901530 136.0
1901540 136.0
1901550 135.9
1901560 135.9
1901570 135.9
1901580 135.9
1901590 135.8
1901600 135.8
1901610 135.8
1901620 135.7
1901630 135.7
1901640 135.9
1901650 136.1
1901660 136.1
1901670 136.2
1901680 136.3
1901690 136.3
1901700 136.4
1901710 136.6
1901720 136.6
1901730 136.7
1901740 136.7
1901750 136.7
1901760 136.8
1901770 138.6
1901780 138.6
1901790 139.0
1901800 139.0
1901810 139.0
1901820 138.3
1901830 136.6
1901840 136.8
1901850 136.3
1901860 136.3
1901870 136.3
1901880 136.4
1901890 136.4
1901900 136.4
1901910 136.3
1901920 136.4
1901930 136.4
1901940 136.5
1901950 136.5
1901960 136.5
1901970 136.4
1901980 136.4
1901990 136.4
1902000 136.2
1902010 136.1
1902020 136.1
1902030 136.0
1902040 136.0
1902050 136.0
1902060 135.9
1902070 135.9
1902080 135.9
1902090 135.8
1902100 135.8
1902110 135.8
1902120 135.8
1902130 135.8
1902140 135.8
1902150 135.9
1902160 135.8
1902170 135.8
1902180 135.8
1902190 135.9
1902200 135.9
1902210 136.0
1902220 136.0
1902230 136.0
1902240 136.0
1902250 136.1
1902370 135.9
1902380 135.9
1902390 135.9
1902400 135.8
1902410 135.9
1902420 135.9
1902430 136.0
1902440 136.1
1902450 136.1
1902460 136.0
1902470 136.0
1902480 136.0
1902490 136.1
1902500 136.1
1902510 136.1
1902520 136.0
1902530 136.0
1902540 136.0
1902550 136.1
1902560 136.2
1902570 136.2
1902580 136.5
1902590 136.4
1902600 136.4
