1900000 136.8
1900010 136.8
1900020 136.8
1900030 136.8
1900040 136.7
1900050 136.7
1900060 136.7
1900070 136.8
1900080 136.8
1900090 136.7
1900100 136.7
1900110 136.7
1900120 136.7
1900130 136.7
1900140 136.7
1900150 136.7
1900160 136.7
1900170 136.7
1900180 136.8
1900190 136.7
1900200 136.7
1900210 136.7
1900220 136.7
1900230 136.7
1900240 136.7
1900250 136.6
1900260 136.6
1900270 136.6
1900280 136.7
1900290 136.7
1900300 136.7
1900310 136.7
1900320 136.7
1900330 136.7
1900340 136.7
1900350 136.7
1900360 136.7
1900370 136.7
1900380 136.7
1900390 136.6
1900400 136.6
1900410 136.6
1900420 136.7
1900430 136.7
1900440 136.7
1900450 136.7
1900460 136.6
1900470 136.6
1900480 136.5
1900490 136.5
1900500 136.5
1900510 136.6
1900520 136.6
1900530 136.6
1900540 136.6
1900550 136.6
1900560 136.6
1900570 136.6
1900580 136.6
1900590 136.6
1900600 136.6
1900610 136.6
1900620 136.6
1900630 136.6
1900640 136.5
1900650 136.5
1900660 136.4
1900670 136.3
1900680 136.3
1900690 136.1
1900700 136.0
1900710 136.0
1900720 135.7
1900730 135.7
1900740 135.7
1900750 135.9
1900760 136.2
1900770 136.5
1900780 136.5
1900790 136.5
1900800 136.4
1900810 136.4
1900820 136.4
1900830 136.3
1900840 136.3
1900850 136.2
1900860 136.2
1900870 136.2
1900880 136.3
1900890 136.4
1900900 136.4
1900910 136.4
1900920 136.4
1900930 136.4
1900940 136.4
1900950 136.4
1900960 136.4
1900970 136.4
1900980 136.3
1900990 136.3
1901000 136.4
1901010 136.4
1901020 136.4
1901030 136.3
1901040 136.3
1901050 136.3
1901060 136.3
1901070 136.3
1901080 136.3
1901090 136.3
1901100 136.2
1901110 136.2
1901120 136.1
1901130 136.0
1901140 136.0
1901150 136.0
1901160 136.2
1901170 136.2
1901180 136.3
1901190 136.4
1901200 136.4
1901210 136.4
1901220 136.3
1901230 136.1
1901240 136.1
1901250 136.1
1901260 136.1
1901270 136.2
1901280 136.4
1901290 136.4
1901300 136.3
1901310 136.3
1901320 136.3
1901330 136.3
1901340 136.3
1901350 136.3
1901360 136.3
1901370 136.4
1901380 136.4
1901390 136.3
1901400 136.2
1901410 136.2
1901420 136.2
1901430 136.2
1901440 136.2
1901450 136.2
1901460 136.3
1901470 136.3
1901480 136.4
1901490 136.3
1901500 136.3
1901510 136.3
1901520 136.3
1901530 136.3
1901540 136.3
1901550 136.4
1901560 136.4
1901570 136.5
1901580 136.5
1901590 136.5
1901600 136.5
1901610 136.6
1901620 136.6
1901630 136.5
1901640 136.5
1901650 136.5
1901660 136.5
1901670 136.8
1901680 136.8
1901690 138.2
1901700 138.6
1901710 138.6
1901720 138.5
1901730 137.4
1901740 137.4
1901750 136.5
1901760 136.5
1901770 136.5
1901780 136.7
1901790 136.8
1901800 136.8
1901810 136.9
1901820 136.9
1901830 136.9
1901840 136.9
1901850 136.8
1901860 136.8
1901870 136.7
1901880 136.7
1901890 136.7
1901900 136.7
1901910 136.7
1901920 136.7
1901930 136.3
1901940 136.1
1901950 136.1
1901960 136.1
1901970 136.0
1901980 136.0
1901990 136.1
1902000 136.2
1902010 136.2
1902020 136.2
1902030 136.2
1902040 136.2
1902050 136.0
1902060 136.0
1902070 136.0
1902080 136.1
1902090 136.2
1902100 136.2
1902110 136.2
1902120 136.2
1902130 136.2
1902140 136.2
1902150 136.1
1902160 136.1
1902170 136.0
1902180 136.0
1902190 136.0
1902200 136.0
1902210 135.9
1902220 135.9
1902230 135.9
1902240 135.9
1902250 135.9
1902260 135.9
1902270 136.0
1902280 136.0
1902290 136.0
1902300 135.8
1902310 135.8
1902320 135.7
1902330 135.7
1902340 135.7
1902350 135.7
1902360 135.8
1902370 135.8
1902380 135.8
1902390 136.1
1902400 136.1
1902410 136.1
1902420 136.2
1902430 136.2
1902440 136.0
1902450 135.8
1902460 135.8
1902470 135.9
1902480 135.9
1902490 135.9
1902500 136.0
1902510 136.1
1902520 136.1
1902530 136.2
