1900000 136.7
1900010 136.7
1900020 136.6
1900030 136.5
1900040 136.5
1900050 136.5
1900060 136.4
1900070 136.4
1900080 136.4
1900090 136.3
1900100 136.3
1900110 136.2
1900120 136.3
1900130 136.3
1900140 136.3
1900150 136.2
1900160 136.2
1900170 136.2
1900180 136.1
1900190 136.1
1900200 136.0
1900210 135.8
1900220 135.8
1900230 135.8
1900240 135.9
1900250 135.9
1900260 135.8
1900270 135.8
1900280 135.8
1900290 135.9
1900300 135.9
1900310 135.9
1900320 135.9
1900330 136.0
1900340 136.0
1900350 136.1
1900360 136.1
1900370 136.1
1900380 136.1
1900390 136.1
1900400 136.1
1900410 136.3
1900420 136.3
1900430 136.3
1900440 136.1
1900450 136.0
1900460 136.0
1900470 136.0
1900480 136.2
1900490 136.0
1900500 136.1
1900510 136.0
1900520 136.0
1900530 136.0
1900540 136.0
1900550 136.0
1900560 136.0
1900570 136.1
1900580 136.1
1900590 136.1
1900600 136.2
1900610 136.2
1900620 136.0
1900630 136.1
1900640 136.1
1900650 136.1
1900660 136.1
1900670 136.1
1900680 136.1
1900690 136.3
1900700 136.3
1900710 136.4
1900720 136.2
1900730 136.2
1900740 136.3
1900750 136.3
1900760 136.3
1900770 136.3
1900780 136.2
1900790 136.2
1900800 136.1
1900810 136.1
1900820 136.1
1900830 136.1
1900840 136.1
1900850 136.1
1900860 136.0
1900870 135.9
1900880 135.9
1900890 135.9
1900900 135.8
1900910 135.8
1900920 135.8
1900930 135.8
1900940 135.8
1900950 135.6
1900960 135.6
1900970 135.6
1900980 135.6
1900990 135.6
1901000 135.6
1901010 135.6
1901020 135.6
1901030 135.6
1901040 135.7
1901050 135.8
1901060 135.8
1901070 135.8
1901080 135.9
1901090 135.9
1901100 136.0
1901110 136.0
1901120 136.0
1901130 136.1
1901140 136.1
1901150 136.1
1901160 136.2
1901170 136.2
1901180 136.2
1901190 136.3
1901200 136.3
1901210 136.3
1901220 136.3
1901230 136.1
1901240 136.1
1901250 135.9
1901260 135.9
1901270 135.9
1901280 136.0
1901290 136.1
1901300 136.1
1901310 136.4
1901320 136.6
1901330 136.6
1901340 136.7
1901350 136.7
1901360 136.7
1901370 136.8
1901380 136.7
1901390 136.7
1901400 136.6
1901410 136.4
1901420 136.3
1901430 136.1
1901440 135.9
1901450 135.9
1901460 135.9
1901470 136.1
1901480 136.1
1901490 136.4
1901500 136.6
1901510 136.6
1901520 136.6
1901530 136.5
1901540 136.5
1901550 136.5
1901560 136.5
1901570 136.4
1901580 136.4
1901590 136.3
1901600 136.3
1901610 136.3
1901620 136.0
1901630 135.8
1901640 135.8
1901650 135.7
1901660 135.7
1901670 135.7
1901680 135.7
1901690 135.7
1901700 135.7
1901710 135.6
1901720 135.7
1901730 136.1
1901740 135.8
1901750 135.9
1901760 135.9
1901770 135.8
1901780 135.8
1901790 135.8
1901800 135.9
1901810 136.2
1901820 136.2
1901830 135.8
1901840 135.9
1901850 135.9
1901860 135.5
1901870 135.8
1901880 135.8
1901890 135.8
1901900 136.0
1901910 136.0
1901920 136.1
1901930 136.3
1901940 136.3
1901950 136.7
1901960 139.8
1901970 139.8
1901980 141.5
1901990 141.7
1902000 141.7
1902010 141.6
1902020 139.9
1902030 139.9
1902040 136.6
1902050 136.4
1902060 136.4
1902070 136.5
1902080 136.2
1902090 136.2
1902100 136.0
1902110 136.0
1902120 136.0
1902130 136.0
1902140 135.9
1902150 135.9
1902160 135.9
1902170 135.8
1902180 135.8
1902190 135.6
1902200 135.5
1902210 135.5
1902220 135.4
1902230 135.6
1902240 135.6
1902250 135.9
1902260 136.1
1902270 136.1
1902280 135.9
1902290 135.8
1902300 135.8
1902310 135.8
1902320 135.8
1902330 135.8
1902340 136.1
1902350 136.2
1902360 136.2
1902370 136.2
1902380 136.2
1902390 136.2
1902400 136.0
1902410 135.9
1902420 135.9
1902430 136.2
1902440 135.7
1902450 135.7
1902460 135.7
1902470 135.8
1902480 135.8
1902490 136.1
1902500 135.7
1902510 135.7
1902520 135.6
1902530 135.6
1902540 135.6
1902550 135.8
1902560 135.9
1902570 135.9
1902580 136.0
1902590 136.1
1902600 136.1
1902610 136.1
1902620 136.0
1902630 136.0
1902640 136.1
1902650 136.1
1902660 136.2
1902670 136.2
1902680 136.1
1902690 136.1
1902700 135.9
1902710 136.0
1902720 136.0
1902730 136.0
1902740 136.1
1902750 136.1
1902760 136.0
1902770 136.0
1902780 136.0
1902790 135.9
1902800 135.9
1902810 135.9
1902820 135.9
1902830 136.0
1902840 136.0
1902850 135.7
1902860 135.7
1902870 135.7
1902880 135.9
