1900000 136.3
1900010 136.3
1900020 136.3
1900030 136.2
1900040 136.2
1900050 136.2
1900060 136.2
1900070 136.1
1900080 136.1
1900090 136.1
1900100 136.1
1900110 136.1
1900120 136.1
1900130 136.0
1900140 136.0
1900150 136.1
1900160 136.1
1900170 136.1
1900180 136.1
1900190 136.0
1900200 136.0
1900210 136.1
1900220 136.2
1900230 136.2
1900240 136.1
1900250 136.1
1900260 136.1
1900270 136.0
1900280 136.0
1900290 136.0
1900300 136.0
1900310 136.0
1900320 136.0
1900330 136.0
1900340 136.0
1900350 136.0
1900360 136.1
1900370 136.1
1900380 136.1
1900390 136.1
1900400 136.1
1900410 136.1
1900420 136.1
1900430 136.1
1900440 136.1
1900450 136.1
1900460 136.0
1900470 136.0
1900480 136.0
1900490 136.1
1900500 136.1
1900510 136.2
1900520 136.3
1900530 136.3
1900540 136.2
1900550 136.1
1900560 136.1
1900570 136.2
1900580 136.3
1900590 136.3
1900600 136.3
1900610 136.4
1900620 136.4
1900630 136.1
1900640 136.0
1900650 136.0
1900660 136.0
1900670 136.0
1900680 136.0
1900690 136.1
1900700 136.1
1900710 136.1
1900720 136.2
1900730 136.3
1900740 136.3
1900750 136.3
1900760 136.3
1900770 136.3
1900780 136.3
1900790 136.2
1900800 136.3
1900810 136.3
1900820 136.2
1900830 136.2
1900840 136.2
1900850 136.2
1900860 136.2
1900870 136.2
1900880 136.0
1900890 136.0
1900900 136.0
1900910 136.1
1900920 136.1
1900930 136.1
1900940 136.0
1900950 135.9
1900960 135.9
1900970 135.7
1900980 135.7
1900990 135.7
1901000 135.8
1901010 135.8
1901020 135.8
1901030 135.8
1901040 135.7
1901050 135.7
1901060 135.6
1901070 135.8
1901080 135.8
1901090 136.0
1901100 136.0
1901110 136.1
1901120 136.1
1901130 136.1
1901140 136.1
1901150 136.0
1901160 136.0
1901170 136.0
1901180 135.9
1901190 135.9
1901200 135.9
1901210 136.0
1901220 136.2
1901230 136.2
1901240 136.4
1901250 136.5
1901260 136.5
1901270 136.5
1901280 136.6
1901290 136.6
1901300 136.7
1901310 136.7
1901320 136.7
1901330 136.6
1901340 136.6
1901350 136.6
1901360 136.5
1901370 136.5
1901380 136.5
1901390 136.3
1901400 136.1
1901410 136.1
1901420 136.0
1901430 135.6
1901440 135.6
1901450 135.8
1901460 135.9
1901470 135.9
1901480 136.2
1901490 136.2
1901500 136.2
1901510 136.2
1901520 136.2
1901530 136.2
1901540 136.1
1901550 135.9
1901560 135.9
1901570 135.7
1901580 135.6
1901590 135.6
1901600 135.6
1901610 135.9
1901620 135.9
1901630 136.2
1901640 136.3
1901650 136.3
1901660 136.4
1901670 136.5
1901680 136.5
1901690 136.6
1901700 136.6
1901710 136.6
1901720 136.7
1901730 136.7
1901740 136.7
1901750 136.6
1901760 136.6
1901770 136.6
1901780 136.6
1901790 136.7
1901800 136.7
1901810 136.8
1901820 136.9
1901830 136.9
1901840 136.9
1901850 138.7
1901860 138.7
1901870 139.9
1901880 140.0
1901890 140.0
1901900 139.8
1901910 137.7
1901920 137.7
1901930 136.4
1901940 136.3
1901950 136.3
1901960 136.3
1901970 136.4
1901980 136.4
1901990 136.7
1902000 137.2
1902010 137.2
1902020 137.4
1902030 137.5
1902040 137.5
1902050 137.4
1902060 136.9
1902070 136.9
1902080 136.4
1902090 136.4
1902100 136.4
1902110 136.4
1902120 136.5
1902130 136.5
1902140 136.4
1902150 136.2
1902160 136.2
1902170 136.1
1902180 136.3
1902190 136.3
1902200 136.4
1902210 136.5
1902220 136.5
1902230 136.4
1902240 136.3
1902250 136.3
1902260 136.2
1902270 136.3
1902280 136.3
1902290 136.4
1902300 136.1
1902310 136.1
1902320 135.9
1902330 135.8
1902340 135.8
1902350 135.9
1902360 136.0
1902370 136.0
1902380 136.1
1902390 136.1
1902400 136.1
1902410 136.0
1902420 136.0
1902430 136.0
1902440 136.1
1902450 136.4
1902460 136.4
1902470 136.3
1902480 136.2
1902490 136.2
1902500 136.1
1902510 136.2
1902520 136.2
1902530 136.4
1902540 136.5
1902550 136.5
1902560 136.9
1902570 135.6
1902580 135.6
1902590 135.5
1902600 135.5
1902610 135.5
1902620 135.4
1902630 135.4
1902640 135.4
1902650 135.5
1902660 135.5
1902670 135.5
