1900000 136.8
1900010 136.8
1900020 136.7
1900030 136.7
1900040 136.7
1900050 136.8
1900060 136.8
1900070 136.8
1900080 136.7
1900090 136.7
1900100 136.6
1900110 136.6
1900120 136.6
1900130 136.7
1900140 136.7
1900150 136.7
1900160 136.7
1900170 136.7
1900180 136.7
1900190 136.7
1900200 136.6
1900210 136.6
1900220 136.7
1900230 136.7
1900240 136.7
1900250 136.7
1900260 136.6
1900270 136.6
1900280 136.7
1900290 136.7
1900300 136.7
1900310 136.7
1900320 136.7
1900330 136.7
1900340 136.7
1900350 136.7
1900360 136.7
1900370 136.8
1900380 136.8
1900390 136.8
1900400 136.8
1900410 136.7
1900420 136.7
1900430 136.6
1900440 136.5
1900450 136.5
1900460 136.5
1900470 136.4
1900480 136.4
1900490 136.4
1900500 136.3
1900510 136.3
1900520 136.3
1900530 136.2
1900540 136.2
1900550 136.0
1900560 136.0
1900570 136.0
1900580 135.9
1900590 135.9
1900600 135.9
1900610 135.9
1900620 135.9
1900630 135.9
1900640 136.0
1900650 136.1
1900660 136.1
1900670 136.1
1900680 136.1
1900690 136.1
1900700 136.4
1900710 136.5
1900720 136.5
1900730 136.6
1900740 136.5
1900750 136.5
1900760 136.3
1900770 136.2
1900780 136.2
1900790 136.2
1900800 136.3
1900810 136.3
1900820 136.3
1900830 136.3
1900840 136.3
1900850 136.3
1900860 136.3
1900870 136.3
1900880 136.3
1900890 136.3
1900900 136.3
1900910 136.3
1900920 136.4
1900930 136.4
1900940 136.3
1900950 136.3
1900960 136.3
1900970 136.2
1900980 136.2
1900990 136.2
1901000 136.0
1901010 136.0
1901020 136.0
1901030 136.1
1901040 136.1
1901050 136.1
1901060 136.1
1901070 136.2
1901080 136.2
1901090 136.3
1901100 136.4
1901110 136.4
1901120 136.4
1901130 136.4
1901140 136.4
1901150 136.4
1901160 136.3
1901170 136.0
1901180 136.0
1901190 135.9
1901200 135.9
1901210 135.9
1901220 135.7
1901230 135.7
1901240 135.7
1901250 135.7
1901260 135.6
1901270 135.6
1901280 135.7
1901290 135.8
1901300 135.8
1901310 136.1
1901320 136.4
1901330 136.4
1901340 136.6
1901350 136.7
1901360 136.7
1901370 136.7
1901380 136.5
1901390 136.5
1901400 136.4
1901410 136.4
1901420 136.4
1901430 136.5
1901440 136.5
1901450 136.5
1901460 136.5
1901470 136.4
1901480 136.4
1901490 136.4
1901500 136.3
1901510 136.3
1901520 136.1
1901530 136.1
1901540 136.1
1901550 136.0
1901560 135.9
1901570 135.9
1901580 135.8
1901590 135.8
1901600 135.8
1901610 135.8
1901620 135.9
1901630 135.9
1901640 136.1
1901650 136.1
1901660 136.1
1901670 136.2
1901680 136.4
1901690 136.4
1901700 136.5
1901710 136.5
1901720 136.5
1901730 137.5
1901740 138.7
1901750 138.7
1901760 138.8
1901770 138.6
1901780 138.6
1901790 137.3
1901800 136.7
1901810 136.7
1901820 136.8
1901830 137.0
1901840 137.0
1901850 137.0
1901860 137.0
1901870 137.0
1901880 136.4
1901890 136.4
1901900 136.4
1901910 136.5
1901920 136.4
1901930 136.4
1901940 136.2
1901950 136.1
1901960 136.1
1901970 136.0
1901980 135.9
1901990 135.9
1902000 135.9
1902010 135.9
1902020 135.9
1902030 136.0
1902040 136.1
1902050 136.1
1902060 136.1
1902070 136.2
1902080 136.2
1902090 136.2
1902100 136.3
1902110 136.3
1902120 136.7
1902130 136.7
1902140 136.7
1902150 136.1
1902160 136.0
1902170 136.0
1902180 135.9
1902190 135.8
1902200 135.8
1902210 135.9
1902220 136.2
1902230 136.2
1902240 137.1
1902360 136.0
1902370 135.9
1902380 135.9
1902390 135.9
1902400 135.8
1902410 135.8
1902420 135.8
1902430 135.8
1902440 135.8
1902450 135.9
1902460 135.8
1902470 135.8
1902480 135.8
1902490 135.8
1902500 135.8
1902510 135.8
1902520 135.9
1902530 135.9
1902540 136.0
1902550 136.1
1902560 136.1
1902570 136.2
