1900000 136.9
1900010 136.8
1900020 136.8
1900030 136.8
1900040 136.8
1900050 136.8
1900060 136.8
1900070 136.7
1900080 136.7
1900090 136.7
1900100 136.7
1900110 136.7
1900120 136.7
1900130 136.6
1900140 136.7
1900150 136.7
1900160 136.7
1900170 136.7
1900180 136.7
1900190 136.7
1900200 136.7
1900210 136.7
1900220 136.7
1900230 136.7
1900240 136.7
1900250 136.7
1900260 136.7
1900270 136.7
1900280 136.6
1900290 136.6
1900300 136.6
1900310 136.7
1900320 136.7
1900330 136.7
1900340 136.7
1900350 136.7
1900360 136.7
1900370 136.7
1900380 136.7
1900390 136.7
1900400 136.7
1900410 136.7
1900420 136.7
1900430 136.6
1900440 136.6
1900450 136.6
1900460 136.6
1900470 136.6
1900480 136.6
1900490 136.6
1900500 136.6
1900510 136.6
1900520 136.6
1900530 136.6
1900540 136.6
1900550 136.6
1900560 136.5
1900570 136.5
1900580 136.4
1900590 136.4
1900600 136.4
1900610 136.2
1900620 136.0
1900630 136.0
1900640 135.9
1900650 135.9
1900660 135.9
1900670 136.0
1900680 136.0
1900690 136.0
1900700 136.1
1900710 136.0
1900720 136.0
1900730 136.2
1900740 136.4
1900750 136.4
1900760 136.5
1900770 136.4
1900780 136.4
1900790 136.4
1900800 136.3
1900810 136.3
1900820 136.3
1900830 136.3
1900840 136.3
1900850 136.2
1900860 136.2
1900870 136.2
1900880 136.3
1900890 136.3
1900900 136.3
1900910 136.4
1900920 136.4
1900930 136.4
1900940 136.4
1900950 136.4
1900960 136.4
1900970 136.4
1900980 136.4
1900990 136.4
1901000 136.3
1901010 136.1
1901020 136.3
1901030 136.1
1901040 136.2
1901050 136.2
1901060 136.2
1901070 136.3
1901080 136.3
1901090 136.4
1901100 136.5
1901110 136.5
1901120 136.5
1901130 136.5
1901140 136.5
1901150 136.5
1901160 136.6
1901170 136.6
1901180 136.5
1901190 136.2
1901200 136.2
1901210 135.9
1901220 135.8
1901230 135.8
1901240 135.7
1901250 135.6
1901260 135.6
1901270 135.7
1901280 135.9
1901290 135.9
1901300 136.1
1901310 136.3
1901320 136.3
1901330 136.6
1901340 136.7
1901350 136.7
1901360 136.6
1901370 136.5
1901380 136.5
1901390 136.6
1901400 136.6
1901410 136.6
1901420 136.5
1901430 136.4
1901440 136.4
1901450 136.5
1901460 136.6
1901470 136.6
1901480 136.6
1901490 136.5
1901500 136.5
1901510 136.4
1901520 136.3
1901530 136.3
1901540 136.2
1901550 136.1
1901560 136.1
1901570 136.1
1901580 136.1
1901590 136.1
1901600 136.1
1901610 136.1
1901620 136.1
1901630 136.2
1901640 136.4
1901650 136.4
1901660 136.5
1901670 136.6
1901680 136.6
1901690 136.6
1901700 137.1
1901710 137.1
1901720 138.5
1901730 138.7
1901740 138.7
1901750 138.6
1901760 137.3
1901770 137.3
1901780 136.5
1901790 136.5
1901800 136.5
1901810 136.8
1901820 136.9
1901830 136.9
1901840 136.9
1901850 137.1
1901860 137.1
1901870 137.1
1901880 137.0
1901890 137.0
1901900 136.5
1901910 136.3
1901920 136.3
1901930 136.2
1901940 136.2
1901950 136.1
1901960 136.2
1901970 136.2
1901980 136.2
1901990 136.1
1902000 136.0
1902010 136.0
1902020 136.0
1902030 136.0
1902040 136.0
1902050 136.1
1902130 136.2
1902140 136.2
1902150 136.1
1902160 136.0
1902170 136.0
1902180 135.8
1902190 135.9
1902200 135.9
1902210 135.8
1902220 135.9
1902230 135.9
1902240 136.4
1902250 137.0
1902260 136.8
1902270 136.5
1902280 135.9
1902290 135.9
1902300 135.7
1902310 135.6
1902320 135.6
1902330 135.7
1902340 135.9
1902350 135.9
1902360 135.9
1902370 136.0
1902380 136.0
1902390 136.1
1902400 136.1
1902410 136.1
1902420 136.0
1902430 135.8
1902440 135.8
1902450 135.8
1902460 135.9
1902470 135.9
1902480 135.9
1902490 135.9
1902500 135.9
1902510 136.0
1902520 136.1
1902530 136.1
1902540 136.1
1902550 136.2
1902560 136.2
