1900000 136.5
1900010 136.4
1900020 136.4
1900030 136.4
1900040 136.3
1900050 136.3
1900060 136.3
1900070 136.2
1900080 136.1
1900090 136.1
1900100 136.1
1900110 136.1
1900120 136.1
1900130 136.1
1900140 136.0
1900150 136.0
1900160 136.0
1900170 136.0
1900180 136.0
1900190 136.0
1900200 136.1
1900210 136.1
1900220 136.1
1900230 136.1
1900240 136.1
1900250 136.1
1900260 136.2
1900270 136.2
1900280 136.2
1900290 136.3
1900300 136.3
1900310 136.3
1900320 136.2
1900330 136.2
1900340 136.3
1900350 136.2
1900360 136.2
1900370 136.0
1900380 135.9
1900390 136.0
1900400 136.0
1900410 135.9
1900420 135.9
1900430 135.9
1900440 135.9
1900450 135.9
1900460 136.0
1900470 136.1
1900480 136.1
1900490 135.9
1900500 135.8
1900510 135.8
1900520 135.8
1900530 135.8
1900540 135.8
1900550 135.9
1900560 136.0
1900570 136.0
1900580 136.0
1900590 135.9
1900600 135.9
1900610 135.9
1900620 136.0
1900630 136.0
1900640 136.0
1900650 136.0
1900660 136.0
1900670 136.0
1900680 136.0
1900690 136.0
1900700 136.2
1900710 136.2
1900720 136.2
1900730 136.2
1900740 136.1
1900750 136.1
1900760 136.1
1900770 136.0
1900780 136.0
1900790 136.0
1900800 136.1
1900810 136.1
1900820 136.1
1900830 136.1
1900840 136.1
1900850 136.1
1900860 136.1
1900870 136.1
1900880 136.2
1900890 136.2
1900900 136.2
1900910 136.2
1900920 136.1
1900930 136.1
1900940 136.0
1900950 135.7
1900960 135.7
1900970 135.7
1900980 135.8
1900990 135.8
1901000 135.7
1901010 135.7
1901020 135.7
1901030 135.6
1901040 135.7
1901050 135.7
1901060 135.7
1901070 135.8
1901080 135.8
1901090 135.8
1901100 135.9
1901110 135.9
1901120 135.9
1901130 136.1
1901140 136.1
1901150 136.2
1901160 136.2
1901170 136.2
1901180 136.1
1901190 136.0
1901200 136.0
1901210 135.9
1901220 135.8
1901230 135.8
1901240 135.9
1901250 136.2
1901260 136.2
1901270 136.4
1901280 136.6
1901290 136.6
1901300 136.7
1901310 136.7
1901320 136.7
1901330 136.6
1901340 136.6
1901350 136.6
1901360 136.6
1901370 136.6
1901380 136.6
1901390 136.6
1901400 136.5
1901410 136.5
1901420 136.2
1901430 135.9
1901440 135.9
1901450 135.7
1901460 135.8
1901470 135.8
1901480 136.0
1901490 136.2
1901500 136.2
1901510 136.3
1901520 136.3
1901530 136.3
1901540 136.3
1901550 136.4
1901560 136.4
1901570 136.6
1901580 136.6
1901590 136.6
1901600 136.6
1901610 136.7
1901620 136.7
1901630 136.8
1901640 136.7
1901650 136.7
1901660 136.7
1901670 136.7
1901680 136.7
1901690 136.7
1901700 136.7
1901710 136.6
1901720 136.6
1901730 136.5
1901740 136.4
1901750 136.4
1901760 136.4
1901770 136.4
1901780 136.4
1901790 136.7
1901800 136.7
1901810 136.7
1901820 136.5
1901830 136.3
1901840 136.3
1901850 136.2
1901860 136.1
1901870 136.1
1901880 136.3
1901890 137.9
1901900 137.9
1901910 140.2
1901920 140.6
1901930 140.6
1901940 139.9
1901950 137.3
1901960 137.3
1901970 136.4
1901980 136.3
1901990 136.3
1902000 136.3
1902010 136.4
1902020 136.4
1902030 136.6
1902040 136.9
1902050 136.9
1902060 137.3
1902070 137.6
1902080 137.6
1902090 137.6
1902100 137.1
1902110 137.1
1902120 136.4
1902130 136.2
1902140 136.2
1902150 136.1
1902160 136.0
1902170 136.0
1902180 136.1
1902190 136.2
1902200 136.2
1902210 136.3
1902220 136.2
1902230 136.2
1902240 136.3
1902250 136.2
1902260 136.2
1902270 136.0
1902280 135.9
1902290 135.9
1902300 136.1
1902310 136.0
1902320 136.0
1902330 135.9
1902340 135.9
1902350 135.9
1902360 136.0
1902370 136.0
1902380 136.0
1902390 136.1
1902400 136.3
1902410 136.3
1902420 136.4
1902430 136.4
1902440 136.4
1902450 136.5
1902460 136.5
1902470 136.5
1902480 136.4
1902490 136.1
1902500 136.1
1902510 136.3
1902520 135.9
1902530 135.9
1902540 135.8
1902550 135.8
1902560 135.8
1902570 135.7
1902580 135.8
1902590 135.8
1902600 135.8
1902610 135.7
1902620 135.7
1902630 135.8
1902640 135.9
1902650 135.9
1902660 136.2
1902670 136.2
1902680 136.2
1902690 135.6
