1900000 136.6
1900010 136.6
1900020 136.6
1900030 136.6
1900040 136.6
1900050 136.6
1900060 136.6
1900070 136.6
1900080 136.6
1900090 136.6
1900100 136.6
1900110 136.5
1900120 136.5
1900130 136.4
1900140 136.2
1900150 136.2
1900160 136.2
1900170 136.2
1900180 136.1
1900190 136.1
1900200 136.1
1900210 136.1
1900220 136.1
1900230 136.1
1900240 136.1
1900250 136.1
1900260 136.1
1900270 136.1
1900280 136.1
1900290 136.0
1900300 136.0
1900310 136.0
1900320 136.1
1900330 136.1
1900340 135.8
1900350 135.8
1900360 135.8
1900370 135.8
1900380 135.8
1900390 135.8
1900400 135.8
1900410 135.8
1900420 135.8
1900430 135.8
1900440 135.9
1900450 135.9
1900460 135.9
1900470 135.8
1900480 135.8
1900490 135.7
1900500 135.7
1900510 135.7
1900520 135.7
1900530 135.8
1900540 135.8
1900550 135.8
1900560 135.7
1900570 135.7
1900580 135.7
1900590 135.7
1900600 135.9
1900610 135.9
1900620 135.9
1900630 136.0
1900640 136.0
1900650 136.1
1900660 136.2
1900670 136.2
1900680 136.2
1900690 136.2
1900700 136.2
1900710 136.1
1900720 136.1
1900730 136.1
1900740 136.1
1900750 136.1
1900760 136.1
1900770 136.0
1900780 136.0
1900790 136.0
1900800 136.0
1900810 135.9
1900820 135.9
1900830 136.0
1900840 136.1
1900850 136.1
1900860 136.2
1900870 136.2
1900880 136.2
1900890 136.2
1900900 136.1
1900910 136.1
1900920 135.9
1900930 135.8
1900940 135.8
1900950 135.7
1900960 135.8
1900970 135.8
1900980 135.6
1900990 135.6
1901000 135.6
1901010 135.7
1901020 135.7
1901030 135.7
1901040 135.7
1901050 135.8
1901060 135.8
1901070 135.8
1901080 135.8
1901090 135.8
1901100 135.9
1901110 135.9
1901120 135.9
1901130 136.1
1901140 136.2
1901150 136.2
1901160 136.3
1901170 136.2
1901180 136.2
1901190 136.1
1901200 135.9
1901210 135.9
1901220 135.8
1901230 135.8
1901240 135.8
1901250 135.8
1901260 136.1
1901270 136.1
1901280 136.3
1901290 136.6
1901300 136.6
1901310 136.8
1901320 136.8
1901330 136.8
1901340 136.7
1901350 136.6
1901360 136.6
1901370 136.6
1901380 136.6
1901390 136.6
1901400 136.3
1901410 136.0
1901420 136.0
1901430 135.9
1901440 135.8
1901450 135.8
1901460 136.0
1901470 136.2
1901480 136.2
1901490 136.3
1901500 136.2
1901510 136.2
1901520 136.1
1901530 136.2
1901540 136.2
1901550 136.4
1901560 136.5
1901570 136.5
1901580 136.6
1901590 136.6
1901600 136.6
1901610 136.6
1901620 136.5
1901630 136.5
1901640 136.6
1901650 136.7
1901660 136.7
1901670 136.7
1901680 136.7
1901690 136.7
1901700 136.7
1901710 136.7
1901720 136.7
1901730 136.7
1901740 136.6
1901750 136.6
1901760 136.3
1901770 136.3
1901780 136.3
1901790 136.3
1901800 136.2
1901810 136.2
1901820 136.2
1901830 136.1
1901840 136.1
1901850 136.1
1901860 136.0
1901870 136.0
1901880 136.0
1901890 136.2
1901900 136.2
1901910 136.6
1901920 138.7
1901930 138.7
1901940 140.7
1901950 141.0
1901960 141.0
1901970 141.1
1901980 139.3
1901990 139.3
1902000 137.0
1902010 136.3
1902020 136.3
1902030 136.3
1902040 136.4
1902050 136.4
1902060 136.4
1902070 136.3
1902080 136.3
1902090 136.2
1902100 136.2
1902110 136.2
1902120 136.2
1902130 136.1
1902140 136.1
1902150 136.0
1902160 136.0
1902170 136.0
1902180 136.0
1902190 136.1
1902200 136.1
1902210 136.2
1902220 136.3
1902230 136.3
1902240 136.1
1902250 135.8
1902260 135.8
1902270 135.8
1902280 135.7
1902290 135.7
1902300 135.8
1902310 135.7
1902320 135.7
1902330 135.8
1902340 135.9
1902350 136.0
1902360 136.1
1902370 136.3
1902380 136.3
1902390 136.3
1902400 136.4
1902410 136.4
1902420 136.5
1902430 136.6
1902440 136.6
1902450 136.5
1902460 136.2
1902470 136.2
1902480 135.8
1902490 136.1
1902500 136.1
1902510 136.2
1902520 135.8
1902530 135.8
1902540 135.7
1902550 135.8
1902560 135.8
1902570 136.0
1902580 136.2
1902590 136.2
1902600 136.2
1902610 136.2
1902620 136.2
1902630 136.1
1902640 136.1
1902650 136.1
1902660 135.9
1902670 135.8
1902680 135.8
1902690 135.8
1902700 135.8
1902710 135.8
1902720 135.7
1902730 135.7
1902740 135.7
1902750 136.6
