1900000 137.0
1900010 137.0
1900020 137.0
1900030 137.0
1900040 137.0
1900050 136.9
1900060 136.9
1900070 136.9
1900080 137.0
1900090 137.0
1900100 137.0
1900110 137.0
1900120 137.1
1900130 137.1
1900140 137.1
1900150 137.1
1900160 137.1
1900170 137.1
1900180 137.2
1900190 137.2
1900200 137.2
1900210 137.2
1900220 137.2
1900230 137.1
1900240 137.3
1900250 137.3
1900260 137.3
1900270 137.3
1900280 137.3
1900290 137.3
1900300 137.4
1900310 137.4
1900320 137.5
1900330 137.5
1900340 137.5
1900350 137.4
1900360 137.4
1900370 137.4
1900380 137.3
1900390 136.8
1900400 136.8
1900410 135.6
1900420 135.5
1900430 135.5
1900440 135.7
1900450 135.9
1900460 135.9
1900470 136.9
1900480 137.2
1900490 137.2
1900500 137.2
1900510 137.2
1900520 137.2
1900530 137.2
1900540 137.1
1900550 137.1
1900560 137.1
1900570 137.0
1900580 137.0
1900590 137.0
1900600 137.0
1900610 137.1
1900620 137.1
1900630 137.0
1900640 137.0
1900650 137.0
1900660 137.0
1900670 137.0
1900680 136.9
1900690 136.9
1900700 136.9
1900710 136.9
1900720 136.8
1900730 136.8
1900740 136.8
1900750 136.8
1900760 136.8
1900770 136.7
1900780 136.7
1900790 136.7
1900800 136.7
1900810 136.7
1900820 136.7
1900830 136.8
1900840 136.9
1900850 136.9
1900860 137.0
1900870 136.6
1900880 136.6
1900890 135.6
1900900 135.5
1900910 135.7
1900920 136.2
1900930 135.3
1900940 135.6
1900950 135.6
1900960 136.1
1900970 136.4
1900980 136.4
1900990 136.3
1901000 136.4
1901010 136.4
1901020 136.6
1901030 136.7
1901040 136.7
1901050 136.8
1901060 136.7
1901070 136.7
1901080 137.3
1901090 137.4
1901100 137.4
1901110 137.4
1901120 137.1
1901130 137.1
1901140 137.1
1901150 137.5
1901160 137.5
1901170 137.6
1901180 137.6
1901190 137.6
1901200 137.6
1901210 137.5
1901220 137.5
1901230 137.4
1901240 137.0
1901250 137.0
1901260 136.9
1901270 136.8
1901280 136.8
1901290 136.8
1901300 136.7
1901310 136.7
1901320 136.7
1901330 136.7
1901340 136.7
1901350 136.7
1901360 136.7
1901370 136.7
1901380 136.6
1901390 136.5
1901400 136.5
1901410 136.4
1901420 136.4
1901430 136.4
1901440 136.4
1901450 136.3
1901460 136.3
1901470 136.6
1901480 137.5
1901490 137.5
1901500 137.7
1901510 137.5
1901520 137.5
1901530 136.7
1901540 136.5
1901550 136.4
1901560 136.5
1901570 136.5
1901580 136.5
1901590 136.6
1901600 136.7
1901610 136.7
1901620 136.8
1901630 136.8
1901640 136.8
1901650 136.7
1901660 136.5
1901670 136.5
1901680 136.5
1901690 136.6
1901700 136.6
1901710 136.8
1901720 136.7
1901730 136.7
1901740 136.6
1901750 136.5
1901760 136.5
1901770 136.3
1901780 136.1
1901790 136.1
1901800 136.2
1901810 136.3
1901820 136.3
1901830 136.8
1901840 136.9
1901850 136.9
1901860 136.8
1901870 136.8
1901880 136.8
1901890 136.7
1901900 136.7
1901910 136.7
1901920 136.7
1901930 136.6
1901940 136.6
1901950 136.6
1901960 136.6
1901970 136.6
1901980 136.5
1901990 136.5
1902000 136.5
1902010 136.5
1902020 136.4
1902030 136.4
1902040 136.4
1902050 136.4
1902060 136.4
1902070 136.4
1902080 136.4
1902090 136.4
1902100 136.4
1902110 136.3
1902120 136.3
1902130 136.3
1902140 136.4
1902150 136.4
1902160 136.5
1902170 136.5
1902180 136.5
1902190 136.6
1902200 136.5
1902210 136.5
1902220 136.4
1902230 136.4
1902240 136.4
1902250 136.3
1902260 136.4
1902270 136.4
1902280 136.4
1902290 136.3
1902300 136.3
1902310 136.3
1902320 136.2
1902330 136.2
1902340 136.2
1902350 136.3
1902360 136.3
1902370 136.2
1902380 136.3
1902390 136.3
1902400 136.3
1902410 136.2
1902420 136.2
1902430 136.2
1902440 136.3
1902450 136.3
1902460 136.2
1902470 136.2
1902480 136.4
1902490 136.3
