1900000 136.8
1900010 136.9
1900020 136.9
1900030 136.8
1900040 136.8
1900050 136.8
1900060 136.8
1900070 136.8
1900080 136.8
1900090 136.8
1900100 136.8
1900110 136.8
1900120 136.8
1900130 136.9
1900140 136.9
1900150 136.8
1900160 136.8
1900170 136.8
1900180 136.9
1900190 136.9
1900200 136.9
1900210 136.9
1900220 136.9
1900230 136.9
1900240 136.9
1900250 136.9
1900260 136.9
1900270 136.9
1900280 136.9
1900290 136.9
1900300 136.9
1900310 136.9
1900320 136.9
1900330 136.9
1900340 137.0
1900350 137.0
1900360 137.1
1900370 137.1
1900380 137.1
1900390 137.1
1900400 137.2
1900410 137.2
1900420 137.1
1900430 137.1
1900440 137.1
1900450 137.1
1900460 137.1
1900470 137.0
1900480 137.0
1900490 137.1
1900500 137.2
1900510 137.2
1900520 137.2
1900530 137.2
1900540 137.2
1900550 137.2
1900560 137.2
1900570 137.2
1900580 137.2
1900590 137.2
1900600 137.2
1900610 137.3
1900620 137.3
1900630 137.3
1900640 137.3
1900650 137.3
1900660 137.3
1900670 137.3
1900680 137.3
1900690 137.3
1900700 137.3
1900710 137.3
1900720 137.3
1900730 137.2
1900740 137.1
1900750 137.1
1900760 137.1
1900770 137.0
1900780 137.0
1900790 137.0
1900800 136.9
1900810 136.9
1900820 136.8
1900830 136.7
1900840 136.7
1900850 136.5
1900860 136.3
1900870 136.3
1900880 136.1
1900890 136.0
1900900 136.0
1900910 136.0
1900920 136.4
1900930 136.4
1900940 136.7
1900950 136.8
1900960 136.8
1900970 136.7
1900980 136.7
1900990 136.7
1901000 136.6
1901010 136.6
1901020 136.6
1901030 136.5
1901040 136.4
1901050 136.4
1901060 136.5
1901070 136.6
1901080 136.6
1901090 136.8
1901100 136.9
1901110 136.9
1901120 136.7
1901130 136.6
1901140 136.6
1901150 136.5
1901160 136.1
1901170 136.1
1901180 136.0
1901190 136.1
1901200 136.1
1901210 136.4
1901220 136.3
1901230 136.3
1901240 136.3
1901250 136.2
1901260 136.2
1901270 136.2
1901280 136.2
1901290 136.2
1901300 136.1
1901310 136.1
1901320 136.1
1901330 136.1
1901340 136.1
1901350 136.1
1901360 136.1
1901370 136.1
1901380 136.1
1901390 136.0
1901400 135.9
1901410 135.9
1901420 135.9
1901430 135.9
1901440 135.9
1901450 135.9
1901460 136.0
1901470 136.0
1901480 136.1
1901490 136.1
1901500 136.1
1901510 136.1
1901520 136.4
1901530 136.4
1901540 137.8
1901550 137.9
1901560 137.9
1901570 137.5
1901580 136.8
1901590 136.8
1901600 136.7
1901610 136.7
1901620 136.7
1901630 136.5
1901640 136.4
1901650 136.4
1901660 136.4
1901670 136.5
1901680 136.5
1901690 136.5
1901700 136.6
1901710 136.6
1901720 136.5
1901730 136.4
1901740 136.4
1901750 136.4
1901760 136.3
1901770 136.3
1901780 136.5
1901790 136.8
1901800 136.8
1901810 136.8
1901820 136.6
1901830 136.6
1901840 136.5
1901850 136.7
1901860 136.7
1901870 136.7
1901880 136.7
1901890 136.7
1901900 136.6
1901910 136.5
1901920 136.5
1901930 136.4
1901940 136.5
1901950 136.5
1901960 136.6
1901970 136.5
1901980 136.5
1901990 136.4
1902000 136.4
1902010 136.4
1902020 136.5
1902030 136.5
1902040 136.5
1902050 136.5
1902060 136.4
1902070 136.4
1902080 136.3
1902090 136.3
1902100 136.3
1902110 136.4
1902120 136.4
1902130 136.4
1902140 136.4
1902150 136.4
1902160 136.4
1902170 136.4
1902180 136.2
1902190 136.2
1902200 136.3
1902210 136.3
1902220 136.3
1902230 136.3
1902240 136.3
1902250 136.3
1902260 136.2
1902270 136.1
1902280 136.1
1902290 136.2
1902300 136.2
1902310 136.2
1902320 136.3
1902330 136.4
1902340 136.4
1902350 136.5
1902360 136.5
1902370 136.5
1902380 136.5
1902390 136.5
1902400 136.5
1902410 136.4
1902420 136.2
1902430 136.2
1902440 136.5
1902450 136.7
1902460 136.7
1902470 136.5
1902480 136.5
1902490 136.5
