1900000 136.3
1900010 136.3
1900020 136.3
1900030 136.3
1900040 136.3
1900050 136.4
1900060 136.3
1900070 136.3
1900080 136.3
1900090 136.3
1900100 136.3
1900110 136.3
1900120 136.2
1900130 136.2
1900140 136.2
1900150 136.3
1900160 136.3
1900170 136.3
1900180 136.2
1900190 136.2
1900200 136.1
1900210 136.1
1900220 136.0
1900230 136.0
1900240 136.0
1900250 136.0
1900260 136.0
1900270 135.9
1900280 135.9
1900290 135.9
1900300 135.9
1900310 135.8
1900320 135.8
1900330 135.7
1900340 135.7
1900350 135.7
1900360 135.9
1900370 136.1
1900380 136.1
1900390 136.1
1900400 136.2
1900410 136.2
1900420 136.3
1900430 136.4
1900440 136.4
1900450 136.4
1900460 136.4
1900470 136.4
1900480 136.4
1900490 136.3
1900500 136.3
1900510 136.2
1900520 136.2
1900530 136.2
1900540 136.2
1900550 136.4
1900560 136.4
1900570 136.4
1900580 136.3
1900590 136.3
1900600 136.3
1900610 136.3
1900620 136.3
1900630 136.4
1900640 136.5
1900650 136.5
1900660 136.4
1900670 136.2
1900680 136.2
1900690 136.2
1900700 136.3
1900710 136.3
1900720 136.4
1900730 136.3
1900740 136.3
1900750 136.3
1900760 136.3
1900770 136.3
1900780 136.3
1900790 136.4
1900800 136.4
1900810 136.3
1900820 136.3
1900830 136.3
1900840 136.3
1900850 136.3
1900860 136.3
1900870 136.2
1900880 136.2
1900890 136.2
1900900 136.2
1900910 136.1
1900920 136.1
1900930 136.0
1900940 135.9
1900950 135.9
1900960 135.9
1900970 135.9
1900980 135.9
1900990 135.9
1901000 135.9
1901010 135.9
1901020 135.9
1901030 135.9
1901040 135.9
1901050 135.9
1901060 136.0
1901070 136.0
1901080 136.0
1901090 136.0
1901100 136.0
1901110 136.2
1901120 136.5
1901130 136.5
1901140 136.5
1901150 136.3
1901160 136.3
1901170 136.1
1901180 136.0
1901190 136.0
1901200 136.0
1901210 136.0
1901220 136.0
1901230 136.2
1901240 136.6
1901250 136.6
1901260 136.8
1901270 136.8
1901280 136.8
1901290 136.7
1901300 136.5
1901310 136.5
1901320 136.0
1901330 135.9
1901340 135.9
1901350 135.8
1901360 135.7
1901370 135.7
1901380 135.7
1901390 135.9
1901400 135.9
1901410 136.3
1901420 136.7
1901430 136.7
1901440 136.8
1901450 136.8
1901460 136.8
1901470 136.8
1901480 136.7
1901490 136.7
1901500 136.5
1901510 136.3
1901520 136.3
1901530 136.2
1901540 136.1
1901550 136.1
1901560 136.2
1901570 136.2
1901580 136.2
1901590 136.2
1901600 136.2
1901610 136.2
1901620 136.2
1901630 136.0
1901640 136.0
1901650 136.0
1901660 136.0
1901670 136.0
1901680 136.1
1901690 136.4
1901700 136.4
1901710 136.5
1901720 136.7
1901730 136.7
1901740 136.7
1901750 136.9
1901760 136.9
1901770 137.0
1901780 137.1
1901790 137.1
1901800 137.4
1901810 138.9
1901820 138.9
1901830 139.4
1901840 139.5
1901850 139.5
1901860 139.1
1901870 137.1
1901880 137.1
1901890 136.4
1901900 136.3
1901910 136.3
1901920 136.4
1901930 136.7
1901940 136.6
1901950 136.7
1901960 136.6
1901970 136.6
1901980 136.5
1901990 136.4
1902000 136.4
1902010 136.3
1902020 136.2
1902030 136.2
1902040 136.3
1902050 136.3
1902060 136.3
1902070 136.3
1902080 136.1
1902090 136.1
1902100 136.0
1902110 135.8
1902120 135.8
1902130 135.8
1902140 135.8
1902150 135.8
1902160 135.9
1902170 135.9
1902180 135.9
1902190 135.9
1902200 136.0
1902210 136.0
1902220 136.0
1902230 135.9
1902240 135.9
1902250 136.0
1902260 136.1
1902270 136.1
1902280 136.1
1902290 136.1
1902300 136.1
1902310 136.0
1902320 136.0
1902330 136.0
1902340 135.9
1902350 135.9
1902360 135.9
1902370 135.8
1902380 135.9
1902390 135.9
1902400 136.0
1902410 136.2
1902420 136.2
1902430 136.2
1902440 135.9
1902450 135.9
1902460 135.8
1902470 135.8
1902480 135.8
1902490 136.0
1902500 136.2
1902510 136.2
1902520 136.2
1902530 136.3
1902540 136.3
1902550 136.3
1902560 136.3
1902570 136.3
1902580 136.4
1902590 137.2
1902600 137.2
1902610 136.7
1902620 135.5
1902630 135.5
1902640 135.5
