1900000 136.0
1900010 136.0
1900020 135.8
1900030 137.4
1900040 137.4
1900050 137.6
1900060 137.4
1900070 137.4
1900080 137.4
1900090 137.3
1900100 137.3
1900110 137.2
1900120 137.1
1900130 137.1
1900140 137.0
1900150 137.0
1900160 137.0
1900170 137.0
1900180 137.2
1900190 137.2
1900200 137.3
1900210 137.4
1900220 137.4
1900230 137.3
1900240 137.3
1900250 137.3
1900260 137.2
1900270 137.1
1900280 137.1
1900290 137.0
1900300 137.0
1900310 137.0
1900320 136.9
1900330 136.8
1900340 136.7
1900350 136.7
1900360 136.7
1900370 136.7
1900380 136.7
1900390 136.8
1900400 136.9
1900410 136.9
1900420 137.0
1900430 137.0
1900440 137.0
1900450 137.0
1900460 136.9
1900470 136.9
1900480 136.9
1900490 136.9
1900500 136.9
1900510 136.8
1900520 136.7
1900530 136.7
1900540 136.7
1900550 136.6
1900560 136.6
1900570 136.4
1900580 136.4
1900590 136.4
1900600 136.3
1900610 136.2
1900620 136.2
1900630 136.0
1900640 135.9
1900650 135.9
1900660 135.8
1900670 135.8
1900680 135.8
1900690 135.7
1900700 135.8
1900710 135.8
1900720 135.7
1900730 135.7
1900740 135.7
1900750 135.8
1900760 135.8
1900770 135.8
1900780 135.9
1900790 135.9
1900800 135.9
1900810 135.9
1900820 136.0
1900830 136.3
1900840 136.3
1900850 136.3
1900860 136.3
1900870 136.3
1900880 136.3
1900890 136.3
1900900 136.5
1900910 136.7
1900920 136.7
1900930 136.7
1900940 136.4
1900950 136.4
1900960 136.4
1900970 136.4
1900980 136.4
1900990 136.3
1901000 136.4
1901010 136.4
1901020 136.5
1901030 136.4
1901040 136.4
1901050 136.4
1901060 136.4
1901070 136.4
1901080 136.5
1901090 136.5
1901100 136.5
1901110 136.5
1901120 136.5
1901130 136.5
1901140 136.2
1901150 136.3
1901160 136.3
1901170 136.4
1901180 136.4
1901190 136.4
1901200 136.5
1901210 136.5
1901220 136.5
1901230 136.5
1901240 136.6
1901250 136.6
1901260 136.6
1901270 136.7
1901280 136.7
1901290 136.8
1901300 136.8
1901310 136.8
1901320 136.8
1901330 136.8
1901340 136.8
1901350 137.4
1901360 137.5
1901370 137.5
1901380 137.3
1901390 136.8
1901400 136.8
1901410 137.2
1901420 137.3
1901430 137.3
1901440 137.4
1901450 137.2
1901460 137.2
1901470 137.4
1901480 137.6
1901490 137.6
1901500 137.6
1901510 137.6
1901520 137.6
1901530 137.8
1901540 138.4
1901550 138.4
1901560 139.6
1901570 139.7
1901580 139.7
1901590 139.2
1901600 138.4
1901610 138.4
1901620 137.4
1901630 137.1
1901640 137.1
1901650 137.0
1901660 137.0
1901670 137.0
1901680 137.0
1901690 137.0
1901700 137.0
1901710 137.0
1901720 137.0
1901730 137.0
1901740 136.9
1901750 136.8
1901760 136.4
1901770 136.4
1901780 136.4
1901790 136.4
1901800 136.3
1901810 136.4
1901820 136.4
1901830 136.4
1901840 136.4
1901850 136.4
1901860 136.5
1901870 136.5
1901880 136.5
1901890 136.5
1901900 136.5
1901910 136.5
1901920 136.4
1901930 136.3
1901940 136.3
1901950 136.2
1901960 136.3
1901970 136.3
1901980 136.4
1901990 136.4
1902000 136.4
1902010 136.4
1902020 136.6
1902030 136.6
1902040 137.0
1902050 137.5
1902060 137.5
1902070 137.8
1902080 137.4
1902090 137.4
1902100 137.3
1902110 136.7
1902120 136.7
1902130 136.6
1902140 136.6
1902150 136.6
1902160 136.6
1902170 136.6
1902180 136.6
1902190 136.6
1902200 136.6
1902210 136.6
1902220 136.7
1902230 136.7
1902240 136.7
1902250 136.7
1902260 136.7
1902270 136.7
1902280 136.5
1902290 136.4
1902300 136.4
1902310 136.3
1902320 136.3
1902330 136.3
1902340 136.6
1902350 136.9
1902360 136.9
1902370 136.9
1902380 136.6
1902390 136.6
1902400 136.4
1902410 136.3
1902420 136.3
1902430 136.3
1902440 136.4
1902450 136.4
1902460 136.4
1902470 136.3
1902480 136.3
