1900000 137.1
1900010 137.1
1900020 136.0
1900030 136.7
1900040 136.7
1900050 137.6
1900060 137.4
1900070 137.4
1900080 137.4
1900090 137.4
1900100 137.4
1900110 137.4
1900120 137.4
1900130 137.4
1900140 137.4
1900150 137.3
1900160 137.3
1900170 137.2
1900180 137.2
1900190 137.2
1900200 137.1
1900210 137.1
1900220 137.1
1900230 137.0
1900240 137.0
1900250 137.0
1900260 137.0
1900270 136.9
1900280 136.9
1900290 137.0
1900300 137.0
1900310 137.0
1900320 137.0
1900330 137.0
1900340 137.0
1900350 137.0
1900360 137.1
1900370 137.1
1900380 137.1
1900390 137.0
1900400 137.0
1900410 136.8
1900420 136.7
1900430 136.7
1900440 136.6
1900450 136.6
1900460 136.6
1900470 136.5
1900480 136.4
1900490 136.4
1900500 136.3
1900510 136.3
1900520 136.3
1900530 136.3
1900540 136.3
1900550 136.3
1900560 136.2
1900570 136.1
1900580 136.1
1900590 136.1
1900600 136.2
1900610 136.2
1900620 136.2
1900630 136.2
1900640 136.2
1900650 136.2
1900660 136.2
1900670 136.2
1900680 136.3
1900690 136.4
1900700 136.4
1900710 136.4
1900720 136.4
1900730 136.6
1900740 136.6
1900750 136.7
1900760 136.7
1900770 136.7
1900780 136.7
1900790 136.7
1900800 136.7
1900810 136.6
1900820 136.6
1900830 136.5
1900840 136.5
1900850 136.5
1900860 136.4
1900870 136.4
1900880 136.4
1900890 136.5
1900900 136.7
1900910 136.7
1900920 136.7
1900930 136.5
1900940 136.5
1900950 136.4
1900960 136.3
1900970 136.3
1900980 136.3
1900990 136.3
1901000 136.3
1901010 136.2
1901020 136.1
1901030 136.1
1901040 136.1
1901050 136.2
1901060 136.2
1901070 136.2
1901080 136.2
1901090 136.2
1901100 136.2
1901110 136.0
1901120 136.0
1901130 135.9
1901140 135.9
1901150 135.9
1901160 135.9
1901170 135.9
1901180 135.9
1901190 135.9
1901200 136.0
1901210 136.0
1901220 136.1
1901230 136.2
1901240 136.2
1901250 136.3
1901260 136.5
1901270 136.5
1901280 136.5
1901290 136.5
1901300 136.5
1901310 136.6
1901320 137.3
1901330 137.3
1901340 137.5
1901350 137.3
1901360 137.3
1901370 136.6
1901380 136.7
1901390 136.7
1901400 136.8
1901410 136.9
1901420 136.9
1901430 137.0
1901440 137.0
1901450 137.0
1901460 136.9
1901470 136.8
1901480 136.8
1901490 136.8
1901500 136.9
1901510 136.9
1901520 136.9
1901530 136.9
1901540 136.9
1901550 136.9
1901560 136.9
1901570 136.9
1901580 136.9
1901590 136.8
1901600 136.8
1901610 136.7
1901620 137.2
1901630 137.3
1901640 137.3
1901650 137.3
1901660 137.0
1901670 137.0
1901680 137.0
1901690 137.0
1901700 137.0
1901710 136.6
1901720 136.4
1901730 136.4
1901740 136.3
1901750 136.2
1901760 136.2
1901770 136.3
1901780 136.3
1901790 136.3
1901800 136.4
1901810 136.5
1901820 136.5
1901830 136.5
1901840 136.5
1901850 136.5
1901860 136.7
1901870 136.8
1901880 136.8
1901890 137.0
1901900 137.1
1901910 137.1
1901920 137.3
1901930 137.2
1901940 137.2
1901950 137.2
1901960 137.2
1901970 136.6
1901980 136.7
1901990 136.5
1902000 136.5
1902010 136.4
1902020 136.3
1902030 136.3
1902040 136.3
1902050 136.4
1902060 136.4
1902070 136.4
1902080 136.5
1902090 136.5
1902100 136.6
1902110 136.7
1902120 136.7
1902130 136.8
1902140 136.7
1902150 136.7
1902160 136.8
1902170 136.8
1902180 136.8
1902260 136.5
1902270 136.5
1902280 136.5
1902290 136.4
1902300 136.4
1902310 136.4
1902320 136.4
1902330 136.4
1902340 136.4
1902350 136.4
1902360 136.4
1902370 136.4
1902380 136.6
1902390 136.6
1902400 136.5
1902410 136.5
1902420 136.5
1902430 136.4
1902440 136.4
1902450 136.4
1902460 136.4
