1900000 137.4
1900010 137.4
1900020 137.4
1900030 137.4
1900040 137.6
1900050 137.6
1900060 137.5
1900070 136.1
1900080 136.1
1900090 135.4
1900100 135.6
1900110 135.6
1900120 136.4
1900130 137.2
1900140 137.2
1900150 137.3
1900160 137.2
1900170 137.1
1900180 137.1
1900190 137.1
1900200 137.1
1900210 137.1
1900220 137.1
1900230 137.0
1900240 137.0
1900250 136.9
1900260 136.9
1900270 136.9
1900280 136.9
1900290 137.0
1900300 137.0
1900310 137.2
1900320 137.2
1900330 137.2
1900340 137.1
1900350 137.0
1900360 137.0
1900370 136.8
1900380 136.7
1900390 136.7
1900400 136.7
1900410 136.7
1900420 136.7
1900430 136.7
1900440 136.6
1900450 136.6
1900460 136.5
1900470 136.4
1900480 136.4
1900490 136.3
1900500 136.2
1900510 136.2
1900520 136.2
1900530 136.3
1900540 136.3
1900550 136.4
1900560 136.6
1900570 136.6
1900580 136.8
1900590 136.8
1900600 136.8
1900610 136.9
1900620 136.9
1900630 136.9
1900640 136.9
1900650 136.9
1900660 136.9
1900670 136.9
1900680 136.8
1900690 136.8
1900700 136.8
1900710 136.7
1900720 136.7
1900730 136.6
1900740 136.6
1900750 136.6
1900760 136.6
1900770 136.5
1900780 136.5
1900790 136.5
1900800 136.6
1900810 136.6
1900820 136.6
1900830 136.5
1900840 136.5
1900850 136.5
1900860 136.5
1900870 136.5
1900880 136.5
1900890 136.5
1900900 136.5
1900910 136.5
1900920 136.5
1900930 136.2
1900940 136.3
1900950 136.5
1900960 136.5
1900970 136.7
1900980 136.9
1900990 136.9
1901000 136.6
1901010 136.5
1901020 136.5
1901030 136.5
1901040 136.5
1901050 136.5
1901060 136.7
1901070 136.7
1901080 136.7
1901090 136.8
1901100 136.8
1901110 136.8
1901120 136.8
1901130 136.9
1901140 136.9
1901150 136.9
1901160 137.0
1901170 137.0
1901180 137.0
1901190 137.1
1901200 137.1
1901210 137.1
1901220 137.0
1901230 137.0
1901240 136.9
1901250 136.8
1901260 136.8
1901270 136.7
1901280 136.6
1901290 136.6
1901300 136.6
1901310 136.8
1901320 136.8
1901330 138.6
1901340 140.8
1901350 140.8
1901360 139.6
1901370 137.3
1901380 137.3
1901390 137.1
1901400 137.4
1901410 137.4
1901420 137.4
1901430 137.2
1901440 137.2
1901450 137.0
1901460 136.9
1901470 136.9
1901480 136.9
1901490 136.8
1901500 136.8
1901510 136.8
1901520 136.8
1901530 136.8
1901540 136.7
1901550 136.8
1901560 136.8
1901570 136.7
1901580 136.5
1901590 136.5
1901600 136.4
1901610 136.4
1901620 136.4
1901630 136.5
1901640 136.5
1901650 136.5
1901660 136.4
1901670 136.4
1901680 136.4
1901690 136.4
1901700 136.4
1901710 136.4
1901720 136.4
1901730 136.4
1901740 136.4
1901750 136.4
1901760 136.5
1901770 136.5
1901780 136.6
1901790 136.5
1901800 136.5
1901810 136.5
1901820 136.6
1901830 136.6
1901840 136.8
1901850 136.7
1901860 136.6
1901870 136.5
1901880 136.5
1901890 136.5
1901900 136.5
1901910 136.5
1901920 136.5
1901930 136.6
1901940 136.6
1901950 136.6
1901960 136.6
1901970 136.8
1901980 136.8
1901990 136.9
1902000 137.0
1902010 137.0
1902020 137.0
1902030 136.9
1902040 136.9
1902050 136.9
1902060 136.8
1902070 136.8
1902080 136.6
1902090 136.6
1902100 136.6
1902110 136.5
1902120 136.5
1902130 136.5
1902140 136.6
1902150 136.6
1902160 136.6
1902170 136.7
1902180 136.5
1902190 136.5
1902200 136.6
1902210 136.6
1902220 136.6
1902230 136.5
1902240 136.5
1902250 136.5
1902260 136.7
1902270 137.7
1902280 137.7
1902290 140.2
1902300 141.7
1902310 141.7
1902320 143.4
1902330 143.8
1902340 143.8
1902350 144.0
1902360 143.8
1902370 143.8
1902380 141.7
1902390 139.0
1902400 139.0
1902410 137.8
1902420 136.8
1902430 136.8
1902440 136.7
1902450 136.6
1902460 136.6
1902470 136.5
1902480 136.2
1902490 136.2
