1900000 136.8
1900010 137.6
1900020 137.6
1900030 137.7
1900040 137.6
1900050 137.6
1900060 137.5
1900070 137.4
1900080 137.4
1900090 137.3
1900100 137.2
1900110 137.2
1900120 137.1
1900130 137.1
1900140 137.1
1900150 137.0
1900160 137.0
1900170 137.0
1900180 136.9
1900190 136.9
1900200 136.9
1900210 136.9
1900220 136.8
1900230 136.8
1900240 136.8
1900250 136.8
1900260 136.8
1900270 136.8
1900280 136.7
1900290 136.7
1900300 136.8
1900310 136.8
1900320 136.8
1900330 136.8
1900340 136.7
1900350 136.7
1900360 136.6
1900370 136.6
1900380 136.6
1900390 136.6
1900400 136.6
1900410 136.6
1900420 136.6
1900430 136.6
1900440 136.6
1900450 136.5
1900460 136.4
1900470 136.4
1900480 136.4
1900490 136.4
1900500 136.4
1900510 136.3
1900520 136.2
1900530 136.2
1900540 136.3
1900550 136.4
1900560 136.4
1900570 136.4
1900580 136.4
1900590 136.4
1900600 136.4
1900610 136.3
1900620 136.3
1900630 136.3
1900640 136.3
1900650 136.3
1900660 136.3
1900670 136.3
1900680 136.3
1900690 136.3
1900700 136.2
1900710 136.2
1900720 136.2
1900730 136.3
1900740 136.3
1900750 136.3
1900760 136.3
1900770 136.3
1900780 136.4
1900790 136.4
1900800 136.4
1900810 136.4
1900820 136.4
1900830 136.4
1900840 136.4
1900850 136.4
1900860 136.4
1900870 136.3
1900880 136.4
1900890 136.4
1900900 136.8
1900910 136.7
1900920 136.7
1900930 136.5
1900940 136.4
1900950 136.4
1900960 136.3
1900970 136.2
1900980 136.2
1900990 136.2
1901000 136.2
1901010 136.2
1901020 136.2
1901030 136.1
1901040 136.1
1901050 136.1
1901060 136.1
1901070 136.1
1901080 136.2
1901090 136.2
1901100 136.2
1901110 136.2
1901120 136.2
1901130 136.2
1901140 136.3
1901150 136.3
1901160 136.3
1901170 136.3
1901180 136.2
1901190 136.2
1901200 136.0
1901210 136.2
1901220 136.2
1901230 137.2
1901240 137.7
1901250 137.8
1901260 137.8
1901270 137.4
1901280 137.4
1901290 136.2
1901300 136.1
1901310 136.1
1901320 136.0
1901330 136.0
1901340 136.0
1901350 136.2
1901360 136.6
1901370 136.6
1901380 136.8
1901390 136.8
1901400 136.8
1901410 136.8
1901420 136.7
1901430 136.7
1901440 136.7
1901450 136.6
1901460 136.5
1901470 136.5
1901480 136.6
1901490 136.4
1901500 136.4
1901510 136.3
1901520 136.6
1901530 136.6
1901540 136.6
1901550 136.7
1901560 137.0
1901570 137.0
1901580 137.0
1901590 137.0
1901600 136.9
1901610 136.8
1901620 136.8
1901630 136.8
1901640 136.7
1901650 136.7
1901660 136.6
1901670 136.5
1901680 136.5
1901690 136.4
1901700 136.4
1901710 136.4
1901720 136.3
1901730 136.3
1901740 136.3
1901750 136.2
1901760 136.1
1901770 136.1
1901780 136.1
1901790 136.2
1901800 136.2
1901810 136.3
1901820 136.3
1901830 136.3
1901840 136.4
1901850 136.4
1901860 136.4
1901870 136.5
1901880 136.5
1901890 136.5
1901900 136.5
1901910 136.6
1901920 136.6
1901930 136.6
1901940 136.6
1901950 136.6
1901960 136.6
1901970 136.7
1901980 136.7
1901990 136.8
1902000 136.9
1902010 136.9
1902020 136.9
1902030 136.9
1902040 136.9
1902050 136.8
1902060 136.7
1902070 136.7
1902080 136.6
1902090 136.5
1902100 136.5
1902110 136.5
1902120 136.4
1902130 136.4
1902140 136.3
1902150 136.2
1902160 136.2
1902170 136.3
1902180 136.3
1902190 136.3
1902200 136.2
1902210 136.1
1902220 136.1
1902230 136.1
1902240 136.0
1902250 136.0
1902260 135.9
1902270 136.1
1902280 136.1
1902290 136.1
1902300 136.1
1902310 136.1
1902320 136.3
1902330 136.4
1902340 136.4
1902350 136.5
1902360 136.4
1902370 136.4
1902380 136.5
1902390 136.5
1902400 136.5
1902410 136.5
