1900000 137.3
1900010 137.2
1900020 137.1
1900030 137.1
1900040 137.0
1900050 137.0
1900060 137.0
1900070 136.9
1900080 136.9
1900090 136.9
1900100 136.8
1900110 136.8
1900120 136.8
1900130 136.7
1900140 136.7
1900150 136.6
1900160 136.6
1900170 136.6
1900180 136.6
1900190 136.6
1900200 136.6
1900210 136.6
1900220 136.6
1900230 136.5
1900240 136.5
1900250 136.5
1900260 136.5
1900270 136.5
1900280 136.5
1900290 136.4
1900300 136.5
1900310 136.5
1900320 136.5
1900330 136.5
1900340 136.5
1900350 136.5
1900360 136.5
1900370 136.5
1900380 136.5
1900390 136.4
1900400 136.4
1900410 136.4
1900420 136.4
1900430 136.4
1900440 136.4
1900450 136.4
1900460 136.4
1900470 136.3
1900480 136.3
1900490 136.3
1900500 136.2
1900510 136.2
1900520 136.2
1900530 136.2
1900540 136.2
1900550 136.2
1900560 136.3
1900570 136.3
1900580 136.3
1900590 136.3
1900600 136.4
1900610 136.4
1900620 136.4
1900630 136.5
1900640 136.5
1900650 136.5
1900660 136.5
1900670 136.5
1900680 136.5
1900690 136.6
1900700 136.6
1900710 136.6
1900720 136.5
1900730 136.5
1900740 136.5
1900750 136.5
1900760 136.5
1900770 136.5
1900780 136.4
1900790 136.4
1900800 136.4
1900810 136.3
1900820 136.3
1900830 136.3
1900840 136.3
1900850 136.3
1900860 136.3
1900870 136.2
1900880 136.2
1900890 136.2
1900900 136.3
1900910 136.3
1900920 136.3
1900930 136.4
1900940 136.4
1900950 136.7
1900960 137.1
1900970 137.1
1900980 136.8
1900990 136.6
1901000 136.6
1901010 136.8
1901020 136.9
1901030 136.9
1901040 136.7
1901050 136.7
1901060 136.7
1901070 136.7
1901080 136.9
1901090 136.9
1901100 136.9
1901110 136.9
1901120 136.9
1901130 136.7
1901140 136.9
1901150 136.9
1901160 137.9
1901170 138.1
1901180 138.1
1901190 138.2
1901200 138.1
1901210 138.1
1901220 137.0
1901230 136.3
1901240 136.3
1901250 136.3
1901260 136.3
1901270 136.3
1901280 136.4
1901290 136.5
1901300 136.5
1901310 136.3
1901320 136.3
1901330 136.3
1901340 136.5
1901350 136.3
1901360 136.4
1901370 136.8
1901380 136.6
1901390 136.6
1901400 136.6
1901410 136.5
1901420 136.5
1901430 136.3
1901440 136.3
1901450 136.3
1901460 136.4
1901470 136.4
1901480 136.4
1901490 136.5
1901500 136.4
1901510 136.4
1901520 136.3
1901530 136.3
1901540 136.3
1901550 136.0
1901560 136.1
1901570 136.1
1901580 136.4
1901590 136.5
1901600 136.5
1901610 136.5
1901620 136.4
1901630 136.4
1901640 136.3
1901650 136.3
1901660 136.3
1901670 136.3
1901680 136.4
1901690 136.4
1901700 136.4
1901710 136.3
1901720 136.3
1901730 136.4
1901740 136.4
1901750 136.4
1901760 136.4
1901770 136.3
1901780 136.3
1901790 136.3
1901800 136.6
1901810 136.6
1901820 136.8
1901830 136.9
1901840 136.9
1901850 136.4
1901860 136.4
1901870 136.4
1901880 136.4
1901890 136.4
1901900 136.4
1901910 136.5
1901920 136.5
1901930 136.5
1901940 136.5
1901950 136.5
1901960 136.5
1901970 136.5
1901980 136.6
1901990 136.6
1902000 136.6
