1900000 137.3
1900010 137.3
1900020 136.2
1900030 137.2
1900040 137.2
1900050 137.5
1900060 137.4
1900070 137.4
1900080 137.4
1900090 137.4
1900100 137.4
1900110 137.4
1900120 137.4
1900130 137.4
1900140 137.3
1900150 137.3
1900160 137.3
1900170 137.2
1900180 137.2
1900190 137.2
1900200 137.2
1900210 137.2
1900220 137.2
1900230 137.1
1900240 137.1
1900250 137.1
1900260 137.0
1900270 137.0
1900280 137.0
1900290 137.0
1900300 137.0
1900310 137.0
1900320 137.0
1900330 137.0
1900340 137.0
1900350 137.0
1900360 137.0
1900370 137.0
1900380 136.9
1900390 136.8
1900400 136.8
1900410 136.4
1900420 136.3
1900430 136.3
1900440 136.3
1900450 136.2
1900460 136.2
1900470 136.2
1900480 136.3
1900490 136.3
1900500 136.3
1900510 136.4
1900520 136.4
1900530 136.5
1900540 136.5
1900550 136.5
1900560 136.4
1900570 136.4
1900580 136.4
1900590 136.5
1900600 136.5
1900610 136.5
1900620 136.6
1900630 136.6
1900640 136.6
1900650 136.6
1900660 136.6
1900670 136.6
1900680 136.7
1900690 136.7
1900700 136.7
1900710 136.6
1900720 136.6
1900730 136.7
1900740 136.7
1900750 136.6
1900760 136.6
1900770 136.6
1900780 136.5
1900790 136.5
1900800 136.4
1900810 136.4
1900820 136.4
1900830 136.4
1900840 136.4
1900850 136.4
1900860 136.3
1900870 136.4
1900880 136.4
1900890 136.6
1900900 136.6
1900910 136.6
1900920 136.5
1900930 136.5
1900940 136.5
1900950 136.4
1900960 136.4
1900970 136.4
1900980 136.4
1900990 136.4
1901000 136.4
1901010 136.4
1901020 136.3
1901030 136.3
1901040 136.3
1901050 136.3
1901060 136.3
1901070 136.3
1901080 136.2
1901090 136.2
1901100 136.1
1901110 136.0
1901120 136.0
1901130 136.0
1901140 135.9
1901150 135.9
1901160 135.8
1901170 135.8
1901180 135.8
1901190 135.8
1901200 135.7
1901210 135.7
1901220 135.7
1901230 135.8
1901240 135.8
1901250 135.9
1901260 136.0
1901270 136.0
1901280 136.1
1901290 136.6
1901300 136.6
1901310 137.4
1901320 137.5
1901330 137.5
1901340 137.5
1901350 136.6
1901360 136.6
1901370 136.4
1901380 136.5
1901390 136.5
1901400 136.5
1901410 136.5
1901420 136.5
1901430 136.5
1901440 136.5
1901450 136.5
1901460 136.5
1901470 136.5
1901480 136.5
1901490 136.6
1901500 136.6
1901510 136.6
1901520 136.6
1901530 136.7
1901540 136.7
1901550 136.7
1901560 136.7
1901570 136.7
1901580 136.6
1901590 136.6
1901600 136.6
1901610 136.4
1901620 136.5
1901630 136.5
1901640 136.5
1901650 136.4
1901660 136.2
1901670 136.2
1901680 136.5
1901690 136.5
1901700 136.7
1901710 136.9
1901720 136.9
1901730 137.0
1901740 136.8
1901750 136.8
1901760 136.8
1901770 136.9
1901780 136.9
1901790 136.9
1901800 137.0
1901810 137.0
1901820 137.2
1901830 137.3
1901840 137.3
1901850 137.4
1901860 137.3
1901870 137.3
1901880 137.2
1901890 136.9
1901900 136.9
1901910 136.7
1901920 136.5
1901930 136.5
1901940 136.5
1901950 136.4
1901960 136.4
1901970 136.5
1901980 136.4
1901990 136.4
1902000 136.3
1902010 136.5
1902020 136.5
1902030 136.7
1902040 136.8
1902050 136.8
1902060 136.7
1902070 136.7
1902080 136.7
1902090 136.8
1902100 136.8
1902110 136.8
1902120 136.6
1902130 136.4
1902140 136.4
1902150 136.6
1902300 136.4
1902310 136.4
1902320 136.4
1902330 136.4
1902340 136.3
1902350 136.3
1902360 136.3
1902370 136.2
1902380 136.2
1902390 136.1
1902400 136.6
1902410 136.6
1902420 136.6
1902430 136.5
1902440 136.4
1902450 136.4
1902460 136.5
