1900000 137.1
1900110 136.8
1900120 136.8
1900130 136.8
1900140 136.8
1900150 136.8
1900160 136.7
1900170 136.7
1900180 136.7
1900190 136.7
1900200 136.7
1900210 136.7
1900220 136.6
1900230 136.5
1900240 136.5
1900250 136.5
1900260 136.4
1900270 136.4
1900280 136.4
1900290 136.5
1900300 136.5
1900310 136.5
1900530 136.6
1900540 136.6
1900550 136.6
1900560 136.6
1900570 136.6
1900580 136.6
1900590 136.6
1900600 136.6
1900610 136.6
1900620 136.6
1900850 137.3
1900860 137.2
1900870 137.2
1900880 137.0
1900890 137.0
1900900 137.0
1900910 137.1
1900920 137.0
1900930 137.0
