1900000 137.8
1900010 136.1
1900020 136.1
1900030 135.4
1900040 137.0
1900050 137.0
1900060 137.4
1900070 137.4
1900080 137.4
1900090 137.3
1900100 137.2
1900110 137.2
1900120 137.1
1900130 137.0
1900140 137.0
1900150 137.0
1900160 136.9
1900170 136.9
1900180 136.8
1900190 136.8
1900200 136.8
1900210 136.8
1900220 136.9
1900230 136.9
1900240 137.1
1900250 137.3
1900260 137.3
1900270 137.3
1900280 137.2
1900290 137.2
1900300 137.1
1900310 137.0
1900320 137.0
1900330 136.9
1900340 136.9
1900350 136.9
1900360 136.8
1900370 136.7
1900380 136.7
1900390 136.6
1900400 136.6
1900410 136.6
1900420 136.6
1900430 136.6
1900440 136.6
1900450 136.8
1900460 136.9
1900470 136.9
1900480 136.9
1900490 136.9
1900500 136.9
1900510 136.9
1900520 136.9
1900530 136.9
1900540 136.9
1900550 136.9
1900560 136.9
1900570 136.9
1900580 136.8
1900590 136.8
1900600 136.8
1900610 136.8
1900620 136.7
1900630 136.6
1900640 136.5
1900650 136.5
1900660 136.5
1900670 136.4
1900680 136.4
1900690 136.3
1900700 136.3
1900710 136.3
1900720 136.2
1900730 136.1
1900740 136.1
1900750 135.9
1900760 135.8
1900770 135.8
1900780 135.7
1900790 135.7
1900800 135.7
1900810 135.7
1900820 135.6
1900830 135.6
1900840 135.6
1900850 135.6
1900860 135.6
1900870 135.6
1900880 135.6
1900890 135.6
1900900 135.6
1900910 135.6
1900920 135.6
1900930 136.2
1900940 136.8
1900950 136.8
1900960 136.7
1900970 136.3
1900980 136.3
1900990 136.1
1901000 136.1
1901010 136.1
1901020 136.1
1901030 136.1
1901040 136.1
1901050 136.1
1901060 136.0
1901070 136.0
1901080 136.1
1901090 136.2
1901100 136.2
1901110 136.3
1901120 136.3
1901130 136.3
1901140 136.4
1901150 136.4
1901160 136.4
1901170 136.5
1901180 136.6
1901190 136.6
1901200 136.7
1901210 136.8
1901220 136.8
1901230 136.9
1901240 136.8
1901250 136.8
1901260 136.9
1901270 137.0
1901280 137.0
1901290 136.9
1901300 136.8
1901310 136.8
1901320 136.6
1901330 136.5
1901340 136.5
1901350 136.7
1901360 137.3
1901370 137.3
1901380 137.5
1901390 137.4
1901400 137.4
1901410 137.1
1901420 136.9
1901430 136.9
1901440 137.2
1901450 138.9
1901460 138.9
1901470 142.3
1901480 143.1
1901490 143.1
1901500 142.8
1901510 141.6
1901520 141.6
1901530 138.6
1901540 137.2
1901550 140.0
1901560 137.7
1901570 137.0
1901580 137.0
1901590 136.9
1901600 136.9
1901610 136.9
1901620 136.9
1901630 136.9
1901640 136.9
1901650 136.9
1901660 136.9
1901670 136.9
1901680 136.9
1901690 136.9
1901700 136.9
1901710 137.0
1901720 137.0
1901730 137.1
1901740 137.1
1901750 137.0
1901760 137.0
1901770 137.0
1901780 136.9
1901790 136.7
1901800 136.7
1901810 136.5
1901820 136.4
1901830 136.4
1901840 136.5
1901850 136.5
1901860 136.5
1901870 136.5
1901880 136.5
1901890 136.5
1901900 136.4
1901910 136.3
1901920 136.3
1901930 136.2
1901940 136.4
1901950 136.4
1901960 136.4
1901970 136.5
1901980 136.5
1901990 136.6
1902000 136.7
1902010 136.7
1902020 136.6
1902030 136.5
1902040 136.5
1902050 136.5
1902060 136.5
1902070 136.5
1902080 136.5
1902090 136.4
1902100 136.4
1902110 136.5
1902120 136.5
1902130 136.5
1902140 136.5
1902150 136.7
1902160 136.7
1902170 140.3
1902180 140.8
1902190 140.8
1902200 140.4
1902210 139.9
1902220 139.9
1902230 138.7
1902240 137.4
1902250 137.4
1902260 136.8
1902270 136.6
1902280 136.6
1902290 136.6
1902300 136.6
1902310 136.6
1902320 136.6
1902330 136.6
1902340 136.6
1902350 136.5
1902360 136.5
1902370 136.5
1902380 136.5
1902390 136.5
1902400 136.5
1902410 136.5
1902420 136.5
1902430 136.5
1902440 136.5
1902450 136.6
1902460 136.6
1902470 136.5
1902480 136.4
1902490 136.4
