1900000 136.9
1900010 137.0
1900020 137.0
1900030 137.1
1900040 137.1
1900050 137.1
1900060 137.1
1900070 137.1
1900080 137.1
1900090 137.1
1900100 137.1
1900110 137.3
1900120 137.3
1900130 137.3
1900140 137.3
1900150 137.4
1900160 137.4
1900170 137.4
1900180 137.4
1900190 137.4
1900200 137.4
1900210 137.4
1900220 137.4
1900230 137.5
1900240 137.4
1900250 137.4
1900260 136.4
1900270 135.6
1900280 135.6
1900290 135.5
1900300 136.5
1900310 136.5
1900320 137.1
1900330 137.2
1900340 137.2
1900350 137.2
1900360 137.1
1900370 137.1
1900380 136.9
1900390 136.9
1900400 136.9
1900410 137.2
1900420 137.2
1900430 137.2
1900440 137.3
1900450 137.2
1900460 137.2
1900470 137.1
1900480 137.1
1900490 137.1
1900500 137.0
1900510 137.0
1900520 137.0
1900530 137.0
1900540 137.0
1900550 137.0
1900560 136.9
1900570 136.9
1900580 136.9
1900590 136.9
1900600 136.9
1900610 136.9
1900620 136.9
1900630 136.9
1900640 136.9
1900650 136.8
1900660 136.9
1900670 136.9
1900680 136.9
1900690 136.9
1900700 136.9
1900710 137.0
1900720 137.0
1900730 137.0
1900740 137.0
1900750 137.1
1900760 137.1
1900770 137.1
1900780 137.1
1900790 137.1
1900800 137.1
1900810 137.1
1900820 137.1
1900830 137.1
1900840 137.1
1900850 137.1
1900860 137.0
1900870 137.0
1900880 137.0
1900890 137.0
1900900 137.1
1900910 137.1
1900920 137.1
1900930 137.1
1900940 137.1
1900950 137.1
1900960 137.1
1900970 137.1
1900980 137.1
1900990 137.1
1901000 137.1
1901010 137.0
1901020 137.0
1901030 137.0
1901040 137.1
1901050 137.1
1901060 137.1
1901070 137.1
1901080 136.9
1901090 136.9
1901100 136.9
1901110 137.0
1901120 137.0
1901130 137.0
1901140 137.0
1901150 137.0
1901160 137.2
1901170 137.6
1901180 137.6
1901190 137.9
1901200 138.3
1901210 138.3
1901220 138.2
1901230 137.4
1901240 137.4
1901250 137.3
1901260 137.3
1901270 137.3
1901280 137.3
1901290 137.3
1901300 137.3
1901310 137.2
1901320 137.0
1901330 137.0
1901340 137.0
1901350 136.9
1901360 136.9
1901370 136.9
1901380 137.0
1901390 137.0
1901400 136.9
1901410 136.8
1901420 136.8
1901430 136.8
1901440 137.4
1901450 137.4
1901460 137.6
1901470 137.5
1901480 137.5
1901490 137.1
1901500 136.8
1901510 136.8
1901520 136.6
1901530 136.7
1901540 136.7
1901550 136.8
1901560 136.8
1901570 136.8
1901580 136.8
1901590 136.8
1901600 136.8
1901610 136.8
1901620 136.8
1901630 136.8
1901640 136.9
1901650 136.8
1901660 136.8
1901670 136.8
1901680 136.8
1901690 136.8
1901700 136.8
1901710 136.8
1901720 136.8
1901730 136.7
1901740 136.6
1901750 136.6
1901760 136.5
1901770 136.3
1901780 136.3
1901790 136.1
1901800 136.1
1901810 136.1
1901820 136.1
1901830 136.2
1901840 136.2
1901850 136.6
1901860 136.9
1901870 136.9
1901880 136.9
1901890 136.9
1901900 136.9
1901910 136.9
1901920 136.8
1901930 136.8
1901940 136.7
1901950 136.6
1901960 136.8
1901970 137.6
1901980 138.7
1901990 138.7
1902000 137.2
1902010 136.6
1902020 136.6
1902030 136.6
1902040 136.8
1902050 136.8
1902060 136.8
1902070 136.5
1902080 136.5
1902090 136.4
1902100 136.5
1902110 136.5
1902120 136.4
1902130 136.3
1902140 136.3
1902150 136.3
1902160 136.3
1902170 136.3
1902180 136.5
1902190 136.6
1902200 136.6
1902210 136.5
1902220 136.5
1902230 136.5
1902240 136.4
1902250 136.4
1902260 136.4
1902270 136.4
1902280 136.3
1902290 136.3
1902300 136.3
1902310 136.4
1902320 136.4
1902330 136.3
1902340 136.3
1902350 136.3
1902360 136.2
1902370 136.3
1902380 136.3
1902390 136.3
1902400 136.4
1902410 136.4
1902420 136.4
1902430 136.4
1902440 136.4
1902450 136.4
1902460 136.5
1902470 136.5
1902480 136.6
1902490 136.7
1902500 136.7
