1900000 137.5
1900010 137.6
1900020 137.6
1900030 137.1
1900040 135.9
1900050 135.9
1900060 135.3
1900070 136.7
1900080 136.7
1900090 137.5
1900100 137.2
1900110 137.2
1900120 137.1
1900130 137.1
1900140 137.1
1900150 137.1
1900160 137.0
1900170 137.0
1900180 137.0
1900190 136.9
1900200 136.9
1900210 136.8
1900220 136.8
1900230 136.8
1900240 136.9
1900250 137.0
1900260 137.0
1900270 137.2
1900280 137.2
1900290 137.2
1900300 137.2
1900310 137.1
1900320 137.1
1900330 137.0
1900340 136.9
1900350 136.9
1900360 136.8
1900370 136.7
1900380 136.7
1900390 136.7
1900400 136.7
1900410 136.7
1900420 136.5
1900430 136.4
1900440 136.4
1900450 136.5
1900460 136.7
1900470 136.7
1900480 136.8
1900490 136.9
1900500 136.9
1900510 136.9
1900520 136.9
1900530 136.9
1900540 137.0
1900550 137.0
1900560 137.0
1900570 137.0
1900580 136.9
1900590 136.9
1900600 136.8
1900610 136.8
1900620 136.8
1900630 136.8
1900640 136.8
1900650 136.8
1900660 136.8
1900670 136.7
1900680 136.7
1900690 136.7
1900700 136.6
1900710 136.6
1900720 136.4
1900730 136.3
1900740 136.3
1900750 136.2
1900760 136.1
1900770 136.1
1900780 136.0
1900790 135.9
1900800 135.9
1900810 135.8
1900820 135.8
1900830 135.8
1900840 135.7
1900850 135.7
1900860 135.7
1900870 135.6
1900880 135.6
1900890 135.6
1900900 135.6
1900910 135.6
1900920 135.6
1900930 135.6
1900940 135.8
1900950 135.8
1900960 136.7
1900970 136.8
1900980 136.8
1900990 136.4
1901000 136.1
1901010 136.1
1901020 136.1
1901030 136.0
1901040 136.0
1901050 136.0
1901060 136.0
1901070 136.0
1901080 136.1
1901090 136.3
1901100 136.3
1901110 136.4
1901120 136.5
1901130 136.5
1901140 136.6
1901150 136.6
1901160 136.6
1901170 136.7
1901180 136.8
1901190 136.8
1901200 136.9
1901210 136.9
1901220 137.0
1901230 137.0
1901240 137.0
1901250 136.9
1901260 136.9
1901270 136.9
1901280 136.7
1901290 136.7
1901300 136.6
1901310 136.5
1901320 136.5
1901330 136.5
1901340 136.6
1901350 136.6
1901360 136.9
1901370 137.4
1901380 137.4
1901390 137.5
1901400 137.3
1901410 137.3
1901420 136.9
1901430 137.1
1901440 137.1
1901450 137.6
1901460 141.3
1901470 141.3
1901480 142.8
1901490 141.1
1901500 141.1
1901510 138.4
1901520 137.1
1901530 137.1
1901540 136.9
1901550 136.8
1901560 136.8
1901570 136.8
1901580 136.8
1901590 136.8
1901600 136.7
1901610 136.6
1901620 136.6
1901630 136.5
1901640 136.6
1901650 136.7
1901660 136.7
1901670 136.8
1901680 136.8
1901690 136.8
1901700 136.8
1901710 136.8
1901720 136.8
1901730 136.9
1901740 136.9
1901750 136.9
1901760 136.9
1901770 136.9
1901780 136.8
1901790 136.7
1901800 136.7
1901810 136.5
1901820 136.5
1901830 136.5
1901840 136.5
1901850 136.5
1901860 136.5
1901870 136.5
1901880 136.4
1901890 136.4
1901900 136.3
1901910 136.3
1901920 136.3
1901930 136.4
1901940 136.6
1901950 136.6
1901960 136.4
1901970 136.5
1901980 136.5
1901990 136.9
1902000 136.9
1902010 136.9
1902020 136.8
1902030 136.7
1902040 136.7
1902050 136.6
1902060 136.5
1902070 136.5
1902080 136.5
1902090 136.5
1902100 136.5
1902110 136.6
1902120 136.5
1902130 136.5
1902140 136.5
1902150 136.6
1902160 136.6
1902170 136.6
1902180 136.6
1902190 136.6
1902200 137.4
1902210 138.2
1902220 138.2
1902230 140.6
1902240 142.3
1902250 142.3
1902260 142.7
1902270 137.8
1902280 137.8
1902290 137.1
1902300 136.7
1902310 136.7
1902320 136.4
1902330 136.4
1902340 136.4
1902350 136.5
1902360 136.6
1902370 136.6
1902380 136.5
1902390 136.4
1902400 136.4
1902410 136.5
1902420 136.4
1902430 136.4
1902440 136.4
1902450 136.4
1902460 136.4
1902470 136.4
1902480 136.3
1902490 136.3
